Date,Open,High,Low,Close
1999-12-31,10.200133256509272,11.056632995605469,10.200133256509272,11.056632995605469
2000-01-03,11.212360220895688,11.212360220895688,10.667314932379925,11.056632995605469
2000-01-04,11.212361874787703,11.212361874787703,10.04440751283065,10.745180130004883
2000-01-05,10.764645448097816,11.134497642517092,10.764645448097816,11.13449764251709
2000-01-06,11.212361619279193,11.523816108703613,11.212361619279193,11.523816108703613
2000-01-07,11.445952486347508,11.60167973105972,11.445952486347508,11.523816108703613
2000-01-10,11.67954312095159,12.302452087402342,11.368088637726215,12.302452087402344
2000-01-11,11.83526743375338,12.458176246056189,11.445949426064123,12.146721839904785
2000-01-12,12.302451790153205,12.302451790153205,11.679542838753044,11.990997314453125
2000-01-13,12.068858238366932,12.302449042980486,12.068858238366932,12.146721839904785
2000-01-14,12.302449042980486,12.380312644518337,11.99099463682908,12.146721839904785
2000-01-18,11.601680755615234,11.679544384847553,11.523817126382918,11.601680755615234
2000-01-19,11.601680755615234,11.679544384847553,11.601680755615234,11.601680755615234
2000-01-20,11.679543353415825,11.718475164593878,11.445952486347508,11.523816108703613
2000-01-21,11.523815307617188,11.679542541503906,11.21236083984375,11.679542541503906
2000-01-24,11.523814837137857,11.523814837137857,11.212360382080078,11.212360382080078
2000-01-25,11.13449660825058,11.13449660825058,9.966542418573944,11.056632995605469
2000-01-26,10.277997016906738,11.212360382080078,10.277997016906738,11.212360382080078
2000-01-27,11.212361802149863,11.212361802149863,10.589452813141538,10.667316436767578
2000-01-28,10.745178545025034,11.212360220895688,10.745178545025034,11.056632995605469
2000-01-31,11.056632463623878,11.445950508117676,10.823041636927599,11.445950508117676
2000-02-01,11.056633154551188,11.212360382080078,11.056633154551188,11.212360382080078
2000-02-02,11.134497222900391,11.913133392333984,11.134497222900391,11.679542541503906
2000-02-03,11.523816108703613,11.835270598128036,11.05663437456698,11.523816108703613
2000-02-04,11.523814837137857,11.835269292195639,11.212360382080078,11.212360382080078
2000-02-07,11.212359681421397,11.679541334813955,11.212359681421397,11.445950508117676
2000-02-08,11.212362609453649,11.75740801407987,11.212362609453649,11.601680755615234
2000-02-09,11.329156265258788,11.679542541503906,11.329156265258788,11.679542541503906
2000-02-10,11.679544119999326,11.679544119999326,10.74518059039938,11.290225982666016
2000-02-11,11.212361262394833,11.5238157419058,11.134497642517092,11.13449764251709
2000-02-14,11.601677639843665,11.601677639843665,10.978768773274878,11.368086814880371
2000-02-15,10.978768773274878,11.36808681488037,10.978768773274878,11.368086814880371
2000-02-16,11.368088073730469,11.679542541503906,11.368088073730469,11.679542541503906
2000-02-17,11.212359598238173,11.679541248164764,11.212359598238173,11.368086814880371
2000-02-18,11.368087609608969,11.523814837137857,11.212360382080078,11.212360382080078
2000-02-22,11.212361619279193,11.679543353415825,11.212361619279193,11.523816108703613
2000-02-23,11.523814031522567,11.523814031522567,11.212359598238173,11.368086814880371
2000-02-24,11.212360382080078,11.212360382080078,11.056633154551188,11.212360382080078
2000-02-25,11.212360382080078,11.212360382080078,11.212360382080078,11.212360382080078
2000-02-28,11.056634022639349,11.368088502150316,10.900906782883865,11.13449764251709
2000-02-29,10.90090712985477,11.523816108703613,10.90090712985477,11.523816108703613
2000-03-01,10.900907378265822,11.445952747179113,10.277998385222062,10.745180130004883
2000-03-02,10.277997016906738,11.290223995844523,10.277997016906738,10.277997016906738
2000-03-03,10.589451471964518,10.589451471964518,10.200133403142294,10.277997016906738
2000-03-06,10.589451471964518,10.589451471964518,9.966542561848959,10.277997016906738
2000-03-07,10.511589673849251,10.511589673849251,9.810817028925968,10.122271537780762
2000-03-08,10.1222675293684,10.1222675293684,9.966540336608887,9.966540336608887
2000-03-09,9.888679273666876,10.044406506323046,9.655088424682617,9.655088424682617
2000-03-10,9.343632289341517,9.966541108630953,8.409269060407366,9.810813903808594
2000-03-13,9.88867674022913,9.966540336608887,9.655085951089859,9.966540336608887
2000-03-14,9.810813143849373,9.966540336608887,9.694017749279737,9.966540336608887
2000-03-15,9.888677597045898,9.888677597045898,9.810813993919552,9.888677597045898
2000-03-16,9.966542561848959,10.433724244435629,9.888678948084513,10.277997016906738
2000-03-17,10.04440689086914,10.27799774879633,10.04440689086914,10.04440689086914
2000-03-20,9.966540336608887,10.1222675293684,9.655085951089859,9.966540336608887
2000-03-21,9.655085662841795,9.9665400390625,9.18790409851074,9.732949256896973
2000-03-22,9.57722282409668,9.655086424292588,9.57722282409668,9.57722282409668
2000-03-23,9.810815618105746,9.810815618105746,9.57722477005561,9.616156578063965
2000-03-24,9.577224068019701,9.694019483483356,8.954315185546875,8.954315185546875
2000-03-27,8.954315348568127,9.265769795474844,8.798588125114767,9.110042572021484
2000-03-28,9.110044138772148,9.110044138772148,8.564998762948173,8.720726013183594
2000-03-29,9.187907763889859,9.187907763889859,8.720726013183594,8.720726013183594
2000-03-30,8.954315987308467,9.187906839151298,8.798588752746582,8.798588752746582
2000-03-31,9.655086747531234,9.655086747531234,8.954314322307193,9.032177925109863
2000-04-03,9.34363233632055,9.34363233632055,8.79858711670185,9.032177925109863
2000-04-04,8.720726013183594,8.876453263419016,8.642862388065884,8.720726013183594
2000-04-05,8.642861592142205,8.876452445983887,8.642861592142205,8.876452445983887
2000-04-06,9.03217960458941,9.03217960458941,8.642861518184695,8.798588752746582
2000-04-07,8.564998762948173,8.876453263419016,8.564998762948173,8.720726013183594
2000-04-10,8.876452214009054,8.876452214009054,8.642861366271973,8.642861366271973
2000-04-11,8.642861366271973,8.876452214009054,8.642861366271973,8.642861366271973
2000-04-12,8.56499728993473,9.187906183748165,8.56499728993473,9.110042572021484
2000-04-13,8.876453263419016,9.032180513654437,8.720726013183594,8.720726013183594
2000-04-14,8.564996631867295,8.642860237611544,8.487133026123047,8.487133026123047
2000-04-17,9.187907291059734,9.655089017723789,8.876452806617031,9.26577091217041
2000-04-18,9.655085951089859,10.1222675293684,9.265767969191074,9.966540336608887
2000-04-19,9.81081625994514,10.122270744387842,9.26577091217041,9.26577091217041
2000-04-20,9.265767969191074,10.1222675293684,9.265767969191074,9.966540336608887
2000-04-24,9.343634153667248,9.343634153667248,8.876452445983887,8.876452445983887
2000-04-25,9.032177925109863,9.032177925109863,9.032177925109863,9.032177925109863
2000-04-26,9.187905084519159,9.966541108630953,9.187905084519159,9.810813903808594
2000-04-27,8.87644998729229,10.044403932988644,8.87644998729229,9.966540336608887
2000-04-28,9.655088424682617,9.655088424682617,9.655088424682617,9.655088424682617
2000-05-01,9.343633651733398,9.343633651733398,9.343633651733398,9.343633651733398
2000-05-02,9.343633651733398,9.343633651733398,9.343633651733398,9.343633651733398
2000-05-03,9.343633651733398,9.343633651733398,9.343633651733398,9.343633651733398
2000-05-04,9.421497265497843,9.421497265497843,9.343633651733398,9.343633651733398
2000-05-05,9.032179196675619,9.343633651733398,8.876451969146729,9.343633651733398
2000-05-08,8.798589638301305,9.032180513654437,8.720726013183594,8.720726013183594
2000-05-09,8.798588752746582,8.798588752746582,8.798588752746582,8.798588752746582
2000-05-10,8.798589638301305,8.798589638301305,8.642862388065884,8.720726013183594
2000-05-11,8.720726013183594,8.720726013183594,8.720726013183594,8.720726013183594
2000-05-12,8.720725135465639,8.798588752746582,8.720725135465639,8.798588752746582
2000-05-15,9.032180513654437,9.032180513654437,8.720726013183594,8.720726013183594
2000-05-16,8.720723513899179,9.032177925109863,8.720723513899179,9.032177925109863
2000-05-17,9.499358758330345,9.966540336608887,9.343631565570831,9.966540336608887
2000-05-18,10.1222675293684,10.277994722127914,9.966540336608887,9.966540336608887
2000-05-19,10.1222675293684,10.200131125748158,9.966540336608887,9.966540336608887
2000-05-22,9.966542645919422,10.200133489183157,9.421497344970703,9.421497344970703
2000-05-23,9.343632289341517,9.966541108630953,9.343632289341517,9.810813903808594
2000-05-24,9.57722282409668,9.732950024488495,9.57722282409668,9.57722282409668
2000-05-25,9.655086424292588,9.655086424292588,9.57722282409668,9.57722282409668
2000-05-26,9.421495623704864,9.57722282409668,9.421495623704864,9.57722282409668
2000-05-30,9.655085951089859,10.433721914887428,9.655085951089859,9.966540336608887
2000-05-31,9.96654714336832,10.200138092041016,9.888683493810756,10.200138092041016
2000-06-01,10.433722723098029,10.433722723098029,9.655086698986235,9.810813903808594
2000-06-02,10.200134129487267,10.200134129487267,9.810816032941952,10.04440689086914
2000-06-05,9.577223184540516,9.966541200172244,9.577223184540516,9.888677597045898
2000-06-06,10.044404711042132,10.044404711042132,9.343632289341517,9.810813903808594
2000-06-07,9.810815498477123,9.810815498477123,9.499361038208008,9.499361038208008
2000-06-08,9.655088424682617,9.655088424682617,9.499361192026447,9.655088424682617
2000-06-09,9.966540336608887,9.966540336608887,9.499358758330345,9.966540336608887
2000-06-12,9.966541108630953,10.044404711042132,9.343632289341517,9.810813903808594
2000-06-13,9.966540336608887,9.966540336608887,9.88867674022913,9.966540336608887
2000-06-14,9.966540336608887,9.966540336608887,9.966540336608887,9.966540336608887
2000-06-15,9.888679273666876,9.888679273666876,8.876452261401761,9.655088424682617
2000-06-16,9.655085951089859,9.966540336608887,9.655085951089859,9.966540336608887
2000-06-19,9.966541108630953,9.966541108630953,9.810813903808594,9.810813903808594
2000-06-20,9.791349753256767,9.96654288999496,9.187906726714104,9.655088424682617
2000-06-21,9.655088106791178,9.810815334320068,8.954315582911173,9.343633651733398
2000-06-22,9.655085662841795,9.9665400390625,9.655085662841795,9.732949256896973
2000-06-23,9.810813143849373,9.966540336608887,9.810813143849373,9.966540336608887
2000-06-26,10.044403633117675,10.044403633117675,9.732949256896973,9.732949256896973
2000-06-27,9.655088106791178,9.655088106791178,9.343633651733398,9.343633651733398
2000-06-28,9.577224493026733,9.577224493026733,9.343633651733398,9.343633651733398
2000-06-29,9.265769795474844,9.265769795474844,9.110042572021484,9.110042572021484
2000-06-30,9.110042810440063,9.499360879262289,9.110042810440063,9.343633651733398
2000-07-03,9.577222354710102,9.966540336608887,9.577222354710102,9.966540336608887
2000-07-05,9.810813143849373,10.1222675293684,9.810813143849373,9.966540336608887
2000-07-06,9.810815334320068,9.810815334320068,9.343633651733398,9.343633651733398
2000-07-07,9.966542645919422,9.966542645919422,9.343633730549458,9.421497344970703
2000-07-10,9.34363380807345,9.499361038208008,9.34363380807345,9.499361038208008
2000-07-11,9.343633490093683,9.343633490093683,9.187906265258789,9.187906265258789
2000-07-12,9.110041527912536,9.34363233632055,9.032177925109863,9.032177925109863
2000-07-13,9.187905130715206,9.187905130715206,9.032177925109863,9.032177925109863
2000-07-14,9.032178960294805,9.110042572021484,8.720724513388088,9.110042572021484
2000-07-17,8.915383380392322,8.954315185546875,8.759656159774117,8.954315185546875
2000-07-18,8.75965669506886,9.499361038208008,8.720724887535221,9.499361038208008
2000-07-19,9.343633651733398,9.343633651733398,9.265770037968954,9.343633651733398
2000-07-20,9.343634153667248,9.343634153667248,8.720725210089432,8.876452445983887
2000-07-21,9.187906265258789,9.655087939763474,9.187906265258789,9.187906265258789
2000-07-24,9.187906839151298,9.265770456432241,8.798588752746582,8.798588752746582
2000-07-25,8.876452370027524,8.876452370027524,8.798588752746582,8.798588752746582
2000-07-26,8.642861518184695,8.876452370027524,8.642861518184695,8.798588752746582
2000-07-27,8.876452370027524,8.876452370027524,8.720725135465639,8.798588752746582
2000-07-28,8.720725135465639,8.798588752746582,8.720725135465639,8.798588752746582
2000-07-31,8.798590630425348,8.876454264322916,8.720726996527778,8.759658813476562
2000-08-01,8.720725135465639,8.798588752746582,8.720725135465639,8.798588752746582
2000-08-02,8.75965694410611,8.798588752746582,8.642861518184695,8.798588752746582
2000-08-03,8.83752145086016,8.83752145086016,8.720726013183594,8.720726013183594
2000-08-04,8.720725135465639,8.798588752746582,8.720725135465639,8.798588752746582
2000-08-07,8.798588752746582,8.798588752746582,8.720725135465639,8.798588752746582
2000-08-08,8.720726013183594,8.954316888536725,8.720726013183594,8.720726013183594
2000-08-09,9.265770535720021,9.265770535720021,8.876452445983887,8.876452445983887
2000-08-10,8.876451575237772,9.11004240616508,8.876451575237772,8.954315185546875
2000-08-11,9.032177925109863,9.032177925109863,9.032177925109863,9.032177925109863
2000-08-14,8.876451575237772,8.954315185546875,8.876451575237772,8.954315185546875
2000-08-15,8.876451575237772,9.032178795855978,8.876451575237772,8.954315185546875
2000-08-16,9.032177925109863,9.032177925109863,8.876450719504522,9.032177925109863
2000-08-17,9.11004077643156,9.966540336608887,8.954313583672047,9.966540336608887
2000-08-18,9.966540336608887,10.1222675293684,9.966540336608887,9.966540336608887
2000-08-21,10.277997325448428,10.589451789855955,9.9665428610409,10.589451789855957
2000-08-22,10.667314273207936,10.667314273207936,10.122269018372492,10.433723449707031
2000-08-23,10.044406175613403,10.277997016906738,10.044406175613403,10.277997016906738
2000-08-24,10.511585511267185,10.511585511267185,9.966540336608887,9.966540336608887
2000-08-25,9.966542561848959,10.277997016906738,9.966542561848959,10.277997016906738
2000-08-28,10.005473136901855,10.005473136901855,10.005473136901855,10.005473136901855
2000-08-29,10.433723576394394,10.667314402731582,10.277996358836269,10.550518989562988
2000-08-30,10.589449107646942,10.589449107646942,9.966540336608887,9.966540336608887
2000-08-31,10.044406477142783,10.589451789855955,9.9665428610409,10.589451789855957
2000-09-01,10.433723449707031,10.511587057540666,10.433723449707031,10.433723449707031
2000-09-05,10.5894506653743,10.628382469291118,10.433723449707031,10.433723449707031
2000-09-06,10.472656365703132,10.589451789855955,10.472656365703132,10.589451789855957
2000-09-07,10.472657860242403,10.472657860242403,10.122271537780762,10.122271537780762
2000-09-08,10.122268543169193,10.122268543169193,10.005473136901855,10.005473136901855
2000-09-11,10.39479124960292,10.433723052035889,10.08333683013916,10.08333683013916
2000-09-12,10.394794233028705,10.394794233028705,10.005476096960214,10.122271537780762
2000-09-13,10.122267479990041,10.122267479990041,9.927608489990234,9.927608489990234
2000-09-14,9.888680656139666,10.122271537780762,9.888680656139666,10.122271537780762
2000-09-15,9.966543271560077,10.04440689086914,9.966543271560077,10.04440689086914
2000-09-18,9.966541334812744,10.277995751525642,9.966541334812744,10.005473136901855
2000-09-19,9.966540336608887,10.044403932988644,9.966540336608887,9.966540336608887
2000-09-20,9.966541108630953,9.966541108630953,9.810813903808594,9.810813903808594
2000-09-21,9.81081565733879,9.81081565733879,9.343633959370276,9.655088424682617
2000-09-22,9.343633651733398,9.810815334320068,9.343633651733398,9.343633651733398
2000-09-25,9.499361038208008,9.499361038208008,9.499361038208008,9.499361038208008
2000-09-26,9.499359494163876,9.810813903808594,9.499359494163876,9.810813903808594
2000-09-27,9.655085951089859,9.966540336608887,9.655085951089859,9.966540336608887
2000-09-28,9.655085951089859,10.277994722127914,9.655085951089859,9.966540336608887
2000-09-29,10.277996358836269,10.589450793952519,10.277996358836269,10.550518989562988
2000-10-02,10.044407910567063,10.122271537780762,10.005476096960214,10.122271537780762
2000-10-03,10.044407910567063,10.122271537780762,10.044407910567063,10.122271537780762
2000-10-04,10.044407910567063,10.122271537780762,10.044407910567063,10.122271537780762
2000-10-05,10.122268543169193,10.122268543169193,9.966541334812744,10.005473136901855
2000-10-06,9.966540336608887,10.044403932988644,9.966540336608887,9.966540336608887
2000-10-09,9.966540336608887,10.005472134798765,9.966540336608887,9.966540336608887
2000-10-10,9.966541108630953,10.20013191586449,9.810813903808594,9.810813903808594
2000-10-11,9.88867674022913,10.005472134798765,9.88867674022913,9.966540336608887
2000-10-12,9.966540336608887,10.044403932988644,9.966540336608887,9.966540336608887
2000-10-13,9.888677597045898,9.966541200172244,9.888677597045898,9.888677597045898
2000-10-16,9.888677597045898,9.888677597045898,9.888677597045898,9.888677597045898
2000-10-17,9.966540336608887,9.966540336608887,9.88867674022913,9.966540336608887
2000-10-18,9.88867674022913,10.044403932988644,9.88867674022913,9.966540336608887
2000-10-19,9.888677597045898,9.888677597045898,9.888677597045898,9.888677597045898
2000-10-20,9.888677597045898,9.888677597045898,9.888677597045898,9.888677597045898
2000-10-23,9.888677597045898,10.04440480329859,9.888677597045898,9.888677597045898
2000-10-24,9.88867674022913,9.966540336608887,9.88867674022913,9.966540336608887
2000-10-25,10.04440480329859,10.04440480329859,9.888677597045898,9.888677597045898
2000-10-26,9.966541200172244,9.966541200172244,9.888677597045898,9.888677597045898
2000-10-27,9.88867674022913,10.044403932988644,9.88867674022913,9.966540336608887
2000-10-30,9.966540336608887,10.044403932988644,9.966540336608887,9.966540336608887
2000-10-31,9.927608538419008,10.044403932988644,9.88867674022913,9.966540336608887
2000-11-01,10.005473136901855,10.044404938990969,9.927609532723631,10.005473136901855
2000-11-02,10.12226872060491,10.161200523376467,9.96654150951868,10.161200523376465
2000-11-03,9.966540336608887,9.966540336608887,9.966540336608887,9.966540336608887
2000-11-06,9.966541334812744,10.005473136901855,9.966541334812744,10.005473136901855
2000-11-07,10.005472134798765,10.005472134798765,9.966540336608887,9.966540336608887
2000-11-08,9.966540336608887,9.966540336608887,9.927608538419008,9.966540336608887
2000-11-09,9.966543271560077,10.04440689086914,9.966543271560077,10.04440689086914
2000-11-10,9.966540336608887,9.966540336608887,9.966540336608887,9.966540336608887
2000-11-13,9.966540287990195,9.966540287990195,9.927608489990234,9.927608489990234
2000-11-14,9.966544283353365,10.239066978601308,9.927612469746515,10.122271537780762
2000-11-15,10.161206267262234,10.511592690271275,10.161206267262234,10.200138092041016
2000-11-16,10.277996234039762,10.433723449707031,10.277996234039762,10.433723449707031
2000-11-17,10.589451789855955,10.74517902205972,10.277997325448428,10.589451789855957
2000-11-20,10.511589257613473,11.056634626526764,10.355862009352531,10.745180130004883
2000-11-21,10.900905096708838,10.900905096708838,10.122269018372492,10.433723449707031
2000-11-22,10.745180555490347,10.745180555490347,10.122271537780762,10.122271537780762
2000-11-24,10.122271537780762,10.122271537780762,10.122271537780762,10.122271537780762
2000-11-27,10.122270510178204,10.122270510178204,10.04440689086914,10.04440689086914
2000-11-28,10.27799774879633,10.27799774879633,10.04440689086914,10.04440689086914
2000-11-29,10.044404938990969,10.23906394943653,9.966541334812744,10.005473136901855
2000-11-30,10.005471836090088,10.005471836090088,9.499358474731444,9.732949256896973
2000-12-01,9.81081565733879,9.96654288999496,9.577224808354533,9.655088424682617
2000-12-04,9.655085951089859,10.1222675293684,9.655085951089859,9.966540336608887
2000-12-05,9.966540336608887,10.1222675293684,9.966540336608887,9.966540336608887
2000-12-06,9.966543271560077,10.122270510178204,9.966543271560077,10.04440689086914
2000-12-07,10.1222675293684,10.1222675293684,9.966540336608887,9.966540336608887
2000-12-08,9.966540336608887,9.966540336608887,9.966540336608887,9.966540336608887
2000-12-11,9.966540336608887,10.044403932988644,9.966540336608887,9.966540336608887
2000-12-12,10.122267479990041,10.122267479990041,9.927608489990234,9.927608489990234
2000-12-13,9.927608489990234,9.927608489990234,9.927608489990234,9.927608489990234
2000-12-14,9.927609353197422,9.96654115458251,9.849745750427246,9.849745750427246
2000-12-15,9.966543271560077,10.04440689086914,9.888679652251016,10.04440689086914
2000-12-18,10.044404757352686,10.044404757352686,9.849745750427246,9.849745750427246
2000-12-19,9.810813903808594,9.966541108630953,9.810813903808594,9.810813903808594
2000-12-20,9.81081673063605,9.81081673063605,9.77188491821289,9.77188491821289
2000-12-21,9.81081673063605,9.81081673063605,9.77188491821289,9.77188491821289
2000-12-22,9.771882926603876,9.771882926603876,9.694019317626953,9.694019317626953
2000-12-26,9.694019317626953,9.810814731092337,9.694019317626953,9.694019317626953
2000-12-27,9.966542645919422,9.966542645919422,9.343633730549458,9.421497344970703
2000-12-28,9.34363380807345,9.499361038208008,9.34363380807345,9.499361038208008
2000-12-29,9.888676445007324,9.888676445007324,9.499358474731444,9.732949256896973
2001-01-02,9.57722282409668,9.57722282409668,9.57722282409668,9.57722282409668
2001-01-03,9.810813903808594,9.810813903808594,9.655086698986235,9.810813903808594
2001-01-04,9.888676445007324,9.888676445007324,9.732949256896973,9.732949256896973
2001-01-05,9.888680656139666,10.277998792208157,9.73295340171227,10.122271537780762
2001-01-08,10.122271537780762,10.122271537780762,10.122271537780762,10.122271537780762
2001-01-09,9.810812850952148,9.849744647979735,9.732949256896973,9.732949256896973
2001-01-10,9.732952041010703,9.81081565733879,9.655088424682617,9.655088424682617
2001-01-11,9.888677597045898,9.888677597045898,9.888677597045898,9.888677597045898
2001-01-12,9.732950301397414,9.810813903808594,9.732950301397414,9.810813903808594
2001-01-16,9.732949547469616,9.966540336608887,9.732949547469616,9.966540336608887
2001-01-17,9.966541200172244,10.122268406424936,9.810813993919552,9.888677597045898
2001-01-18,9.966543271560077,10.04440689086914,9.966543271560077,10.04440689086914
2001-01-19,9.966544283353365,10.122271537780762,9.966544283353365,10.122271537780762
2001-01-22,10.200133403142294,10.355860630671183,10.200133403142294,10.277997016906738
2001-01-23,10.239065210024515,10.355860630671183,10.239065210024515,10.277997016906738
2001-01-24,10.277996234039762,10.511587057540666,10.277996234039762,10.433723449707031
2001-01-25,10.394792749601251,10.589451789855955,10.394792749601251,10.589451789855957
2001-01-26,10.511588173754074,10.589451789855955,10.511588173754074,10.589451789855957
2001-01-29,10.511589673849251,10.511589673849251,10.122271537780762,10.122271537780762
2001-01-30,10.122269018372492,10.433723449707031,10.122269018372492,10.433723449707031
2001-01-31,10.355859926011826,10.511587142944336,10.277996317545572,10.511587142944336
2001-02-01,10.277997016906738,10.277997016906738,10.277997016906738,10.277997016906738
2001-02-02,10.277997016906738,10.277997016906738,10.277997016906738,10.277997016906738
2001-02-05,10.277997016906738,10.277997016906738,10.277997016906738,10.277997016906738
2001-02-06,10.122271537780762,10.16120335138761,10.122271537780762,10.122271537780762
2001-02-07,10.122271537780762,10.122271537780762,10.122271537780762,10.122271537780762
2001-02-08,10.277997016906738,10.277997016906738,10.277997016906738,10.277997016906738
2001-02-09,10.433729040713711,10.433729040713711,10.200138092041016,10.200138092041016
2001-02-12,10.122269018372492,10.511587057540666,10.122269018372492,10.433723449707031
2001-02-13,10.277997016906738,10.511587858200073,10.277997016906738,10.277997016906738
2001-02-14,10.355859926011826,10.511587142944336,10.355859926011826,10.511587142944336
2001-02-15,10.433724244435629,10.433724244435629,10.277997016906738,10.277997016906738
2001-02-16,10.550518989562988,10.550518989562988,10.550518989562988,10.550518989562988
2001-02-20,10.277998792208157,10.433726046635554,10.122271537780762,10.122271537780762
2001-02-21,10.122271537780762,10.122271537780762,10.122271537780762,10.122271537780762
2001-02-22,10.122270510178204,10.122270510178204,10.04440689086914,10.04440689086914
2001-02-23,9.96654288999496,9.96654288999496,9.655088424682617,9.655088424682617
2001-02-26,9.655088424682617,9.655088424682617,9.655088424682617,9.655088424682617
2001-02-27,9.732949256896973,9.732949256896973,9.732949256896973,9.732949256896973
2001-02-28,9.732949256896973,9.732949256896973,9.732949256896973,9.732949256896973
2001-03-01,9.810813903808594,9.810813903808594,9.810813903808594,9.810813903808594
2001-03-02,9.810813903808594,9.810813903808594,9.810813903808594,9.810813903808594
2001-03-05,9.732950301397414,9.810813903808594,9.655086698986235,9.810813903808594
2001-03-06,9.966542561848959,10.433724244435629,9.966542561848959,10.277997016906738
2001-03-07,10.277997016906738,10.277997016906738,10.277997016906738,10.277997016906738
2001-03-08,10.277997016906738,10.277997016906738,10.277997016906738,10.277997016906738
2001-03-09,9.966544283353365,10.433726046635554,9.888680656139666,10.122271537780762
2001-03-12,10.277994722127914,10.277994722127914,9.927608538419008,9.966540336608887
2001-03-13,9.849745795482725,9.966541200172244,9.732950390793208,9.888677597045898
2001-03-14,9.655088106791178,9.655088106791178,9.187906424204508,9.343633651733398
2001-03-15,9.42149710251113,9.732951552180921,9.187906265258789,9.187906265258789
2001-03-16,9.26577091217041,9.26577091217041,9.26577091217041,9.26577091217041
2001-03-19,9.187906265258789,9.187906265258789,9.187906265258789,9.187906265258789
2001-03-20,9.187906265258789,9.187906265258789,9.187906265258789,9.187906265258789
2001-03-21,9.187905130715206,9.265768733517877,8.876450719504522,9.032177925109863
2001-03-22,9.032180048838383,9.26577091217041,9.032180048838383,9.26577091217041
2001-03-23,9.265770193006173,9.810815498477123,9.187906577938893,9.499361038208008
2001-03-26,9.538291023998726,9.655086424292588,9.499359223900772,9.57722282409668
2001-03-27,9.499360879262289,9.499360879262289,9.343633651733398,9.343633651733398
2001-03-28,9.343633651733398,9.343633651733398,9.343633651733398,9.343633651733398
2001-03-29,9.343633730549458,9.655088188234439,9.343633730549458,9.421497344970703
2001-03-30,9.421497344970703,9.421497344970703,9.421497344970703,9.421497344970703
2001-04-02,9.732952041010703,9.732952041010703,9.655088424682617,9.655088424682617
2001-04-03,9.655085951089859,9.966540336608887,9.499358758330345,9.966540336608887
2001-04-04,9.810813993919552,9.966541200172244,9.810813993919552,9.888677597045898
2001-04-05,9.888680656139666,10.122271537780762,9.888680656139666,10.122271537780762
2001-04-06,9.947075843811035,9.947075843811035,9.947075843811035,9.947075843811035
2001-04-09,9.966544192279978,9.966544192279978,9.879337310791016,9.879337310791016
2001-04-10,9.841958315867299,9.90424919128418,9.841958315867299,9.90424919128418
2001-04-11,9.841958999633789,9.841958999633789,9.841958999633789,9.841958999633789
2001-04-12,9.904249459505081,9.966540336608887,9.904249459505081,9.966540336608887
2001-04-16,9.966540336608887,9.966540336608887,9.854416567725366,9.966540336608887
2001-04-17,9.954083442687988,9.954083442687988,9.904250545444407,9.954083442687988
2001-04-18,9.904250545444407,9.954083442687988,9.904250545444407,9.954083442687988
2001-04-19,9.929165430153262,9.966540336608887,9.904249459505081,9.966540336608887
2001-04-20,9.978999537756643,10.178330178678243,9.978999537756643,10.02883243560791
2001-04-23,9.978998321932977,9.991456307257067,9.966540336608887,9.966540336608887
2001-04-24,9.966540336608887,9.966540336608887,9.904249459505081,9.966540336608887
2001-04-25,9.966542648040749,10.439953804016113,9.966542648040749,10.439953804016113
2001-04-26,10.340286859073993,10.340286859073993,10.02883243560791,10.02883243560791
2001-04-27,10.02883302380225,10.464869242228435,10.02883302380225,10.402578353881836
2001-04-30,10.352745056152342,10.352745056152342,10.352745056152342,10.352745056152344
2001-05-01,10.265541648226645,10.265541648226645,10.21570873260498,10.21570873260498
2001-05-02,10.165875578272205,10.165875578272205,10.153417587280273,10.153417587280273
2001-05-03,10.091125097177759,10.091125097177759,10.041292190551758,10.041292190551758
2001-05-04,10.203245859700019,10.203245859700019,9.954082351284796,9.966540336608887
2001-05-07,9.90424919128418,10.091121817534825,9.90424919128418,9.90424919128418
2001-05-08,9.90424919128418,9.90424919128418,9.90424919128418,9.90424919128418
2001-05-09,9.96654233788288,10.340287675553487,9.96654233788288,10.128499031066895
2001-05-10,10.178330862225645,10.178330862225645,10.028833109115473,10.053749084472656
2001-05-11,10.066205847561402,10.066205847561402,9.90424919128418,9.90424919128418
2001-05-14,9.966540759122825,9.966540759122825,9.841958999633789,9.841958999633789
2001-05-15,9.841958999633789,9.841958999633789,9.841958999633789,9.841958999633789
2001-05-16,9.954082351284796,10.215703845024109,9.929165430153262,9.966540336608887
2001-05-17,9.966540336608887,9.966540336608887,9.904249459505081,9.966540336608887
2001-05-18,9.929166639905375,10.02883243560791,9.929166639905375,10.02883243560791
2001-05-21,10.091124356464137,10.714033267356983,10.091124356464137,10.70157527923584
2001-05-22,10.738948869579819,10.751407807750605,10.564535140991211,10.564535140991211
2001-05-23,10.539618885454033,10.664200671217044,10.539618885454033,10.589451789855957
2001-05-24,10.589451707114284,10.851073265075684,10.589451707114284,10.851073265075684
2001-05-25,10.913363456726074,10.913363456726074,10.913363456726074,10.913363456726074
2001-05-29,10.788783073425293,10.863531959057353,10.788783073425293,10.788783073425293
2001-05-30,10.714034788789803,10.838616588659454,10.651743888854979,10.65174388885498
2001-05-31,10.714033660746033,10.838615447498894,10.589451873993172,10.751408576965332
2001-06-01,10.75140643925118,11.461522102355957,10.75140643925118,11.461522102355957
2001-06-04,11.33694111217152,13.703994750976562,10.96319580078125,13.703994750976562
2001-06-05,13.404997928926921,13.641703476143917,12.022140506373406,12.794547080993652
2001-06-06,12.757174206594167,12.757174206594167,12.271305084228516,12.271305084228516
2001-06-07,12.209015846252443,12.458179434951472,12.084434051902928,12.209015846252441
2001-06-08,12.209015846252443,12.209015846252443,12.209015846252443,12.209015846252441
2001-06-11,12.43326187133789,12.43326187133789,12.27130517913558,12.43326187133789
2001-06-12,12.30867851129688,12.30867851129688,12.146721839904783,12.146721839904785
2001-06-13,12.146723995599467,12.146723995599467,11.772978641888715,11.785436630249023
2001-06-14,11.835269292195639,12.009683977124709,11.212360382080078,11.212360382080078
2001-06-15,11.025487578192422,11.025487578192422,10.714033126831053,10.714033126831055
2001-06-18,10.938281110843084,10.938281110843084,10.340288162231445,10.340288162231445
2001-06-19,10.340290498439984,10.552079200744629,10.340290498439984,10.552079200744629
2001-06-20,10.277994722127914,10.402576476335526,9.966540336608887,9.966540336608887
2001-06-21,10.091124343872071,10.277997016906738,10.028833452860514,10.277997016906738
2001-06-22,10.277997016906738,10.277997016906738,10.215706125895183,10.277997016906738
2001-06-25,10.215708492723712,10.215708492723712,10.153417587280273,10.153417587280273
2001-06-26,10.215707113051556,10.527161598205566,10.215707113051556,10.527161598205566
2001-06-27,10.527161348433722,10.527161348433722,10.46487045288086,10.46487045288086
2001-06-28,10.464870701174764,10.57699450592694,10.464870701174764,10.527161598205566
2001-06-29,10.402577286372768,10.402577286372768,10.103580862895308,10.240620613098145
2001-07-02,10.25308365694218,10.340290546417236,10.21570873260498,10.21570873260498
2001-07-03,10.21570873260498,10.21570873260498,10.21570873260498,10.21570873260498
2001-07-05,10.215705688842043,10.402578353881838,10.215705688842043,10.402578353881836
2001-07-06,10.402578353881838,10.402578353881838,10.402578353881838,10.402578353881836
2001-07-09,10.340286668744223,10.390119565678235,10.21570490165092,10.302911758422852
2001-07-10,10.215704092911619,10.29045295715332,10.215704092911619,10.29045295715332
2001-07-11,10.290455567266594,10.340288472895343,10.22816467285156,10.228164672851562
2001-07-12,10.228164859683256,10.46487045288086,10.153415975116548,10.46487045288086
2001-07-13,10.46487045288086,10.589452243986583,10.46487045288086,10.46487045288086
2001-07-16,10.46487045288086,10.46487045288086,10.46487045288086,10.46487045288086
2001-07-17,10.352745869348377,10.464869662976987,10.340287881274879,10.365203857421875
2001-07-18,10.352745056152342,10.402577955015582,10.352745056152342,10.352745056152344
2001-07-19,10.402578353881838,10.402578353881838,10.340287465535239,10.402578353881836
2001-07-20,10.427494049072267,10.427494049072267,10.427494049072267,10.427494049072266
2001-07-23,10.589451789855955,10.589451789855955,10.40257911121144,10.589451789855957
2001-07-24,10.589451394668675,10.714033175782426,10.539618492126465,10.539618492126465
2001-07-25,10.651743888854979,10.651743888854979,10.651743888854979,10.65174388885498
2001-07-26,10.714034777757112,10.988114356994627,10.714034777757112,10.988114356994629
2001-07-27,10.925823457123947,10.988114356994627,10.925823457123947,10.988114356994629
2001-07-30,11.150070721394307,11.523816108703613,11.150070721394307,11.523816108703613
2001-07-31,11.772976552523097,12.458176246056189,11.772976552523097,12.146721839904785
2001-08-01,11.922476197482288,11.922476197482288,11.548730850219725,11.548730850219727
2001-08-02,11.648397398776694,11.648397398776694,10.589452180706086,11.3992338180542
2001-08-03,11.3992338180542,11.3992338180542,11.3992338180542,11.3992338180542
2001-08-06,11.212360718671013,11.212360718671013,10.589451789855955,10.589451789855957
2001-08-07,10.938281113826816,10.938281113826816,10.763866424560547,10.763866424560547
2001-08-08,10.826158171624462,11.025488853454592,10.826158171624462,11.02548885345459
2001-08-09,10.838616297035019,12.022143363952635,10.838616297035019,12.022143363952637
2001-08-10,11.83527035941889,12.13426685333252,11.461524979647768,12.13426685333252
2001-08-13,12.146724949077685,12.209015846252443,12.146724949077685,12.209015846252441
2001-08-14,11.58610725402832,11.710689052458733,11.58610725402832,11.58610725402832
2001-08-15,11.64839688190439,11.64839688190439,11.274651527404783,11.274651527404785
2001-08-16,11.586103864338087,11.586103864338087,11.2497334871797,11.461522102355957
2001-08-17,11.312026944994777,11.3992338180542,11.27465202769295,11.3992338180542
2001-08-20,11.374318576890095,11.58610725402832,11.374318576890095,11.58610725402832
2001-08-21,11.41168998435288,11.648395538330078,11.399231997403232,11.648395538330078
2001-08-22,11.635937380905442,11.835268020629885,11.41168981716328,11.835268020629883
2001-08-23,11.835268194025213,11.897559079256926,11.61102062699766,11.648395538330078
2001-08-24,11.648395399124526,11.660853385925293,11.523813630149933,11.660853385925293
2001-08-27,11.698228676049348,11.797893524169922,11.698228676049348,11.797893524169922
2001-08-28,11.586103966895571,11.710685729980469,11.586103966895571,11.710685729980469
2001-08-29,11.648394997793861,11.648394997793861,11.6110200881958,11.6110200881958
2001-08-30,11.648394165846407,11.77297592163086,11.58610328795418,11.77297592163086
2001-08-31,11.58610328795418,11.77297592163086,11.58610328795418,11.77297592163086
2001-09-04,11.58610725402832,11.58610725402832,11.58610725402832,11.58610725402832
2001-09-05,11.586103966895571,11.710685729980469,11.586103966895571,11.710685729980469
2001-09-06,11.523813085353122,11.710685729980469,11.523813085353122,11.710685729980469
2001-09-07,11.598565243774623,11.772979951673937,11.58610725402832,11.58610725402832
2001-09-10,11.586103864338087,11.586103864338087,11.461522102355957,11.461522102355957
2001-09-17,11.47398243150877,11.586106230285676,10.402579249772623,10.576993942260742
2001-09-18,10.589451163155692,10.90090560913086,10.589451163155692,10.90090560913086
2001-09-19,10.900906254263484,10.900906254263484,10.589451789855955,10.589451789855957
2001-09-20,10.714030861854553,10.90090349316597,9.966540336608887,9.966540336608887
2001-09-21,9.841957479008512,9.966539219249126,9.219048777805442,9.368546485900879
2001-09-24,9.592795073986053,9.966540336608887,9.592795073986053,9.966540336608887
2001-09-25,9.67999957604398,9.67999957604398,9.39346218109131,9.393462181091309
2001-09-26,9.592796839200533,9.866876368698565,9.530505950634296,9.717378616333008
2001-09-27,9.717379317745086,9.866877080901572,9.655088424682617,9.655088424682617
2001-09-28,9.8668777094856,10.527161598205566,9.70492194749571,10.527161598205566
2001-10-01,10.091123320301126,10.377661770083312,9.84195978152826,10.02883243560791
2001-10-02,10.340290303610585,11.15007207437527,10.091126681836837,10.153417587280273
2001-10-03,10.527160130575032,10.90090546065462,10.340287465535239,10.402578353881836
2001-10-04,10.900907058500302,11.025488853454592,10.58945257111458,11.02548885345459
2001-10-05,10.714033925999477,11.150070190429688,10.714033925999477,11.150070190429688
2001-10-08,10.90090712985477,11.897561496012921,10.90090712985477,11.523816108703613
2001-10-09,11.461522882634943,11.648395538330078,11.461522882634943,11.648395538330078
2001-10-10,11.648398153243527,11.648398153243527,11.411692546129006,11.58610725402832
2001-10-11,11.41169271303093,11.822813034057615,11.336943822976181,11.822813034057617
2001-10-12,11.336943822976181,11.822813034057615,11.336943822976181,11.822813034057617
2001-10-15,11.523813767866654,11.897559079256926,11.523813767866654,11.648395538330078
2001-10-16,11.710686423561791,11.710686423561791,11.648395538330078,11.648395538330078
2001-10-17,11.648394689510006,11.897558212280275,11.648394689510006,11.897558212280273
2001-10-18,11.648398323607395,11.822813034057615,11.461525623228667,11.822813034057617
2001-10-19,11.835268020629885,11.835268020629885,11.835268020629885,11.835268020629883
2001-10-22,11.835269845260893,11.835269845260893,11.399233587803911,11.67331314086914
2001-10-23,11.399233345985412,12.458178520202637,11.399233345985412,12.458178520202637
2001-10-24,12.520467330669536,12.769630859638083,12.48309242113088,12.645049095153809
2001-10-25,12.63259110880207,12.64504909515381,12.63259110880207,12.645049095153809
2001-10-26,12.582760305404662,12.582760305404662,12.458178520202637,12.458178520202637
2001-10-29,12.582760963038751,12.956506338178515,12.458179171325495,12.906673431396484
2001-10-30,12.45817782273933,12.65750847780645,12.445719835013298,12.520468711853027
2001-10-31,12.520470408832324,12.707343101501463,12.520470408832324,12.707343101501465
2001-11-01,12.59521510178767,12.831920623779297,12.59521510178767,12.831920623779297
2001-11-02,12.757176823883785,12.769634814093473,12.719801902770996,12.719801902770996
2001-11-05,12.719797549451688,12.719797549451688,12.582757803079188,12.68242359161377
2001-11-06,12.707340500994427,12.769631385803223,12.707340500994427,12.769631385803223
2001-11-07,12.65750963367991,12.769633434420326,12.65750963367991,12.75717544555664
2001-11-08,12.694881577559743,12.694881577559743,12.682423591613771,12.68242359161377
2001-11-09,12.68242611375972,12.694884102183204,12.458178520202637,12.458178520202637
2001-11-12,12.33359673500061,12.52046941280365,12.33359673500061,12.458178520202637
2001-11-13,12.458179434951472,12.458179434951472,12.209015846252443,12.209015846252441
2001-11-14,12.458179615800805,12.52047051387981,12.20901602348479,12.445721626281738
2001-11-15,12.445716448328177,12.458174432664185,12.308676719665527,12.308676719665527
2001-11-16,12.308679699015894,12.383428573608398,12.209013899236883,12.383428573608398
2001-11-19,12.395888537776715,12.395888537776715,12.209015846252443,12.209015846252441
2001-11-20,12.209015846252443,12.209015846252443,12.084434051902928,12.209015846252441
2001-11-21,12.209015846252443,12.209015846252443,12.196557856914223,12.209015846252441
2001-11-23,12.209015846252443,12.209015846252443,12.209015846252443,12.209015846252441
2001-11-26,12.209015846252443,12.209015846252443,12.209015846252443,12.209015846252441
2001-11-27,12.209015739190015,12.209015739190015,11.947394163446958,12.13426685333252
2001-11-28,11.959851293258385,11.959851293258385,11.872644424438477,11.872644424438477
2001-11-29,11.810353315984443,11.810353315984443,11.087778600056966,11.212360382080078
2001-11-30,10.651742362976075,11.212360382080078,10.589451471964518,11.212360382080078
2001-12-03,10.96319706532178,11.461524204654587,10.96319706532178,11.274651527404785
2001-12-04,11.224816564493226,11.586103864338087,11.224816564493226,11.461522102355957
2001-12-05,11.3992338180542,11.523815608415447,11.3992338180542,11.3992338180542
2001-12-06,11.41169251516248,11.41169251516248,11.336943626403809,11.336943626403809
2001-12-07,11.449063869249896,11.461521855082655,11.22481632232666,11.22481632232666
2001-12-10,11.212360382080078,11.212360382080078,11.212360382080078,11.212360382080078
2001-12-11,11.150068681522686,11.212359568011639,10.776323362588965,11.199901580810547
2001-12-12,11.224818370185677,11.224818370185677,11.199902393974481,11.212360382080078
2001-12-13,11.087777874125287,11.449065208435059,10.96319610025871,11.449065208435059
2001-12-14,11.449066216267985,11.449066216267985,11.274651527404783,11.274651527404785
2001-12-17,11.287110016632349,11.3992338180542,11.287110016632349,11.3992338180542
2001-12-18,11.399233312237985,11.461524204654587,11.274651527404783,11.274651527404785
2001-12-19,11.299565431585822,11.648394745329151,11.299565431585822,11.461522102355957
2001-12-20,11.64839536767257,11.959849789268093,11.52381359903436,11.835268020629883
2001-12-21,11.959849330357143,13.081085205078125,11.835267566499256,13.081085205078125
2001-12-24,13.081085205078125,13.081085205078125,13.081085205078125,13.081085205078125
2001-12-26,12.657508547743047,13.280417442321776,12.657508547743047,13.280417442321777
2001-12-27,12.869297679884701,13.579413414001465,12.582759218478422,13.579413414001465
2001-12-28,13.641703865744851,13.766285636208275,13.454831210049717,13.703994750976562
2001-12-31,13.703996326612389,14.43902904695468,13.703996326612389,14.326905250549316
2002-01-02,14.015447616577148,14.015447616577148,13.018793563842774,14.015447616577148
2002-01-03,13.766285636208275,13.766285636208275,13.392540324818004,13.703994750976562
2002-01-04,13.57941298051314,13.703994750976562,13.57941298051314,13.703994750976562
2002-01-07,13.703995863292567,14.115116119384767,13.703995863292567,14.115116119384766
2002-01-08,14.339359993619146,14.339359993619146,14.002989631014644,14.015447616577148
2002-01-09,13.703994750976562,13.703994750976562,13.703994750976562,13.703994750976562
2002-01-10,13.703996322713822,13.903326988220215,13.666621407094803,13.903326988220215
2002-01-11,13.716452476408051,13.716452476408051,13.641703605651857,13.641703605651855
2002-01-14,13.641703605651857,13.641703605651857,13.641703605651857,13.641703605651855
2002-01-15,13.579412628883539,13.579412628883539,13.392539978027344,13.392539978027344
2002-01-16,13.143376087007068,13.143376087007068,13.068627218789022,13.081085205078125
2002-01-17,12.956503441220239,13.19320898264691,12.956503441220239,13.081085205078125
2002-01-18,13.018794323149182,13.143376087007068,12.956503441220239,13.081085205078125
2002-01-22,12.894213676452635,12.894213676452635,12.458177465171628,12.894213676452637
2002-01-23,12.956504563778493,12.956504563778493,12.894213676452635,12.894213676452637
2002-01-24,13.205666701759448,13.330248463096801,12.956503179084741,13.018794059753418
2002-01-25,12.956507360692822,13.068631172180176,12.89421645992026,13.068631172180176
2002-01-28,13.043711425841291,13.143377225756069,12.894213676452635,12.894213676452637
2002-01-29,12.906671663821106,12.906671663821106,12.894213676452635,12.894213676452637
2002-01-30,12.944046974182127,12.944046974182127,12.944046974182127,12.944046974182129
2002-01-31,12.769633434420326,12.782091423284012,12.520469855212124,12.75717544555664
2002-02-01,12.520470056517253,12.570302963256836,12.333597369106547,12.570302963256836
2002-02-04,12.184100078334497,12.76963414171222,12.171641138297105,12.69488525390625
2002-02-05,12.333597853946436,12.69488525390625,12.333597853946436,12.69488525390625
2002-02-06,12.64504909515381,12.64504909515381,12.64504909515381,12.645049095153809
2002-02-07,12.520468711853026,12.520468711853026,12.520468711853026,12.520468711853027
2002-02-08,12.17163935262291,12.520468711853026,12.17163935262291,12.520468711853027
2002-02-11,12.271305405267395,12.582759857177734,12.271305405267395,12.582759857177734
2002-02-12,12.458178520202637,12.582760305404662,12.458178520202637,12.458178520202637
2002-02-13,12.209014949798583,12.458178520202637,12.14672405719757,12.458178520202637
2002-02-14,12.458178520202637,12.582760305404662,12.458178520202637,12.458178520202637
2002-02-15,12.458178520202637,12.52046941280365,12.458178520202637,12.458178520202637
2002-02-19,12.458178520202637,12.458178520202637,12.458178520202637,12.458178520202637
2002-02-20,12.458178520202637,12.582760305404662,12.209014949798583,12.458178520202637
2002-02-21,12.333597640601958,12.333597640601958,12.209015846252443,12.209015846252441
2002-02-22,12.20901376158748,12.395886421203615,12.084431988510056,12.395886421203613
2002-02-25,12.271305842399597,12.458178520202637,12.14672405719757,12.458178520202637
2002-02-26,12.458177750485802,12.458177750485802,12.209014195476087,12.271305084228516
2002-02-27,12.146721839904783,12.146721839904783,12.146721839904783,12.146721839904785
2002-02-28,12.221472183129865,12.271305084228516,12.221472183129865,12.271305084228516
2002-03-01,12.084433555603027,12.084433555603027,12.084433555603027,12.084433555603027
2002-03-04,12.084432124754874,12.383428573608398,12.084432124754874,12.383428573608398
2002-03-05,11.98476593838793,11.98476593838793,11.648395538330078,11.648395538330078
2002-03-06,11.835268020629885,11.847726007397013,11.52381359903436,11.835268020629883
2002-03-07,11.58610594034406,11.872644424438477,11.461524156039285,11.872644424438477
2002-03-08,11.710685537849262,12.1591796875,11.710685537849262,12.1591796875
2002-03-11,12.146721701492586,12.1591796875,11.648394657328787,12.1591796875
2002-03-12,12.159182045621055,12.458178520202637,12.159182045621055,12.458178520202637
2002-03-13,12.209016657356111,12.221474647521974,12.209016657356111,12.221474647521973
2002-03-14,12.39588802868558,12.45817892330209,12.084433555603027,12.084433555603027
2002-03-15,12.395886421203615,12.458177307742327,12.20901376158748,12.395886421203613
2002-03-18,12.395886421203615,12.395886421203615,12.395886421203615,12.395886421203613
2002-03-19,12.395886421203615,12.395886421203615,12.395886421203615,12.395886421203613
2002-03-20,12.395886421203615,12.395886421203615,12.395886421203615,12.395886421203613
2002-03-21,12.395886421203615,12.395886421203615,12.395886421203615,12.395886421203613
2002-03-22,12.084429594322588,12.620131492614748,12.084429594322588,12.620131492614746
2002-03-25,12.470637500690486,12.807008917785138,12.470637500690486,12.707343101501465
2002-03-26,12.682427122672378,12.807008917785138,12.682427122672378,12.707343101501465
2002-03-27,12.707343101501463,12.707343101501463,12.707343101501463,12.707343101501465
2002-03-28,12.807006814389839,12.894213676452635,12.769631901800919,12.894213676452637
2002-04-01,12.707339977395947,12.931587533661013,12.64504909515381,12.645049095153809
2002-04-02,12.682423684335928,13.018794059753418,12.682423684335928,13.018794059753418
2002-04-03,12.894215794170602,12.981422670556068,12.707343101501463,12.707343101501465
2002-04-04,12.694883417221869,12.944046974182127,12.694883417221869,12.944046974182129
2002-04-05,12.944043702138435,13.068625449126326,12.819461955150546,12.981417655944824
2002-04-08,13.068627284497028,13.068627284497028,12.64504909515381,12.645049095153809
2002-04-09,12.64504909515381,12.65750708150555,12.64504909515381,12.645049095153809
2002-04-10,12.694881991044205,12.707339977395947,12.64504909515381,12.645049095153809
2002-04-11,12.64504909515381,12.64504909515381,12.64504909515381,12.645049095153809
2002-04-12,12.645050127149203,12.894213676452635,12.645050127149203,12.894213676452637
2002-04-15,12.769629746964835,12.831920623779297,12.769629746964835,12.831920623779297
2002-04-16,12.831920623779297,12.831920623779297,12.831920623779297,12.831920623779297
2002-04-17,12.769630859638083,12.83192174188022,12.64504909515381,12.645049095153809
2002-04-18,12.64504909515381,12.64504909515381,12.63259110880207,12.645049095153809
2002-04-19,12.64504909515381,12.64504909515381,12.64504909515381,12.645049095153809
2002-04-22,12.645050747559802,12.657508735539505,12.582759857177734,12.582759857177734
2002-04-23,12.582758212911672,12.64504909515381,12.570300226559931,12.645049095153809
2002-04-24,12.582760305404662,12.582760305404662,12.458178520202637,12.458178520202637
2002-04-25,12.458177307742327,12.458177307742327,12.395886421203615,12.395886421203613
2002-04-26,12.333597640601958,12.333597640601958,11.897561360378656,12.209015846252441
2002-04-29,12.209015846252443,12.209015846252443,12.209015846252443,12.209015846252441
2002-04-30,12.209015846252443,12.209015846252443,11.959852257553413,12.209015846252441
2002-05-01,12.084433555603027,12.084433555603027,12.084433555603027,12.084433555603027
2002-05-02,12.07197556677645,12.333597134069068,11.835269977136985,12.084433555603027
2002-05-03,12.458178520202637,12.458178520202637,12.271305842399597,12.458178520202637
2002-05-06,12.458178520202637,12.458178520202637,12.458178520202637,12.458178520202637
2002-05-07,12.582759857177734,12.595217845157437,12.582759857177734,12.582759857177734
2002-05-08,12.64504909515381,12.64504909515381,12.64504909515381,12.645049095153809
2002-05-09,12.694880769538136,12.694880769538136,12.495550155639648,12.495550155639648
2002-05-10,12.495550155639648,12.495550155639648,12.495550155639648,12.495550155639648
2002-05-13,12.358514785766602,12.358514785766602,12.358514785766602,12.358514785766602
2002-05-14,12.470636038973279,12.669966697692871,12.470636038973279,12.669966697692871
2002-05-15,12.607675275891252,12.63259220123291,12.171639062489113,12.63259220123291
2002-05-16,12.458179160713684,12.570302963256836,12.333597369106547,12.570302963256836
2002-05-17,12.39588711960147,12.45817800964972,12.171639535234355,12.333596229553223
2002-05-20,12.458178520202637,12.458178520202637,12.445720531779152,12.458178520202637
2002-05-21,12.08443273412119,12.582759857177734,12.08443273412119,12.582759857177734
2002-05-22,12.5952167182419,12.769631385803223,12.582758731376835,12.769631385803223
2002-05-23,12.769631385803223,12.769631385803223,12.707340500994427,12.769631385803223
2002-05-24,12.64504961618563,12.769631385803223,12.64504961618563,12.769631385803223
2002-05-28,12.769631385803223,12.769631385803223,12.769631385803223,12.769631385803223
2002-05-29,12.657507603050696,12.769631385803223,12.64504961618563,12.769631385803223
2002-05-30,12.64504909515381,12.64504909515381,12.084431154974576,12.645049095153809
2002-05-31,12.246386528015138,12.246386528015138,12.246386528015138,12.246386528015137
2002-06-03,12.458178631430695,12.769633097216461,12.458178631430695,12.532927513122559
2002-06-04,12.458178400993347,12.458178400993347,11.959851264953613,11.959851264953613
2002-06-05,12.458179434951472,12.458179434951472,12.209015846252443,12.209015846252441
2002-06-06,12.084433555603027,12.084433555603027,12.084433555603027,12.084433555603027
2002-06-07,11.959849591048094,12.196555137634277,11.835267824474677,12.196555137634277
2002-06-10,11.959849005913071,12.071972780440186,11.336940203521765,11.473979949951172
2002-06-11,11.461522714715256,11.897558904948989,11.274650061757942,11.835268020629883
2002-06-12,11.33694341504896,11.959852393897805,11.050404904585024,11.523816108703613
2002-06-13,11.959852393897805,11.959852393897805,11.523816108703613,11.523816108703613
2002-06-14,11.959852616865556,11.959852616865556,11.336943626403809,11.336943626403809
2002-06-17,11.461522102355957,11.461522102355957,11.461522102355957,11.461522102355957
2002-06-18,11.411691043220344,11.411691043220344,11.150069491068523,11.212360382080078
2002-06-19,10.963195151471078,11.710685729980469,10.963195151471078,11.710685729980469
2002-06-20,11.449065208435059,11.449065208435059,11.349399409148395,11.449065208435059
2002-06-21,11.461521741220112,11.461521741220112,10.975652694702148,10.975652694702148
2002-06-24,10.975654806139453,11.461523946126302,10.738949230198827,11.212360382080078
2002-06-25,11.33694216410319,11.523814837137857,11.212360382080078,11.212360382080078
2002-06-26,10.8386149073756,11.050403554107909,10.714033126831053,10.714033126831055
2002-06-27,11.075320103896548,11.087778091430666,11.075320103896548,11.087778091430664
2002-06-28,10.963194036759393,11.087775787177113,10.72648852086906,10.776321411132812
2002-07-01,11.087778091430666,11.386774544667073,11.087778091430666,11.087778091430664
2002-07-02,11.41168884790074,11.449063755511116,10.96319470899315,10.975652694702148
2002-07-03,10.963196687920147,11.050403554107909,10.664200224516524,10.714033126831055
2002-07-05,10.701576584144968,10.900907269839584,10.701576584144968,10.838616371154785
2002-07-08,10.851073265075684,10.851073265075684,10.851073265075684,10.851073265075684
2002-07-09,10.851074430174572,11.013031147984037,10.851074430174572,11.00057315826416
2002-07-10,10.900907269839584,10.900907269839584,10.838616371154785,10.838616371154785
2002-07-11,10.651741930994156,10.651741930994156,10.215705711596735,10.3153715133667
2002-07-12,10.11603997334915,10.464869331250927,10.053749084472656,10.053749084472656
2002-07-15,10.041288927104654,10.053746912091365,9.10692579585143,9.90424919128418
2002-07-16,9.368548677666423,10.02883243560791,9.356090690824473,10.02883243560791
2002-07-17,10.091123320301126,10.21570508968756,9.966541550914693,10.02883243560791
2002-07-18,9.966540336608887,10.153412967920303,9.904249459505081,9.966540336608887
2002-07-19,9.941624365960706,9.978998321932977,9.941624365960706,9.966540336608887
2002-07-22,10.02883243560791,10.58945039784686,9.954083564072743,10.02883243560791
2002-07-23,9.966540336608887,9.966540336608887,9.717376828193665,9.966540336608887
2002-07-24,9.841961103870023,9.841961103870023,9.468215745495213,9.655088424682617
2002-07-25,9.480673232124554,10.016375264296311,9.480673232124554,9.530506134033203
2002-07-26,9.54296342740153,9.692462122247724,9.530505440451883,9.592796325683594
2002-07-29,9.96653911714987,10.078662872314453,9.841957378185496,10.078662872314453
2002-07-30,9.966540336608887,9.966540336608887,9.966540336608887,9.966540336608887
2002-07-31,9.966542170597956,9.966542170597956,9.717378616333008,9.717378616333008
2002-08-01,9.592796325683594,9.592796325683594,9.592796325683594,9.592796325683594
2002-08-02,9.480672898801828,9.480672898801828,9.219051361083984,9.219051361083984
2002-08-05,9.243967256232887,9.243967256232887,8.969887733459473,8.969887733459473
2002-08-06,8.920054575084412,9.592796325683594,8.795472804620989,9.592796325683594
2002-08-07,9.966540336608887,10.091122090816498,9.966540336608887,9.966540336608887
2002-08-08,9.555420167530428,9.966540336608887,9.555420167530428,9.966540336608887
2002-08-09,9.966543288457961,10.46487045288086,9.966543288457961,10.46487045288086
2002-08-12,10.215706152668096,10.215706152668096,10.091124370318484,10.190790176391602
2002-08-13,10.1907901763916,10.1907901763916,10.1907901763916,10.190790176391602
2002-08-14,11.15780022937941,11.440464728863049,10.860258889929291,10.9495210647583
2002-08-15,10.919767160436576,11.42558765411377,10.919767160436576,11.42558765411377
2002-08-16,11.02390479740162,11.440463066101074,10.815625663051891,11.440463066101074
2002-08-19,11.187549501948409,11.470213890075684,11.187549501948409,11.470213890075684
2002-08-20,11.21730786559894,11.499972343444824,11.187553052913557,11.499972343444824
2002-08-21,11.306571960449219,11.306571960449219,11.306571960449219,11.306571960449219
2002-08-22,11.1875525931967,11.514848709106445,11.1875525931967,11.514848709106445
2002-08-23,11.380954895099277,11.514848709106445,11.380954895099277,11.514848709106445
2002-08-26,11.187553092185855,11.514849222693718,11.02390559444695,11.113167762756348
2002-08-27,11.113167762756348,11.113167762756348,11.113167762756348,11.113167762756348
2002-08-28,11.499971870890093,11.514848709106445,11.499971870890093,11.514848709106445
2002-08-29,11.157799221860536,11.976037831463643,11.157799221860536,11.589234352111816
2002-08-30,11.589234352111816,11.589234352111816,11.574357513488675,11.589234352111816
2002-09-03,11.15779972076416,11.23218505223592,11.023905897108973,11.15779972076416
2002-09-04,11.068537550004063,11.15779972076416,11.068537550004063,11.15779972076416
2002-09-05,11.142922881475824,11.15779972076416,11.142922881475824,11.15779972076416
2002-09-06,11.15779972076416,11.15779972076416,11.15779972076416,11.15779972076416
2002-09-09,11.157799846763215,12.199194499127781,11.157799846763215,11.54460334777832
2002-09-10,11.529726508321989,11.54460334777832,11.336324190299388,11.54460334777832
2002-09-11,11.39583349029029,11.39583349029029,11.366079809270255,11.380956649780273
2002-09-12,11.544601613966915,11.901651382446289,11.529724776744843,11.901651382446289
2002-09-13,11.9016542025139,12.124810218811035,11.9016542025139,12.124810218811035
2002-09-16,12.050424880045323,12.124810218811035,11.976039541279611,12.124810218811035
2002-09-17,12.124808637251766,12.124808637251766,11.886775811256513,11.976037979125977
2002-09-18,12.035545341150426,12.035545341150426,11.618987083435059,11.618987083435059
2002-09-19,11.633864552951454,11.633864552951454,10.42882249662748,11.291692733764648
2002-09-20,11.589234352111816,11.589234352111816,11.589234352111816,11.589234352111816
2002-09-23,11.172676839760117,11.42558765411377,11.023906173092126,11.42558765411377
2002-09-24,11.09829044677392,11.09829044677392,10.875134468078613,10.875134468078613
2002-09-25,10.949518347747883,11.02390366415246,10.86025619506836,10.86025619506836
2002-09-26,10.87513330367146,10.87513330367146,10.458576202392578,10.458576202392578
2002-09-27,10.592468867249792,10.592468867249792,10.458576202392578,10.458576202392578
2002-09-30,10.622225761413574,10.622225761413574,10.518085614371909,10.622225761413574
2002-10-01,10.637102127075195,10.637102127075195,10.637102127075195,10.637102127075195
2002-10-02,10.488330996854048,10.488330996854048,10.26517501819758,10.399068832397461
2002-10-03,10.116404681679853,10.250298500061035,10.116404681679853,10.250298500061035
2002-10-04,10.86025901625727,11.618989213674693,10.056897163391113,10.056897163391113
2002-10-07,10.056896805660086,10.428823471069336,10.056896805660086,10.428823471069336
2002-10-08,10.05689784707688,10.562718391418457,10.05689784707688,10.562718391418457
2002-10-09,10.562718391418457,10.562718391418457,10.562718391418457,10.562718391418457
2002-10-10,10.056895877778874,10.399068832397461,9.81886306088464,10.399068832397461
2002-10-11,10.399068832397461,10.413945670635226,9.81886306088464,10.399068832397461
2002-10-14,10.399068832397461,10.399068832397461,10.399068832397461,10.399068832397461
2002-10-15,10.741242401400278,10.741242401400278,9.982512177400734,10.681735038757324
2002-10-16,10.681735038757324,10.681735038757324,10.681735038757324,10.681735038757324
2002-10-17,10.41394812412266,10.770998001098633,10.41394812412266,10.770998001098633
2002-10-18,10.622226541084181,10.681735038757324,10.622226541084181,10.681735038757324
2002-10-21,11.009028434753418,11.009028434753418,11.009028434753418,11.009028434753418
2002-10-22,10.919764856061407,11.023903846740723,10.919764856061407,11.023903846740723
2002-10-23,10.979277610778809,10.979277610778809,10.979277610778809,10.979277610778809
2002-10-24,10.74124080259876,11.009028434753418,10.726363964152394,11.009028434753418
2002-10-25,10.979277610778809,10.979277610778809,10.979277610778809,10.979277610778809
2002-10-28,10.934641985959612,10.934641985959612,10.845379829406738,10.845379829406738
2002-10-29,11.142920624411726,11.142920624411726,10.86025619506836,10.86025619506836
2002-10-30,10.86025619506836,10.86025619506836,10.845379358793414,10.86025619506836
2002-10-31,10.458577644304787,10.50320816040039,10.458577644304787,10.50320816040039
2002-11-01,10.428823945695122,10.696611610989098,10.413947105407715,10.413947105407715
2002-11-04,10.518085614371909,10.637102600982354,10.518085614371909,10.622225761413574
2002-11-05,10.60734669185428,10.60734669185428,10.53296137461836,10.54783821105957
2002-11-06,10.54783821105957,10.54783821105957,10.54783821105957,10.54783821105957
2002-11-07,10.56271538779772,10.860256666327233,10.56271538779772,10.845379829406738
2002-11-08,10.711485562259204,10.86025619506836,10.711485562259204,10.86025619506836
2002-11-11,10.577591765724994,10.86025619506836,10.35443581651126,10.86025619506836
2002-11-12,10.592469061638711,10.845379829406738,10.11640347000345,10.845379829406738
2002-11-13,10.131281203997696,10.413945670635226,10.116404365759934,10.399068832397461
2002-11-14,10.205665183702104,10.86025619506836,10.205665183702104,10.86025619506836
2002-11-15,10.488332441874912,10.637103114809308,10.413947105407715,10.413947105407715
2002-11-18,10.339561666162743,10.339561666162743,9.967634987523795,10.056897163391113
2002-11-19,10.473452844815226,10.473452844815226,9.84861550193937,10.101526260375977
2002-11-20,10.116405759538923,10.413947105407715,10.116405759538923,10.413947105407715
2002-11-21,10.413945357177226,10.413945357177226,10.131280899047852,10.131280899047852
2002-11-22,10.488328848944771,10.488328848944771,9.803984214884824,10.042016983032227
2002-11-25,10.339561768940516,10.413947105407715,10.339561768940516,10.413947105407715
2002-11-26,10.413944296640892,10.86025619506836,10.413944296640892,10.86025619506836
2002-11-27,10.428820373150478,10.428820373150478,10.042016983032227,10.042016983032227
2002-11-29,10.488331467955263,10.637102127075195,10.413946138395296,10.637102127075195
2002-12-02,10.562718391418457,10.562718391418457,10.532964709116692,10.562718391418457
2002-12-03,10.413945670635226,10.413945670635226,10.20566653021652,10.399068832397461
2002-12-04,10.265173624703763,10.56271488918793,10.086649320025202,10.443697929382324
2002-12-05,10.190790176391602,10.190790176391602,10.190790176391602,10.190790176391602
2002-12-06,10.205664482334017,10.265172958374023,10.205664482334017,10.265172958374023
2002-12-09,10.265174865722656,10.488330841064453,10.265174865722656,10.488330841064453
2002-12-10,10.235421189689077,10.488330841064453,10.235421189689077,10.488330841064453
2002-12-11,10.413944557420253,10.48832987568754,10.220542275913354,10.458576202392578
2002-12-12,10.473454003047664,10.488330841064453,10.473454003047664,10.488330841064453
2002-12-13,10.101527377478003,10.71148681640625,10.101527377478003,10.488330841064453
2002-12-16,10.28005202677324,10.28005202677324,10.11640453338623,10.11640453338623
2002-12-17,10.101527377478003,10.562716166178387,9.893248240152996,10.488330841064453
2002-12-18,10.413947709849182,10.562718391418457,10.30980868676278,10.562718391418457
2002-12-19,10.131279171041452,10.280049793626581,10.131279171041452,10.265172958374023
2002-12-20,10.11640453338623,10.399069004707439,10.11640453338623,10.11640453338623
2002-12-23,10.399070129540787,10.428823809727685,10.190790963142074,10.28005313873291
2002-12-24,10.190789853926185,10.354437347202207,10.190789853926185,10.339560508728027
2002-12-26,10.33956019083659,10.488330841064453,10.33956019083659,10.488330841064453
2002-12-27,10.190791520205412,10.190791520205412,9.684970984167277,9.818864822387695
2002-12-30,9.818863833162334,10.309807478832488,9.5957078369541,10.294929504394531
2002-12-31,10.488330222820414,10.860256826466529,9.982509814855716,10.785871505737305
2003-01-02,10.577591765724994,10.86025619506836,10.562714929450049,10.86025619506836
2003-01-03,10.59247222472454,11.380957302294279,10.577595383361576,11.306571960449219
2003-01-06,10.860257909277589,11.604111190734958,10.800749419754993,11.589234352111816
2003-01-07,11.157801804269196,11.678499221801758,10.994154271479307,11.678499221801758
2003-01-08,11.440463742891392,11.455340581575742,10.711487297057838,10.726364135742188
2003-01-09,10.949521799005444,11.232186317443848,10.86025961819074,11.232186317443848
2003-01-10,11.15779972076416,11.27681670513101,11.083414389292399,11.15779972076416
2003-01-13,10.726363815615075,11.142922096524982,10.726363815615075,10.875134468078613
2003-01-14,10.86025619506836,10.86025619506836,10.86025619506836,10.86025619506836
2003-01-15,10.711487124051839,10.756118774414062,10.711487124051839,10.756118774414062
2003-01-16,10.785871505737305,10.934642147195751,10.785871505737305,10.785871505737305
2003-01-17,10.71148602174484,10.71148602174484,10.6519775390625,10.6519775390625
2003-01-21,10.6519775390625,10.6519775390625,10.6519775390625,10.6519775390625
2003-01-22,10.651977213378247,10.651977213378247,10.577591896057129,10.577591896057129
2003-01-23,10.56271538255394,10.71148602174484,10.56271538255394,10.6519775390625
2003-01-24,10.711488215236233,10.919767379760742,10.413946875924116,10.919767379760742
2003-01-27,10.86025550649146,10.86025550649146,10.518082618713379,10.518082618713379
2003-01-28,10.413944902091192,10.785871505737305,10.294927934912467,10.785871505737305
2003-01-29,10.696610458373486,10.785872625509628,10.428822821935025,10.726364135742188
2003-01-30,10.562717574357679,10.696611404418945,10.562717574357679,10.696611404418945
2003-01-31,10.131280899047852,10.443699032757175,10.116404061257878,10.131280899047852
2003-02-03,10.027142360650162,10.339560508728027,10.027142360650162,10.339560508728027
2003-02-04,10.29492729714024,10.443697929382324,10.29492729714024,10.443697929382324
2003-02-05,10.488332441874912,10.532964097767294,10.413947105407715,10.413947105407715
2003-02-06,10.488328948049972,10.518082618713379,10.14615606027189,10.518082618713379
2003-02-07,10.413945993179148,10.50320816040039,10.413945993179148,10.50320816040039
2003-02-10,10.190788461321176,10.54783821105957,10.190788461321176,10.54783821105957
2003-02-11,10.562716166178387,10.562716166178387,10.384191839916943,10.488330841064453
2003-02-12,10.56271777834211,10.56271777834211,10.413947105407715,10.413947105407715
2003-02-13,10.354438609227925,10.413947105407715,10.3098080883657,10.413947105407715
2003-02-14,10.413947105407715,10.413947105407715,10.413947105407715,10.413947105407715
2003-02-18,10.33956080883533,10.681733778823196,10.33956080883533,10.637102127075195
2003-02-19,10.637102127075195,10.637102127075195,10.637102127075195,10.637102127075195
2003-02-20,10.56271538255394,10.860256660935741,10.428821580276148,10.6519775390625
2003-02-21,10.56271777834211,10.770996947456297,10.413947105407715,10.413947105407715
2003-02-24,10.547839667957062,10.547839667957062,10.146158218383789,10.146158218383789
2003-02-25,10.384190559387207,10.384190559387207,10.205665120110698,10.384190559387207
2003-02-26,10.369314521001987,10.369314521001987,10.22054386138916,10.22054386138916
2003-02-27,10.488332441874912,10.488332441874912,10.07177410364654,10.413947105407715
2003-02-28,10.428820416211712,10.443697251464272,10.250296123121466,10.265172958374023
2003-03-03,10.265172958374023,10.265172958374023,10.265172958374023,10.265172958374023
2003-03-04,10.146156501378544,10.488329404032676,10.04201751449937,10.4734525680542
2003-03-05,10.562717268108353,10.622225761413574,10.47345509566557,10.622225761413574
2003-03-06,10.637102600982354,10.651979440551134,10.518085614371909,10.622225761413574
2003-03-07,10.637100364736702,10.637100364736702,10.53296137461836,10.54783821105957
2003-03-10,10.562717297622688,10.711487963786388,10.413946631458987,10.428823471069336
2003-03-11,10.443699670576216,10.562716650224564,10.280052174832266,10.50320816040039
2003-03-12,10.562717574357679,10.93464424951112,10.428823744296414,10.696611404418945
2003-03-13,10.60734781525874,10.785872141520183,10.547839328161597,10.71148681640625
2003-03-14,10.71148681640625,10.71148681640625,10.547839328161597,10.71148681640625
2003-03-17,10.637101491292318,10.71148681640625,10.637101491292318,10.71148681640625
2003-03-18,10.711486669297933,11.4553399102214,10.696609831485459,11.247060775756836
2003-03-19,11.142921636918155,11.946283354091378,11.142921636918155,11.782634735107422
2003-03-20,11.693371553072614,12.12480661674815,10.607346610749897,11.276814460754395
2003-03-21,11.023907955611907,11.678499221801758,10.756121393327623,11.678499221801758
2003-03-24,11.559475858557537,12.035542488098145,11.00902505958991,12.035542488098145
2003-03-25,11.901651093454072,12.273577690124512,11.901651093454072,12.273577690124512
2003-03-26,12.214070156701686,12.422349294026693,11.544602230676295,12.050422668457031
2003-03-27,12.0504223600833,12.422348976135254,12.0504223600833,12.422348976135254
2003-03-28,12.422351883678902,12.422351883678902,12.169442179580162,12.199195861816406
2003-03-31,11.455339915749029,12.333086967468262,11.380954591620789,12.333086967468262
2003-04-01,11.9016542025139,12.124810218811035,11.172677655603884,12.124810218811035
2003-04-02,12.124810218811035,12.124810218811035,12.124810218811035,12.124810218811035
2003-04-03,12.199192370790424,12.273577690124512,12.199192370790424,12.273577690124512
2003-04-04,12.273577988147736,12.273577988147736,11.857019735750146,11.901651382446289
2003-04-07,12.050422668457031,12.169439642651318,11.901652018229168,12.050422668457031
2003-04-08,11.901653802882858,12.719892501831055,11.901653802882858,12.719892501831055
2003-04-09,12.169439336727544,12.719890274721033,12.169439336727544,12.64550495147705
2003-04-10,12.3479642868042,12.868661576006787,12.3479642868042,12.3479642868042
2003-04-11,12.333087130895972,12.496734619140625,12.333087130895972,12.496734619140625
2003-04-14,12.645505589140942,12.719890916135888,12.571120262145996,12.571120262145996
2003-04-15,12.422349294026693,12.496734619140625,12.124807993570965,12.496734619140625
2003-04-16,12.571119452096575,12.571119452096575,12.05042219668429,12.065299034118652
2003-04-17,12.124810218811035,12.556245410658203,12.050424880045323,12.124810218811035
2003-04-21,12.124810218811035,12.124810218811035,12.124810218811035,12.124810218811035
2003-04-22,12.422348328792687,12.422348328792687,12.258700853263674,12.273577690124512
2003-04-23,11.976036703586578,12.109930508645084,11.901651382446289,11.901651382446289
2003-04-24,11.90165009888463,11.90165009888463,11.827264785766602,11.827264785766602
2003-04-25,11.827264785766602,11.827264785766602,11.827264785766602,11.827264785766602
2003-04-28,11.827264785766602,11.827264785766602,11.827264785766602,11.827264785766602
2003-04-29,11.886774713496358,12.25870132446289,11.886774713496358,12.25870132446289
2003-04-30,12.273577701373124,12.30333137512207,12.199192381970862,12.30333137512207
2003-05-01,12.303331989380805,12.303331989380805,12.169439315795898,12.169439315795898
2003-05-02,12.139684205536064,12.154561042785645,11.485093151285163,12.154561042785645
2003-05-05,12.169436383967303,12.571116578010194,12.169436383967303,12.481854438781738
2003-05-06,12.868658065795898,13.017428679273308,12.481854697760577,12.868658065795898
2003-05-07,12.794272759057195,13.002551844931508,12.556240004499282,12.868658065795898
2003-05-08,12.868661570125782,12.868661570125782,12.571120262145996,12.571120262145996
2003-05-09,11.723128580311096,12.466981887817383,11.485094613885028,12.466981887817383
2003-05-12,12.124810521195574,12.199195861816406,12.109933680077452,12.199195861816406
2003-05-13,11.976036874482535,12.1991928410878,11.90165155228078,12.065299034118652
2003-05-14,12.050423308188872,12.124808637251766,11.976037979125977,11.976037979125977
2003-05-15,12.124810521195574,12.318212860821825,11.976039839953911,12.199195861816406
2003-05-16,12.273577690124512,12.273577690124512,12.273577690124512,12.273577690124512
2003-05-19,12.31821060180664,12.31821060180664,12.199193624627537,12.31821060180664
2003-05-20,12.139684356320407,12.139684356320407,12.065299034118652,12.065299034118652
2003-05-21,12.050422352508482,12.050422352508482,11.782634735107422,11.782634735107422
2003-05-22,11.901654499333079,12.199195861816406,11.797515476476004,12.199195861816406
2003-05-23,12.199192059155097,12.243823703627367,11.99091294333428,12.2289457321167
2003-05-27,12.243822874093308,12.347961857433237,12.109929084777832,12.109929084777832
2003-05-28,12.347965071735976,12.40747356414795,12.214071247566556,12.40747356414795
2003-05-29,12.407469133586412,12.481854438781738,12.347960662424216,12.481854438781738
2003-05-30,12.288458315481043,13.091820238969298,12.288458315481043,13.076943397521973
2003-06-02,13.166202063302398,13.240587385693937,12.928169258655462,13.151325225830078
2003-06-03,13.01743173408411,13.448866841419749,13.01743173408411,13.22571086883545
2003-06-04,13.240590653132871,13.612517356872559,13.19595899467202,13.612517356872559
2003-06-05,13.538129953243185,13.67202377319336,13.389359294416337,13.67202377319336
2003-06-06,13.68689864407026,14.683661460876465,13.612513325352486,14.683661460876465
2003-06-09,14.50513872870787,14.50513872870787,13.761285460569004,13.910056114196777
2003-06-10,13.89517896741871,13.910055805445275,13.642268180847168,13.642268180847168
2003-06-11,13.523250592626493,13.582759072066434,13.314971482101617,13.553004264831543
2003-06-12,13.433991126441429,13.523253295929962,13.210835135205059,13.389359474182129
2003-06-13,13.225712948232609,13.240589788404561,13.151327612342696,13.166204452514648
2003-06-16,13.151325227743964,13.240587387620812,12.95792293548584,12.95792293548584
2003-06-17,13.374481194951056,13.389358032425541,12.943046098011356,12.95792293548584
2003-06-18,12.943043372534603,13.091813986012014,12.8389043971123,12.868658065795898
2003-06-19,13.195954905058462,13.195954905058462,12.838906288146973,12.838906288146973
2003-06-20,12.779400023195947,12.943047523498535,12.705014692601127,12.943047523498535
2003-06-23,12.853785353790766,13.017432854093354,12.838908514677817,12.943047523498535
2003-06-24,12.853783618271912,12.883537292480469,12.719889814273577,12.883537292480469
2003-06-25,12.883534504892527,12.883534504892527,11.782631771927601,12.035542488098145
2003-06-26,12.109933680077452,12.199195861816406,11.931408181569322,12.199195861816406
2003-06-27,12.273578959775259,12.496734940862082,12.199193632746317,12.3479642868042
2003-06-30,12.273578959775259,12.496734940862082,12.154561982516947,12.3479642868042
2003-07-01,12.288454055786133,12.318208863396762,12.228945575594729,12.288454055786133
2003-07-02,12.273577690124512,12.28845452698535,12.273577690124512,12.273577690124512
2003-07-03,12.258700853263674,12.422348328792687,12.124807051456337,12.273577690124512
2003-07-07,12.273578951606973,12.556243421134834,12.273578951606973,12.31821060180664
2003-07-08,12.719890910525654,12.80915307587422,12.318210598942114,12.794276237487793
2003-07-09,12.779399404737848,12.779399404737848,12.571120262145996,12.571120262145996
2003-07-10,12.571120554750616,13.091817855834961,12.571120554750616,13.091817855834961
2003-07-11,13.032310616290014,13.195958128183818,13.032310616290014,13.13645076751709
2003-07-14,13.166204090956802,13.612516094040084,13.166204090956802,13.538130760192871
2003-07-15,13.523253920429452,13.612516094040084,13.523253920429452,13.538130760192871
2003-07-16,13.53813201612462,13.672025856476953,13.53813201612462,13.612517356872559
2003-07-17,13.538130414366517,13.939810752868652,13.41911342923917,13.939810752868652
2003-07-18,13.910052965557764,14.058823585510254,13.895176130568466,14.058823585510254
2003-07-21,13.984441121419271,14.281982421875002,13.761285146077475,14.281982421875
2003-07-22,14.19272151581552,14.356369018554688,14.133213023447619,14.356369018554688
2003-07-23,14.2968595669206,14.802680015563965,14.281982728584326,14.802680015563965
2003-07-24,13.969564889493984,14.93657415793032,13.969564889493984,14.653909683227539
2003-07-25,14.579524205622505,14.579524205622505,14.133212240144264,14.520015716552734
2003-07-28,14.207597424646504,14.237351101366743,14.133212097815894,14.162965774536133
2003-07-29,14.192720258744279,14.772926021638948,14.192720258744279,14.728294372558594
2003-07-30,14.772928280869865,14.862190457651492,14.60927963256836,14.60927963256836
2003-07-31,14.728294825942005,15.635795593261719,14.728294825942005,15.635795593261719
2003-08-01,15.635795593261719,15.948213741351454,15.620918754786974,15.635795593261719
2003-08-04,15.665548358801953,15.948211657986992,15.561408233022842,15.918457984924316
2003-08-05,15.66555040524123,15.66555040524123,15.620918754786974,15.635795593261719
2003-08-06,15.650673407114866,15.769690392390224,15.412640571594238,15.412640571594238
2003-08-07,15.397762145010534,15.933336253483166,15.397762145010534,15.487024307250977
2003-08-08,15.918460064401964,15.948213741351454,15.635795593261719,15.635795593261719
2003-08-11,16.32013836068557,22.226332172338992,16.290384687414573,18.87899398803711
2003-08-12,19.563345412177416,19.563345412177416,17.94174469093004,18.35830307006836
2003-08-13,19.265801461368305,19.34018679519598,18.521948123091537,19.072399139404297
2003-08-14,19.26579855364773,19.26579855364773,18.700469647868484,18.819486618041992
2003-08-15,18.9682559967041,18.9682559967041,18.62608308157514,18.9682559967041
2003-08-18,19.860884093686366,19.860884093686366,19.04264542315996,19.236047744750977
2003-08-19,19.34018391129181,19.38481555894523,19.08727426800228,19.325305938720703
2003-08-20,19.34018451170822,19.44432351275927,19.34018451170822,19.35506248474121
2003-08-21,19.41456954862369,19.771618195516933,19.355062197494796,19.593093872070312
2003-08-22,19.860881192589495,20.604734420776367,19.637725224133433,20.604734420776367
2003-08-25,21.55687085136363,21.55687085136363,20.81301744351726,21.125436782836914
2003-08-26,20.813014012629726,21.274203957494546,20.813014012629726,21.00641632080078
2003-08-27,21.006418868378077,21.11055788692743,20.827894512284846,20.872526168823242
2003-08-28,20.872523637483937,21.00641632080078,20.753506657835587,21.00641632080078
2003-08-29,21.05104763416463,21.348588943481445,21.021293957244957,21.348588943481445
2003-09-02,21.378342620401117,21.45272794773032,21.125432961493832,21.348588943481445
2003-09-03,21.348592805190826,22.30072425921,20.827895419698365,21.125436782836914
2003-09-04,20.97665727768997,21.452722804448342,20.93202563798086,21.110549926757812
2003-09-05,20.932028106402758,21.690759260752994,20.75350379657322,20.917152404785156
2003-09-08,21.27419851567139,21.527108113943697,20.84276462862213,21.110549926757812
2003-09-09,21.348591566085815,21.348591566085815,20.6940015131986,20.82789421081543
2003-09-10,20.693995488853542,20.976658777117073,20.5452248592286,20.7237491607666
2003-09-11,20.753506015051627,20.9320303439648,20.753506015051627,20.798137664794922
2003-09-12,20.827894254060496,20.976664927303787,20.530352907573917,20.66424560546875
2003-09-15,20.827893971170823,20.842771946317203,20.203057606047757,20.336950302124023
2003-09-16,20.084043503778748,20.307199542709622,20.084043503778748,20.143550872802734
2003-09-17,20.113792108895055,20.322072388002606,18.74510253643706,19.05752182006836
2003-09-18,17.85247984386626,19.414571830204554,16.855716839929098,18.74510383605957
2003-09-19,17.569812971339935,19.340183876248688,17.569812971339935,18.819486618041992
2003-09-22,18.95338441205286,20.36670470369414,17.926866517253863,19.756746292114258
2003-09-23,20.322072367738123,20.693999004994968,20.084038411869724,20.23280906677246
2003-09-24,20.604732488081904,20.81301046441409,20.203052236550004,20.545225143432617
2003-09-25,20.53034909795768,20.75350506641374,20.53034909795768,20.604734420776367
2003-09-26,20.5303485036098,21.09567739467769,20.5303485036098,20.961782455444336
2003-09-29,21.02129522249605,21.199819564819336,21.02129522249605,21.199819564819336
2003-09-30,21.199818332987736,21.199818332987736,20.50059670864857,20.515472412109375
2003-10-01,20.232809050667054,20.649367338075148,20.173301696777344,20.173301696777344
2003-10-02,20.26256338525495,20.48571937467419,20.203056029433867,20.44108772277832
2003-10-03,20.455965682537887,20.619614316022233,20.36670237880822,20.381580352783203
2003-10-06,20.75350570678711,21.095678656323194,20.32207172915029,20.976661682128906
2003-10-07,21.05104764755086,21.05104764755086,20.783260014983437,20.90227699279785
2003-10-08,20.679119441696518,20.827890085161958,20.679119441696518,20.78325843811035
2003-10-09,20.783257768218895,20.827889413831922,20.530348136491465,20.574979782104492
2003-10-10,20.738627401885694,20.81301272580933,20.426210403442383,20.426210403442383
2003-10-13,20.96178405613509,20.96178405613509,19.578218802156982,19.741865158081055
2003-10-14,19.979897215426675,20.188175201416016,19.74186328567332,20.188175201416016
2003-10-15,20.277438132716945,20.277438132716945,19.831126224895115,19.86087989807129
2003-10-16,19.726989128238834,21.497358957926433,19.726989128238834,21.4229736328125
2003-10-17,21.571741162937908,22.553628220447212,21.22956826289317,21.85440444946289
2003-10-20,21.5717473457818,22.4941250541411,21.5717473457818,22.389986038208008
2003-10-21,23.04457470617154,23.3123623526016,22.553633336119955,23.208223342895508
2003-10-22,23.877683084197148,23.952068389755393,22.30071369833857,22.940427780151367
2003-10-23,23.178473282524994,23.178473282524994,22.345356534708284,22.717283248901367
2003-10-24,22.761903862276018,22.761903862276018,21.705631598551864,21.913911819458008
2003-10-27,22.61313946833376,23.014819781193474,21.571744887555234,22.687524795532227
2003-10-28,22.687524795532227,22.687524795532227,22.46436881393683,22.687524795532227
2003-10-29,22.642897603624366,22.687529262743496,22.55363655544658,22.613143920898438
2003-10-30,22.91068209330241,22.91068209330241,22.31559944152832,22.31559944152832
2003-10-31,22.59826467845966,22.76191332937473,22.389986640986255,22.479249954223633
2003-11-03,22.836294809977215,22.836294809977215,22.38998285929362,22.538753509521484
2003-11-04,22.46437010447184,22.523877461625183,22.19658245716147,22.31559944152832
2003-11-05,22.300717696589405,22.59825897216797,22.300717696589405,22.59825897216797
2003-11-06,22.613143920898438,22.613143920898438,22.062692845257086,22.613143920898438
2003-11-07,20.60473417665081,22.613137868959733,20.545226827124864,22.122194290161133
2003-11-10,21.899040480980627,23.16359107844963,20.827892193607138,23.118959426879883
2003-11-11,22.315598159539896,23.029697754657178,22.315598159539896,22.687524795532227
2003-11-12,23.104084351624273,23.104084351624273,22.702404016688767,22.98506736755371
2003-11-13,23.0594514415702,23.0594514415702,22.97018814086914,22.97018814086914
2003-11-14,22.98506611433933,22.98506611433933,22.717278482296184,22.97018814086914
2003-11-17,23.059448217034458,23.163587206583315,20.842766683549872,22.672643661499023
2003-11-18,21.57174612681071,22.613140767415363,21.57174612681071,22.31559944152832
2003-11-19,23.148710780500508,23.148710780500508,22.404857635498047,22.404857635498047
2003-11-20,22.999943741780186,23.07432906789195,22.687524464086795,23.02969741821289
2003-11-21,23.059455003063285,23.059455003063285,22.419740636063,22.64289665222168
2003-11-24,22.61314164418146,23.208224319028343,22.46437097546974,22.95531463623047
2003-11-25,23.342114112727966,24.844698588053387,23.074328758365787,24.100845336914062
2003-11-26,25.588551195930034,25.588551195930034,23.892566733991192,25.2910099029541
2003-11-28,25.305892951823047,25.588556328826634,25.305892951823047,25.365400314331055
2003-12-01,26.034860766452294,28.01351063871461,25.88609013350114,27.373796463012695
2003-12-02,28.177162266460545,28.177162266460545,26.838226318359375,26.838226318359375
2003-12-03,27.239913246152362,27.239913246152362,26.153886795043945,26.153886795043945
2003-12-04,26.734088530676512,27.210154213286632,26.406793515760818,27.076261520385742
2003-12-05,27.849866632753745,27.849866632753745,25.960479736328125,25.960479736328125
2003-12-08,25.781953446030965,26.034863090613513,24.249615335828587,24.338878631591797
2003-12-09,24.23473615323283,26.183632429596,21.720513265460315,24.60666275024414
2003-12-10,24.502526572792654,25.97535742824318,24.502526572792654,25.246379852294922
2003-12-11,26.034863135393927,26.034863135393927,24.740558964960613,25.2910099029541
2003-12-12,25.06785832232202,25.51417033993013,24.919087649785986,25.43978500366211
2003-12-15,24.91908328673419,26.034863135393927,24.91908328673419,25.2910099029541
2003-12-16,25.291015785775684,26.019991215106216,25.291015785775684,26.005115509033203
2003-12-17,25.558803861985233,26.019991618486298,25.558803861985233,25.66294288635254
2003-12-18,25.677812576293945,26.019983221642562,25.66293460473107,25.677812576293945
2003-12-19,26.10924651090031,26.615065763201546,25.66293460473107,25.677812576293945
2003-12-22,25.99023087141004,26.615067117837523,25.082731311379135,26.034862518310547
2003-12-23,26.778716695543082,26.778716695543082,25.067854239994496,25.335641860961914
2003-12-24,25.216628994858056,25.43978500366211,24.800070657745096,25.43978500366211
2003-12-26,24.69592731700224,26.183633781881895,24.69592731700224,25.2910099029541
2003-12-29,25.052974643696903,25.291008573589902,24.309121450356024,24.547155380249023
2003-12-30,23.80330968409964,24.547163111727755,23.80330968409964,24.041343688964844
2003-12-31,25.722442436058223,27.40355110168457,25.662935088803753,27.40355110168457
2004-01-02,27.388676321629863,28.04326624369753,26.555559811671134,26.927486419677734
2004-01-05,27.299416925905692,27.522572922575222,26.034866278111696,26.42167091369629
2004-01-06,27.522574849241646,27.522574849241646,26.7638434994276,26.98699951171875
2004-01-07,26.92748829055612,28.0432681920985,26.92748829055612,27.760604858398438
2004-01-08,27.968884832828838,27.968884832828838,27.329170523597845,27.656465530395508
2004-01-09,26.793591902527073,27.805230390547166,26.793591902527073,27.373796463012695
2004-01-12,27.924252548189894,27.924252548189894,27.19527721907602,27.507694244384766
2004-01-13,27.507697402621694,27.596960717278556,27.37380470069679,27.52257537841797
2004-01-14,27.879619581820656,27.879619581820656,27.463063567710908,27.820112228393555
2004-01-15,27.52256997102775,28.192037889241938,27.52256997102775,28.013513565063477
2004-01-16,29.307819585840914,31.494747801432254,29.307819585840914,31.42036247253418
2004-01-20,31.420361460325733,37.148031600960216,31.420361460325733,33.11634826660156
2004-01-21,34.946227564513194,34.946227564513194,32.179094615824745,32.50638961791992
2004-01-22,32.72953978208738,34.946221341123035,31.331096717603906,31.836915969848633
2004-01-23,32.72954807924421,34.14286947357521,31.89643140193023,33.10147476196289
2004-01-26,36.28515971555271,41.135083691754616,34.232126613169484,36.12151336669922
2004-01-27,36.89512125651042,36.89512125651042,34.96110280354818,35.7049560546875
2004-01-28,35.70495764980259,36.96950823323309,35.25864567918005,35.377662658691406
2004-01-29,34.97598586563725,36.761233928127076,30.810407053160993,32.83368682861328
2004-01-30,32.99733325609276,32.99733325609276,30.91454398995601,32.50638961791992
2004-02-02,31.64351171350967,31.985684607508894,30.86990491189812,31.226953506469727
2004-02-03,30.512862867401303,31.613764828706334,29.843394906322814,30.527738571166992
2004-02-04,30.527740174276587,34.812335804188784,30.259952521770785,33.428768157958984
2004-02-05,32.72954336217814,33.62216727205573,31.836919452300556,32.40224838256836
2004-02-06,31.435240030780257,34.12798753925774,31.435240030780257,33.770938873291016
2004-02-09,34.053606161698596,34.06848413703147,32.74442605457708,33.10147476196289
2004-02-10,33.10146577330841,33.25023640599744,31.643513118944014,32.35761260986328
2004-02-11,32.357609266393325,32.4319945750517,31.450107592737357,31.61375617980957
2004-02-12,31.970815685509063,31.970815685509063,31.241840319413512,31.74765968322754
2004-02-13,32.20885203430952,32.20885203430952,30.512867200111383,31.122825622558594
2004-02-17,31.53937371593663,33.830440521240234,31.122815495865154,33.830440521240234
2004-02-18,34.068480168218194,34.21725082397461,33.10147090580152,34.21725082397461
2004-02-19,34.797451940323654,36.210773026511355,34.21724734980737,34.70819091796875
2004-02-20,34.73794682820638,36.21077535743825,34.73794682820638,35.03548812866211
2004-02-23,35.70495733157362,36.06200599686533,35.2437673913501,35.55618667602539
2004-02-24,35.70496098189227,36.448814335681696,34.51479561582919,34.618934631347656
2004-02-25,34.618925462973756,34.96109836910888,34.51478647503515,34.94622039794922
2004-02-26,34.96110663454757,36.448813299847465,34.366023968427605,34.81233596801758
2004-02-27,34.81232958272518,34.96110022196759,34.23212499770368,34.44040298461914
2004-03-01,34.66356279124384,34.66356279124384,33.17585623367973,34.21725082397461
2004-03-02,33.770938873291016,34.20237286717247,33.33950487940956,33.770938873291016
2004-03-03,33.845313518444534,33.845313518444534,32.759287619664995,33.1312141418457
2004-03-04,33.175859584323625,33.175859584323625,31.554260180826986,32.342742919921875
2004-03-05,31.613765869428885,33.54778448732336,31.613765869428885,33.44364547729492
2004-03-08,34.202364350086675,35.437160939993824,34.202364350086675,34.6338005065918
2004-03-09,34.66356530148759,35.45205028810857,34.232131276574705,34.81233596801758
2004-03-10,34.261882500121565,34.261882500121565,33.47339757001585,33.54778289794922
2004-03-11,33.47338790389072,33.47338790389072,31.464984629657277,31.643508911132812
2004-03-12,31.286462614912118,32.43199596327268,31.286462614912118,31.970806121826172
2004-03-15,33.25023704993395,33.25023704993395,31.985686647587467,32.446876525878906
2004-03-16,32.80392401972817,33.44363818478242,32.13445618259086,33.38412857055664
2004-03-17,33.44364518889501,33.44364518889501,32.19397026914978,33.17585754394531
2004-03-18,33.13122145976407,34.14286227755546,33.02708246456345,33.08658981323242
2004-03-19,33.13121767818686,33.39900525675179,32.893186040619916,33.30974197387695
2004-03-22,33.250248783095856,33.309756150298654,32.00057591135271,32.56590270996094
2004-03-23,32.432004304525485,32.69979195004277,32.25347996420068,32.283233642578125
2004-03-24,32.432010884139906,32.729552268398066,32.28324019201082,32.699798583984375
2004-03-25,32.00056807299009,32.98245301169225,32.00056807299009,32.84856033325195
2004-03-26,32.8485600243245,33.056838026619516,32.28323109944662,32.580772399902344
2004-03-29,32.99733132358132,33.59241393619754,32.1344610812758,33.2353630065918
2004-03-30,32.99733185460796,35.70495733157362,32.99733185460796,35.55618667602539
2004-03-31,35.76446738316599,37.84725671792748,35.66032837043996,37.08852767944336
2004-04-01,37.5497125114898,37.5497125114898,36.07688393118899,36.671966552734375
2004-04-02,36.67195843955566,37.25216295917593,34.88671096988155,35.734703063964844
2004-04-05,36.68684139717609,37.56458728106617,36.076880854093254,37.32655334472656
2004-04-06,37.862131772288286,37.862131772288286,36.44881054699658,37.341434478759766
2004-04-07,36.44881187517618,37.72824046534927,35.92811456267366,36.07688522338867
2004-04-08,37.16291482788016,37.16291482788016,34.96110839815453,35.64545440673828
2004-04-12,35.70495378550017,36.44880698936476,35.00573222787943,35.154502868652344
2004-04-13,36.15127002263476,37.862132595722414,33.190734825924515,33.86020278930664
2004-04-14,32.580775319581846,35.31815462105689,32.28323399246238,35.27352523803711
2004-04-15,35.33303140514724,35.779343380791204,34.06848080748934,34.42552947998047
2004-04-16,34.06847824154649,34.73794615458998,33.696551623188995,33.711429595947266
2004-04-19,33.919703341076236,33.919703341076236,32.14933376770182,32.9973258972168
2004-04-20,32.95270189306643,33.10147255624055,32.3427412660285,32.77417755126953
2004-04-21,32.595648741063734,32.8931900266232,31.450112975611894,31.569129943847656
2004-04-22,31.50962844738546,32.878318161168664,31.50962844738546,32.670040130615234
2004-04-23,32.71466959687618,32.71466959687618,32.030325873316436,32.342742919921875
2004-04-26,32.35761582167383,33.17585438268168,32.089828202241094,33.16097640991211
2004-04-27,33.532904300777375,33.532904300777375,31.77741241024217,32.00056838989258
2004-04-28,32.3427370727687,32.3427370727687,29.307816845520474,29.828514099121094
2004-04-29,29.75413280088174,30.34921545689938,27.225031512806794,27.656465530395508
2004-04-30,28.043269469024498,28.415196119807316,27.2547845153529,28.400318145751953
2004-05-03,28.34080951609076,28.370563192804312,27.23990758726925,27.820112228393555
2004-05-04,27.239911998771884,28.69786282439112,27.239911998771884,27.52257537841797
2004-05-05,27.52257537841797,27.58208274148228,26.823353647140507,27.52257537841797
2004-05-06,26.82334557510536,28.087895955190188,26.82334557510536,27.373796463012695
2004-05-07,26.82335247957217,27.358925534019722,26.82335247957217,27.001876831054688
2004-05-10,26.778722596703663,26.882861619456534,23.431382272115705,26.005115509033203
2004-05-11,24.085965006136874,25.85633693258602,24.085965006136874,25.79682731628418
2004-05-12,23.83306128626086,25.75220432401191,23.83306128626086,25.43978500366211
2004-05-13,24.324000700782328,25.424902576769306,24.324000700782328,25.2910099029541
2004-05-14,23.937203955865357,25.29101819056082,23.937203955865357,25.276140213012695
2004-05-17,23.818176125756985,25.737316131591797,23.818176125756985,25.737316131591797
2004-05-18,25.737324322594535,26.853104278776378,25.291012340121796,26.778718948364258
2004-05-19,26.897741431309665,27.686226548926193,26.793602401449505,27.671348571777344
2004-05-20,27.373800585099623,27.74572722348413,27.239907903305223,27.418432235717773
2004-05-21,27.44818529531987,27.805233952113042,27.07625866530199,27.32916831970215
2004-05-24,27.299406241747658,27.373791544858687,26.79358708861638,26.89772605895996
2004-05-25,26.77871798677679,26.823349637433427,26.09437206353514,26.748964309692383
2004-05-26,26.570437442087343,26.734083785468407,26.555559469934597,26.600191116333008
2004-05-27,26.600194006549412,26.62994768402793,26.03486505421725,26.183635711669922
2004-05-28,26.109252897359557,27.329171951942072,26.034867561469643,26.332408905029297
2004-06-01,26.094373647928016,26.734087959355072,26.034866290146045,26.481178283691406
2004-06-02,24.874452881952728,26.466298424919326,24.874452881952728,26.317527770996094
2004-06-03,26.332405744412426,26.36215942118507,26.183635090489194,26.317527770996094
2004-06-04,26.25802927141602,26.555570679590705,26.034873215285007,26.391921997070312
2004-06-07,26.377038020370406,26.391913724079625,26.03486505421725,26.183635711669922
2004-06-08,26.034865705302202,26.22826801883933,26.034865705302202,26.168758392333984
2004-06-09,25.499290419879955,26.183636369376348,25.499290419879955,25.88609504699707
2004-06-10,25.88609187534877,26.034862518310547,25.87121390302865,26.034862518310547
2004-06-14,26.034869066251098,26.034869066251098,24.859581599284507,25.008352279663086
2004-06-15,24.59179135026497,26.109251677509917,24.59179135026497,26.09437370300293
2004-06-16,26.258013088383972,27.44817798757418,26.183627782184583,27.433300018310547
2004-06-17,27.433302831999786,27.433302831999786,26.18363046770152,27.18039321899414
2004-06-18,27.299412104312143,27.73084604698308,27.180395139763675,27.56719970703125
2004-06-21,27.567197758927218,27.567197758927218,26.689449693712813,27.18039321899414
2004-06-22,26.629950417677087,27.284540469640554,26.629950417677087,27.269664764404297
2004-06-23,27.210152265673187,27.775481216459667,27.120891233481686,27.7457275390625
2004-06-24,26.644825584946783,27.7457275390625,26.644825584946783,27.7457275390625
2004-06-25,27.745728811799534,27.745728811799534,27.388680126535032,27.537450790405273
2004-06-28,27.52256967563303,27.656462349814845,27.373799028737718,27.582077026367188
2004-06-29,27.52256841023763,27.954002358374186,27.52256841023763,27.894495010375977
2004-06-30,27.805236194399917,27.805236194399917,27.5076948663911,27.656465530395508
2004-07-01,27.552327085909496,28.251548767089844,27.00187607179136,28.251548767089844
2004-07-02,28.043268208835215,28.251546215890087,27.403553944223788,27.820112228393555
2004-07-06,27.477937376992703,27.596954345703125,27.16552038794519,27.596954345703125
2004-07-07,27.596954640412203,27.596954640412203,26.18363351327519,27.195274353027344
2004-07-08,27.165523540959963,27.67134287911325,27.165523540959963,27.507694244384766
2004-07-09,27.52256967563303,27.626708674447766,27.091135707660587,27.582077026367188
2004-07-12,27.52257092113801,28.013514532121665,27.52257092113801,27.820112228393555
2004-07-13,27.8052345473955,28.38544146468105,27.8052345473955,28.31105613708496
2004-07-14,28.266423543294273,28.62347219581716,28.058145540999252,28.56396484375
2004-07-15,28.563970917960628,28.638356258892816,28.043273531435304,28.44495391845703
2004-07-16,28.444951749525014,28.50446137976942,27.5969593815697,27.834993362426758
2004-07-19,27.820118780976642,27.820118780976642,27.135772705078125,27.135772705078125
2004-07-20,27.135769527151503,27.135769527151503,27.001876831054688,27.001876831054688
2004-07-21,26.95724136727707,27.076258341471355,26.49605371360667,26.555561065673828
2004-07-22,26.391913724079625,26.48117702657526,25.662938410585575,26.183635711669922
2004-07-23,26.064619437399408,26.064619437399408,25.21662712097168,25.21662712097168
2004-07-26,24.844704482779,25.067860511067437,23.952080369625264,24.041343688964844
2004-07-27,23.595027320236753,23.803305333884204,22.68752539635838,22.99994468688965
2004-07-28,22.702398091272872,23.163585662841797,22.702398091272872,23.163585662841797
2004-07-29,23.19334314362177,23.773550033569336,22.7024018206676,23.773550033569336
2004-07-30,23.7735575531393,25.29101819056082,23.7735575531393,25.276140213012695
2004-08-02,24.29424615886366,25.990230560302734,24.29424615886366,25.990230560302734
2004-08-03,25.752197316022325,26.005106936496798,25.32076112103911,25.871212005615234
2004-08-04,25.008354066291066,25.87122225808285,25.008354066291066,25.51417350769043
2004-08-05,25.49929077819161,25.49929077819161,25.186873747339423,25.261259078979492
2004-08-06,24.978591265234478,24.99346923828125,23.92232101065262,24.100845336914062
2004-08-09,24.08596934335275,24.08596934335275,23.208223342895508,23.208223342895508
2004-08-10,23.356990826242733,23.78842478061436,23.356990826242733,23.58014678955078
2004-08-11,23.43137680230735,23.78842544555664,23.05945018639771,23.78842544555664
2004-08-12,23.059447066588973,23.77354652653397,23.059447066588973,23.654529571533203
2004-08-13,23.654532771853134,23.84793506613813,23.654532771853134,23.78842544555664
2004-08-16,23.803309343863223,26.034869594850402,23.148719244931176,25.66294288635254
2004-08-17,25.66293833577204,27.82011286254708,25.618306684654335,27.463064193725586
2004-08-18,26.763842038808743,29.307821348115997,26.763842038808743,28.63835334777832
2004-08-19,29.60535839376082,29.60535839376082,27.84986432645046,27.92424964904785
2004-08-20,28.043269530714237,28.95077146864469,27.046506558435624,27.507694244384766
2004-08-23,27.29941335048862,27.84986428283527,27.195274353027344,27.195274353027344
2004-08-24,27.522574849241646,27.522574849241646,26.8531068123682,26.98699951171875
2004-08-25,26.867982252882857,27.06138229590627,25.67781696628889,26.778718948364258
2004-08-26,26.83822568976431,26.85310366352991,26.28777471133832,26.689455032348633
2004-08-27,26.763840668168985,26.882857649479252,26.287775012988025,26.734086990356445
2004-08-30,26.70433369747945,26.70433369747945,25.603431712125523,25.945602416992188
2004-08-31,25.960471550398438,26.689446634334306,25.960471550398438,26.258012771606445
2004-09-01,26.258018482753208,26.48117444719587,25.96047719682966,26.034862518310547
2004-09-02,26.109252897359557,26.406794240919208,26.109252897359557,26.332408905029297
2004-09-03,26.12412579115788,26.317525810805176,25.96047717600724,25.97535514831543
2004-09-07,25.960477812149946,26.10924845863791,23.892566733991192,25.2910099029541
2004-09-08,24.919087649785986,26.55556504768238,24.919087649785986,25.43978500366211
2004-09-09,26.555563060124317,26.555563060124317,25.112488098544155,25.157119750976562
2004-09-10,25.216617876454098,25.291003179924463,24.993461966042997,25.09760093688965
2004-09-13,25.21662770792367,25.662939702754176,24.993471710508416,25.5290470123291
2004-09-14,25.945596662007283,25.96047463285799,25.439777433918145,25.722440719604492
2004-09-15,25.662930413088826,25.73731571863401,25.246372248023913,25.41002082824707
2004-09-16,25.157123470819634,25.811713569751685,25.157123470819634,25.66294288635254
2004-09-17,25.662939616995814,26.42167091369629,25.588554284772638,26.42167091369629
2004-09-20,26.95724395612775,26.95724395612775,26.079497943512617,26.481178283691406
2004-09-21,26.287775313632217,26.778718948364258,26.19851427917375,26.778718948364258
2004-09-22,26.6299546334321,26.778725329708255,26.46630595950406,26.644832611083984
2004-09-23,26.629947052258895,26.629947052258895,26.258020417450812,26.317527770996094
2004-09-24,26.183635364848417,26.77871798677679,26.183635364848417,26.748964309692383
2004-09-27,26.45142081544126,26.927486419677734,26.45142081544126,26.927486419677734
2004-09-28,26.927487366718918,27.12088966369629,26.808470393959,27.12088966369629
2004-09-29,27.061372363768644,27.106003999647122,26.86797239172741,26.89772605895996
2004-09-30,26.853102383774033,27.284536361694336,26.853102383774033,27.284536361694336
2004-10-01,27.016750679794765,27.254782355395545,26.77871673413404,26.95724105834961
2004-10-04,27.001874577072947,27.522571882966915,27.001874577072947,27.34404754638672
2004-10-05,27.165523540959963,27.522572218472856,27.165523540959963,27.507694244384766
2004-10-06,27.269655955497928,27.820106812754414,27.180392672673815,27.70108985900879
2004-10-07,27.031625166484428,28.63834855225953,27.031625166484428,27.998634338378906
2004-10-08,27.894499480150788,28.117655475991995,27.43330951405489,27.879621505737305
2004-10-11,27.403550236086872,28.266420364379883,27.403550236086872,28.266420364379883
2004-10-12,28.19203664303313,28.60859489440918,28.19203664303313,28.60859489440918
2004-10-13,28.415188410925484,28.563959030877974,27.715966951160688,28.117647171020508
2004-10-14,27.64159237460699,28.102780113506405,27.076263345254432,27.52257537841797
2004-10-15,27.076262176203706,27.507696214943273,27.061384201049805,27.061384201049805
2004-10-18,27.016754161332063,27.92425387223193,26.82335183931726,27.076261520385742
2004-10-19,27.15064560042487,27.44818692207336,26.704333617952134,26.778718948364258
2004-10-20,26.644826275237314,26.838226318359375,26.183636318422856,26.838226318359375
2004-10-21,26.22826514927234,27.195274341099864,26.16875552927779,26.362157821655273
2004-10-22,26.48117702657526,26.7638403677113,26.153882034191405,26.183635711669922
2004-10-25,26.139002170342792,26.25801914171097,25.96047784832048,26.01998519897461
2004-10-26,25.960484253150828,25.960484253150828,25.469540543921553,25.66294288635254
2004-10-27,26.034869066251098,26.034869066251098,24.621547602654612,25.008352279663086
2004-10-28,25.737325753231783,25.737325753231783,24.85957971360232,25.06785774230957
2004-10-29,24.785198734773864,25.424910908251288,24.785198734773864,25.276140213012695
2004-11-01,24.904211646009042,25.439787017560835,24.904211646009042,25.052982330322266
2004-11-02,24.651295980747093,25.052976277331663,24.651295980747093,24.72568130493164
2004-11-03,24.770320757225743,25.29101819056082,24.71081338715457,25.276140213012695
2004-11-04,25.871212586252817,25.871212586252817,25.157115352429834,25.677812576293945
2004-11-05,25.677814511521454,25.811707185439246,25.291009922332403,25.35051727294922
2004-11-08,25.871214516233202,25.871214516233202,25.02322228526378,25.2910099029541
2004-11-09,25.067852109549662,25.79682731628418,24.81494248293114,25.79682731628418
2004-11-10,25.588552474975586,25.88609378282414,25.350518520672733,25.588552474975586
2004-11-11,25.588554394310137,26.16875908011053,25.43978372922694,25.648061752319336
2004-11-12,25.51416714801345,25.960479109786277,25.51416714801345,25.588552474975586
2004-11-15,26.03486233525487,28.72761186195374,25.514165088549774,28.60859489440918
2004-11-16,27.909374294407023,30.021917028490133,27.25478208535569,29.75412940979004
2004-11-17,30.05167487450653,30.795528212984415,29.67974820526759,29.858272552490234
2004-11-18,29.382202792167664,29.902900056838988,29.382202792167664,29.75412940979004
2004-11-19,29.382205963134766,29.64999361073486,29.06978666259129,29.382205963134766
2004-11-22,29.188800487345315,29.23343213545723,28.41519357695843,28.474700927734375
2004-11-23,28.41519671029995,28.712738037109375,28.266426046895237,28.712738037109375
2004-11-24,28.712731315621067,28.861501944199414,28.35568271505689,28.459821701049805
2004-11-26,28.45982342820514,30.155807788899484,28.26642114530426,29.977283477783203
2004-11-29,32.268352486415445,32.268352486415445,29.545851457289384,31.152572631835938
2004-11-30,30.185566486223426,31.390609759419515,30.185566486223426,31.16745376586914
2004-12-01,29.441710458523712,31.093065566490488,29.441710458523712,30.69138526916504
2004-12-02,30.423595451324314,30.84015369146687,30.274824813420526,30.483102798461914
2004-12-03,30.155809099009694,30.81040129495433,30.155809099009694,30.72113800048828
2004-12-06,28.757361059969575,31.003796041182515,28.757361059969575,30.140928268432617
2004-12-07,28.11764994065943,30.527733767275436,28.11764994065943,30.274824142456055
2004-12-08,29.382203420003258,30.23019567229009,29.382203420003258,29.679744720458984
2004-12-09,29.590480790012226,29.828514733314513,29.307817468643186,29.75412940979004
2004-12-10,29.605357812465563,29.858267450318877,29.456587170191867,29.560726165771484
2004-12-13,29.45658874511719,29.72437636953934,29.45658874511719,29.679744720458984
2004-12-14,29.45658874511719,29.739252072526146,29.21855479672862,29.679744720458984
2004-12-15,29.679750448947324,29.813643151971046,29.60536510947628,29.7392578125
2004-12-16,29.67974408147317,29.813636755771636,29.530973434448242,29.530973434448242
2004-12-17,29.516096079319418,29.754130027563917,29.441710754250508,29.620237350463867
2004-12-20,29.60535686887184,29.6499885141434,29.53097155010583,29.590478897094727
2004-12-21,29.59047949165384,29.59047949165384,28.861504261123617,29.233430862426758
2004-12-22,29.159048709772563,29.307819366455078,29.06978540773903,29.307819366455078
2004-12-23,29.233435300030283,29.382205963134766,29.02515727970808,29.382205963134766
2004-12-27,30.364092242160275,30.364092242160275,29.099541647647005,29.575607299804688
2004-12-28,29.59047762215316,30.245069761126015,29.59047762215316,29.8433895111084
2004-12-29,29.724379822813873,30.468233160371476,29.724379822813873,30.021921157836914
2004-12-30,30.0219214435535,30.34921646118164,29.620241091461676,30.34921646118164
2004-12-31,29.783883085187842,29.94753170496566,29.441710142963274,29.75412940979004
2005-01-03,29.783885325330427,29.79876329917831,29.292941699131447,29.35245132446289
2005-01-04,29.292938079348275,29.32269402336705,27.611831665039062,27.611831665039062
2005-01-05,27.686216397999853,28.251543001414205,27.62670678128377,27.96887969970703
2005-01-06,27.96887969970703,28.192035654757884,27.820109063006463,27.96887969970703
2005-01-07,27.820108361866165,27.849862034444456,27.299411146537118,27.373796463012695
2005-01-10,27.314289093017578,27.522567070935914,27.061377201182836,27.314289093017578
2005-01-11,27.076261573663636,27.314295550467193,26.347286208550635,26.62994956970215
2005-01-12,26.615070021542582,26.71921129902553,25.335643714521783,26.228267669677734
2005-01-13,26.33241462345969,26.481185327547035,26.1687659409393,26.391921997070312
2005-01-14,26.629940909862036,26.629940909862036,26.13899741114318,26.213382720947266
2005-01-18,26.347282487434295,29.233432130740425,26.109248544249084,29.08466148376465
2005-01-19,29.14416354066888,29.15904151068793,27.93912288108942,28.117647171020508
2005-01-20,28.563966126790774,28.563966126790774,27.745727513783745,27.90937614440918
2005-01-21,27.86474524060635,27.89449891877435,26.838226318359375,26.838226318359375
2005-01-24,26.98699600444607,26.98699600444607,26.525808334350586,26.525808334350586
2005-01-25,26.972125146930043,26.972125146930043,26.49605941772461,26.49605941772461
2005-01-26,26.570440993549614,26.76384103702661,26.094373061747408,26.168758392333984
2005-01-27,26.10924817934313,26.481174791584483,26.10924817934313,26.362157821655273
2005-01-28,26.347284939997994,26.927489609188502,26.272899609585874,26.778718948364258
2005-01-31,26.77872023768931,26.808473917274696,26.421671542544217,26.62994956970215
2005-02-01,26.58531505966638,27.44818529531987,26.13900310364492,27.32916831970215
2005-02-02,27.210155636911743,28.340813678569088,27.150648274744665,28.147411346435547
2005-02-03,27.968874627320915,28.23666217882841,27.82010401760112,27.953996658325195
2005-02-04,27.745724018824056,27.939126302457844,27.5225680615681,27.56719970703125
2005-02-07,27.522569024016594,27.715971314413547,27.492815349353954,27.596954345703125
2005-02-08,27.522572218472856,27.596957548793053,27.35892358374437,27.507694244384766
2005-02-09,27.507688145828485,27.507688145828485,27.150639547474587,27.18039321899414
2005-02-10,27.091128301060497,27.22502093863663,26.347275269950206,26.89772605895996
2005-02-11,26.838224085519247,27.09113600405625,26.71920938274883,26.95724105834961
2005-02-14,29.3078206707089,29.754132660618172,28.117655364284175,28.935894012451172
2005-02-15,28.935888290455566,29.233429558223747,28.415191071861248,29.099536895751953
2005-02-16,29.605361341155383,29.605361341155383,28.96564704911839,29.29294204711914
2005-02-17,29.025153170696058,29.26318483592963,28.846626584196073,29.054906845092773
2005-02-18,29.010276776187496,29.15904742632179,28.504457473754883,28.504457473754883
2005-02-22,28.861506810276666,28.861506810276666,28.26642419563179,28.325931549072266
2005-02-23,28.489577972062456,29.38220182497303,28.385438976568192,29.11441421508789
2005-02-24,28.593719779551282,28.935892744162647,28.325932143331077,28.861507415771484
2005-02-25,28.99540253031758,30.126060524700826,28.980526825427958,29.962411880493164
2005-02-28,29.96241116703809,30.408723164184003,29.38220647877249,30.364093780517578
2005-03-01,30.349212950494028,30.98892720689389,30.02191797072619,30.84015655517578
2005-03-02,30.85503445390842,31.15257577851722,30.721141765858523,31.107946395874023
2005-03-03,31.093063999357675,31.479868574359266,30.185562180347706,31.24183464050293
2005-03-04,31.37573238745258,31.56913470625419,31.212086017743683,31.53938102722168
2005-03-07,31.50962043175106,32.37249055465293,31.50962043175106,32.134456634521484
2005-03-08,32.1047157058895,32.34274745044722,31.688157315337726,31.926191329956055
2005-03-09,31.896425890096687,32.28323048130682,31.65839421632577,32.26835250854492
2005-03-10,32.28323362511956,32.50638961791992,32.23860197254746,32.50638961791992
2005-03-11,32.58078068679191,32.61053437039331,32.06008327855551,32.56590270996094
2005-03-14,32.655161373495794,34.17262172135007,32.4915127319371,34.14286804199219
2005-03-15,32.72954305013021,34.11311055126134,32.72954305013021,33.919708251953125
2005-03-16,33.75605520587246,33.90482583660801,33.39900660013101,33.830440521240234
2005-03-17,33.62217208317348,33.80069643668269,32.074957992679884,33.32463073730469
2005-03-18,33.02709275099454,33.39901947116339,31.256722471014996,32.56590270996094
2005-03-21,32.50638773637166,32.50638773637166,31.420361513593,32.11958312988281
2005-03-22,32.0898288001384,32.72954305013021,32.0898288001384,32.580772399902344
2005-03-23,32.045200030402135,32.58077532736926,31.658397667090476,31.94106101989746
2005-03-24,31.539384443511686,32.16422085111634,31.539384443511686,31.88155746459961
2005-03-28,31.73277630237116,31.8666689633277,31.61375934259885,31.628637313842773
2005-03-29,31.241830973794784,31.97080612182617,31.241830973794784,31.970806121826172
2005-03-30,31.479863321218225,33.60728131853872,31.479863321218225,33.473388671875
2005-03-31,31.345975548999075,33.44364262523595,29.605359395345054,29.679744720458984
2005-04-01,29.069784146500755,29.783883721606497,29.069784146500755,29.679744720458984
2005-04-04,29.307810470787683,29.679736999604785,28.727605993856756,29.39707374572754
2005-04-05,29.36732292175293,29.590478877906246,29.36732292175293,29.36732292175293
2005-04-06,29.010274901644873,29.36732353087196,29.010274901644873,29.233430862426758
2005-04-07,29.025156675156786,29.29294204711914,29.025156675156786,29.29294204711914
2005-04-08,29.025157318457097,29.26318901770594,28.668106364493575,28.935894012451172
2005-04-11,28.801997182911613,28.876382503869483,28.593716922193668,28.60859489440918
2005-04-12,28.593718207607672,28.638349856200755,28.266423234691654,28.29617691040039
2005-04-13,28.504463553239056,28.563970917960628,28.34081489516406,28.44495391845703
2005-04-14,28.41519260219789,28.41519260219789,28.04326599745708,28.221790313720703
2005-04-15,28.296175284513428,28.311053256542888,27.894495010375977,27.894495010375977
2005-04-18,27.76060325789413,27.864742255355406,27.18039638050721,27.195274353027344
2005-04-19,27.373797423397463,27.67133869973874,27.373797423397463,27.56719970703125
2005-04-20,27.150637259230855,27.552317466040464,26.942359306087926,27.01674461364746
2005-04-21,27.01674461364746,27.120883590218927,27.001866644111782,27.01674461364746
2005-04-22,26.793596922470734,27.001874939600626,26.659701965692832,26.778718948364258
2005-04-25,26.629937947303652,26.808462216960876,25.588543725900717,26.12411880493164
2005-04-26,25.66293651660351,26.258019102495762,25.633182841320878,25.900970458984375
2005-04-27,25.529046368165993,25.99023405581779,23.05945248439394,25.88609504699707
2005-04-28,25.69269746490156,25.960485158369632,25.58855843690302,25.856346130371094
2005-04-29,25.365393380879627,25.886090605707068,25.15711539897255,25.79682731628418
2005-05-02,25.365394604637448,26.74896203708419,25.365394604637448,25.97535514831543
2005-05-03,26.005110423656376,26.04974207326845,25.38027413926731,25.93072509765625
2005-05-04,25.9009714212682,26.019986126820402,25.9009714212682,25.93072509765625
2005-05-05,26.005103187591512,26.823341545913525,25.886086245096436,26.258012771606445
2005-05-06,26.228266106418435,27.433307012019956,26.228266106418435,27.284536361694336
2005-05-09,27.254779602590133,28.325927709754694,27.254779602590133,28.266420364379883
2005-05-10,28.23667335510254,28.48958303771775,28.23667335510254,28.23667335510254
2005-05-11,28.206911075282818,28.26641841655701,28.043262481689453,28.043262481689453
2005-05-12,28.013521615655527,28.013521615655527,27.64159488754024,27.671348571777344
2005-05-13,28.132536065098954,28.132536065098954,26.867985304468938,27.52257537841797
2005-05-16,27.49281925640626,27.49281925640626,26.481178283691406,26.481178283691406
2005-05-17,27.53744985687364,27.53744985687364,25.767077654798086,27.34404754638672
2005-05-18,27.2399140031944,27.2399140031944,26.15388752190352,27.135772705078125
2005-05-19,25.603428561745343,26.332403804234097,25.603428561745343,26.034862518310547
2005-05-20,25.737313875268974,26.600183811804285,25.737313875268974,26.540674209594727
2005-05-23,26.06461337729046,26.406786273151674,26.04973767663713,26.287769317626953
2005-05-24,26.302643074588865,26.302643074588865,26.109240836602183,26.12411880493164
2005-05-25,26.034870090175023,26.46630417221657,26.034870090175023,26.198518753051758
2005-05-26,26.183627972024027,26.183627972024027,25.692684493536692,25.737316131591797
2005-05-27,25.66294029047061,26.31753032318895,25.66294029047061,26.243144989013672
2005-05-31,25.73731968118944,26.138999938964844,25.73731968118944,26.138999938964844
2005-06-01,25.737321232386996,26.183633161272322,25.737321232386996,26.034862518310547
2005-06-02,26.079496086754936,26.600193375486256,25.81170845568111,26.317527770996094
2005-06-03,26.272900890327005,26.421671558403464,26.25802291549526,26.347286224365234
2005-06-06,26.332406311521947,27.894498211357995,26.183635654394703,27.805234909057617
2005-06-07,27.210152911177186,27.210152911177186,27.076260224683573,27.165523529052734
2005-06-08,27.07625964965343,27.07625964965343,26.689455032348633,26.689455032348633
2005-06-09,26.496054023928057,26.52580770031011,26.36215907511882,26.377037048339844
2005-06-10,26.347281819211386,26.9721180666505,26.347281819211386,26.927486419677734
2005-06-13,27.076255196039156,27.210147857666016,26.793591901467025,27.210147857666016
2005-06-14,26.8679816114466,27.091137597355424,26.778718309059034,26.853103637695312
2005-06-15,26.853109362165725,26.912616729736328,26.77872401767219,26.912616729736328
2005-06-16,26.912607795046455,27.15064172642534,26.83822247524803,26.942363739013672
2005-06-17,27.225022619424813,27.239900588989258,26.85309608090808,27.239900588989258
2005-06-20,27.00187175156994,27.00187175156994,26.615067171071715,26.763837814331055
2005-06-21,26.65970324928753,26.70433490369573,26.347286208550635,26.62994956970215
2005-06-22,26.40679293922758,26.629948935897108,26.40679293922758,26.42167091369629
2005-06-23,26.406782042717307,26.48116734424609,26.12411880493164,26.12411880493164
2005-06-24,26.12412615185674,26.362157821655273,26.034862856894858,26.362157821655273
2005-06-27,26.034867561469643,26.466301601607018,26.034867561469643,26.332408905029297
2005-06-28,26.03486255018824,26.704330444335938,25.737321263900373,26.704330444335938
2005-06-29,25.960478481820328,27.93912858516304,25.70756883027877,27.284536361694336
2005-06-30,27.225034915843644,27.99864201135279,27.225034915843644,27.715978622436523
2005-07-01,26.882852639069068,27.71596908290508,26.882852639069068,27.55232048034668
2005-07-05,26.689451881892648,28.043265612593498,26.436542248151778,27.611831665039062
2005-07-06,27.894495355560757,28.266421960301567,27.522568750819946,28.221790313720703
2005-07-07,27.522567789605322,27.96887969970703,27.195272842876022,27.96887969970703
2005-07-08,27.968881296618264,28.11765194181304,27.701093681255685,27.92424964904785
2005-07-11,27.820112228393555,27.92425123192099,26.555561672557484,27.820112228393555
2005-07-12,27.477941853823868,27.834992818127503,27.299417506702166,27.358924865722656
2005-07-13,27.299421370637507,27.492823719918437,26.763845983407315,27.135772705078125
2005-07-14,27.135763165652016,27.29941177368164,27.135763165652016,27.29941177368164
2005-07-15,26.80847262651708,27.225030930836994,26.659701965692832,26.778718948364258
2005-07-18,26.68945064235757,27.210147857666016,26.168753427049126,27.210147857666016
2005-07-19,27.180398655832388,27.225030307069108,26.451423342519597,26.689455032348633
2005-07-20,26.46630442227136,26.77872377432942,26.46630442227136,26.5853214263916
2005-07-21,26.40678734778544,27.225025828984425,26.40678734778544,27.210147857666016
2005-07-22,26.689450308613335,27.492813078507787,26.629942964203234,27.106008529663086
2005-07-25,27.15065207039865,27.15065207039865,26.644832611083984,26.644832611083984
2005-07-26,26.615076655780214,26.778725329708255,26.302659555636687,26.644832611083984
2005-07-27,26.644824042716564,27.254782339263734,26.555560745631638,27.12088966369629
2005-07-28,27.04651034996216,27.49282239444978,27.001878691501304,27.225034713745117
2005-07-29,26.719206914730698,27.82010870408782,26.719206914730698,27.641584396362305
2005-08-01,27.641586012618575,28.444946579387285,27.22502775686226,28.430070877075195
2005-08-02,28.325928360218896,28.489576968847146,27.70109213919608,28.415191650390625
2005-08-03,28.1176503364076,28.1176503364076,27.686216397999853,27.96887969970703
2005-08-04,27.96887969970703,28.1176503364076,27.388675124598716,27.96887969970703
2005-08-05,27.894495632344157,28.251544268414214,27.894495632344157,27.9837589263916
2005-08-08,27.98376051572668,28.92101380615676,27.98376051572668,28.83175277709961
2005-08-09,28.83174988775909,28.83174988775909,28.177157723305857,28.415191650390625
2005-08-10,28.147404674767408,28.474699629229626,28.117651000736267,28.34080696105957
2005-08-11,28.147403403570554,28.638346948121725,28.147403403570554,28.266420364379883
2005-08-12,28.311057687422537,28.757369677439517,28.043270039400312,28.653230667114258
2005-08-15,28.921008802207457,31.494741087428235,28.921008802207457,31.226953506469727
2005-08-16,30.95917260642343,31.256713900977967,30.72113866275583,31.152572631835938
2005-08-17,31.18233077854304,31.18233077854304,30.23019720672015,31.137699127197266
2005-08-18,30.602121051492915,31.16744995334601,30.602121051492915,30.7806453704834
2005-08-19,30.869910220710423,31.98569010820598,30.869910220710423,31.955936431884766
2005-08-22,31.955941248624768,31.985694929430775,31.271595239784904,31.822046279907227
2005-08-23,31.955936739950495,32.0154440931666,31.836919763458273,32.00056838989258
2005-08-24,32.00056777203766,32.01544347502447,31.301343899918724,31.46499252319336
2005-08-25,31.985690776634897,31.985690776634897,31.018681520597095,31.494747161865234
2005-08-26,31.539381682741325,31.584013337247818,31.49475002823483,31.524503707885742
2005-08-29,31.49474238282654,31.717898331127238,31.107940101141146,31.628637313842773
2005-08-30,31.6435158872689,31.658393859863278,31.107942924769763,31.65839385986328
2005-08-31,31.65838781901649,31.65838781901649,31.197197997310774,31.61375617980957
2005-09-01,31.241832422016405,31.598881027387012,31.01867647614486,31.360849380493164
2005-09-02,31.107939449789594,31.390602737028072,31.107939449789594,31.31621742248535
2005-09-06,31.241839984880833,31.926185959240406,31.241839984880833,31.866676330566406
2005-09-07,31.554254019437934,33.47339438976025,31.554254019437934,33.08658981323242
2005-09-08,32.95269966930017,33.473396955271056,32.80392901616563,33.458518981933594
2005-09-09,33.473395331302605,33.48827330391826,32.7295421017181,33.22048568725586
2005-09-12,33.11634384941047,33.25023651123047,32.72953929517093,33.25023651123047
2005-09-13,32.149343362227185,33.3246307715941,32.149343362227185,33.10147476196289
2005-09-14,32.84855813575907,33.13122144691684,32.84855813575907,32.863433837890625
2005-09-15,32.878318463341664,35.55619055537854,32.878318463341664,35.10987854003906
2005-09-16,35.258639422666676,39.42421707597751,35.10986879219129,38.30843734741211
2005-09-19,39.20106759856396,39.453979528151116,37.936517030868345,38.338199615478516
2005-09-20,38.53159381505517,38.85889102258216,35.80909078646597,37.17778015136719
2005-09-21,36.93974822018102,37.088518851538936,34.63380343413342,34.94622039794922
2005-09-22,34.64868413952642,35.22889104765708,34.61893046296946,35.124752044677734
2005-09-23,35.02060571362817,35.18425431614575,34.663557106393064,34.94622039794922
2005-09-26,34.97598393581174,35.615695973525774,34.96110596142111,35.392539978027344
2005-09-27,35.31815333993685,35.42229461669922,35.109875326532304,35.42229461669922
2005-09-28,35.45204947017026,37.02901713696872,35.00573748087746,36.95463180541992
2005-09-29,37.192658122640125,38.129911291282895,36.746346225168445,37.17778015136719
2005-09-30,37.252178842101046,37.54972021390716,36.00250598853958,37.1182861328125
2005-10-03,37.043895047542755,38.53160167595813,36.67196839043891,37.28192901611328
2005-10-04,37.02901200609166,37.66872622278221,36.98438262939453,36.98438262939453
2005-10-05,37.192658013554606,37.192658013554606,36.16614156040438,36.28515625
2005-10-06,36.07688138464919,36.225652029534345,34.97597952052303,35.407413482666016
2005-10-07,35.51154802002558,35.66031864622599,33.235356985147405,35.318145751953125
2005-10-10,35.33302814402479,35.33302814402479,34.48503592258017,34.96110153198242
2005-10-11,34.96110444843702,34.96110444843702,33.51802952734334,33.59241485595703
2005-10-12,33.48826907014432,33.63703969725281,32.13445545543324,32.72953796386719
2005-10-13,32.41712094148336,32.789047534524975,32.04519434844174,32.61052322387695
2005-10-14,32.536138880218516,33.32462373510576,32.10470492738617,32.863433837890625
2005-10-17,32.580771750932854,32.89319101821235,32.357615780036056,32.81880569458008
2005-10-18,32.74440959984513,32.848548564662345,32.5956390015179,32.803916931152344
2005-10-19,32.26835122911465,32.89318973938097,32.26835122911465,32.74441909790039
2005-10-20,32.64028604952072,33.32463208062923,32.64028604952072,32.95270538330078
2005-10-21,33.07171220545057,33.39900714439033,32.387366384891294,33.25023651123047
2005-10-24,33.35437902685185,34.54454421796207,33.35437902685185,34.321388244628906
2005-10-25,34.36601861665089,34.559420907033626,33.91970668656452,34.24700164794922
2005-10-26,34.723063623595664,36.076877244720365,32.7592917904723,35.80908966064453
2005-10-27,35.6008189890638,36.43393331359811,33.87507844457256,34.75282669067383
2005-10-28,34.96111415106536,35.69008966576542,34.45529468413806,35.2586555480957
2005-10-31,35.88348294213188,36.9546312462137,34.856966290315995,35.63057327270508
2005-11-01,33.562660238136054,36.41905632285699,33.562660238136054,34.35114288330078
2005-11-02,34.96109968764285,36.13638681167162,34.633804740323676,35.4669189453125
2005-11-03,36.0768814007771,36.0768814007771,35.33302817601881,35.85372543334961
2005-11-04,35.0801210402065,35.853727995219984,34.812333406147204,35.333030700683594
2005-11-07,35.10988484958053,35.511565281559356,34.45529468413806,35.2586555480957
2005-11-08,35.39253486355199,35.54130550571918,34.24700137287655,34.8718376159668
2005-11-09,34.52967140346961,35.169383431154436,33.50315247823415,34.0684814453125
2005-11-10,34.068482708567366,34.395777721624526,33.60729273330939,34.14286804199219
2005-11-11,34.217251741871735,35.21401470816641,34.217251741871735,34.916473388671875
2005-11-14,31.762531298260356,32.43199917105741,26.778714911882265,31.985687255859375
2005-11-15,31.673272431941488,31.985691724248895,31.316223757927403,31.68815040588379
2005-11-16,31.68814588345533,31.68814588345533,30.95917066552182,31.03355598449707
2005-11-17,30.378966322517957,33.741183925691686,30.378966322517957,31.46499252319336
2005-11-18,30.929412996133653,33.10146509704207,30.929412996133653,32.04519271850586
2005-11-21,32.060068031759826,32.10469967096674,31.212075967066237,31.61375617980957
2005-11-22,31.80715843633324,31.985682723101448,31.093059019200943,31.61375617980957
2005-11-23,31.45011073915446,31.941054279427934,31.45011073915446,31.628637313842773
2005-11-25,31.316218746042697,32.41712053977992,29.888019738436803,31.836915969848633
2005-11-28,31.985690416558548,32.43200237585936,31.896427116674378,32.00056838989258
2005-11-29,31.92617990852355,32.030318901391134,31.836916617460027,31.985687255859375
2005-11-30,31.985681774828908,31.985681774828908,31.241828710298005,31.643508911132812
2005-12-01,31.92617990852355,32.43199917105741,31.613760659861008,31.985687255859375
2005-12-02,31.241828710298005,31.91129646837582,30.57236095222019,31.643508911132812
2005-12-05,31.80716644491685,31.985690776634897,31.256715476261185,31.494747161865234
2005-12-06,31.241837496041267,31.985690769756538,30.884788832681956,31.71790313720703
2005-12-07,31.98569161981309,33.428766555160074,31.83692096111628,33.19073486328125
2005-12-08,32.35761359462061,32.77417183283917,32.06007232018732,32.61052322387695
2005-12-09,32.610522231422685,32.610522231422685,31.985686028140716,32.35761260986328
2005-12-12,32.35761705369651,32.38737073030859,30.974049525664377,31.77741241455078
2005-12-13,32.1939684610948,32.38737076436676,31.822041827902574,31.896427154541016
2005-12-14,31.27158957449945,31.970811162038387,31.04843360379171,31.479869842529297
2005-12-15,31.98568784622919,31.98568784622919,31.078186027219218,31.24183464050293
2005-12-16,31.836913468533734,31.98568409221847,31.241830973794784,31.970806121826172
2005-12-19,32.34274200965731,32.34274200965731,31.256717959564387,31.866676330566406
2005-12-20,31.98569302288991,32.32786600691426,31.316225029387564,31.53938102722168
2005-12-21,31.970809896112822,31.970809896112822,31.048432374388874,31.301342010498047
2005-12-22,31.792288772439566,31.792288772439566,31.390608454755654,31.762535095214844
2005-12-23,31.27159053047886,31.673270836020265,31.27159053047886,31.509624481201172
2005-12-27,31.74765425143183,31.74765425143183,31.464990938260993,31.732778549194336
2005-12-28,31.70302583138993,32.580771741985664,31.479869860554412,32.372493743896484
2005-12-29,32.41712659761556,32.77417755126953,32.134463245608806,32.77417755126953
2005-12-30,31.316227915055595,33.027090722766474,31.316227915055595,32.95270538330078
2006-01-03,33.02707445578768,33.02707445578768,32.2385897917953,32.922935485839844
2006-01-04,32.59564842469692,32.863433763053486,31.673268632367115,31.91130256652832
2006-01-05,33.05683496484448,34.54454132932947,31.926179489871743,34.12798309326172
2006-01-06,34.217251934976055,36.86537014743405,33.26512061524425,36.523197174072266
2006-01-09,36.89512125651042,36.89512125651042,35.49667805239248,36.37442398071289
2006-01-10,36.74634899446658,36.74634899446658,35.05036456428438,36.032249450683594
2006-01-11,35.00573695116236,36.419058229202854,35.00573695116236,35.63057327270508
2006-01-12,35.40741988359871,35.40741988359871,34.67844449990169,35.10987854003906
2006-01-13,34.79745604813267,35.228892318988116,34.76770237050198,35.19913864135742
2006-01-17,34.812328718018286,35.6900745597222,34.58917276469766,35.52642822265625
2006-01-18,34.30650697576086,34.30650697576086,32.80392275774508,33.30974197387695
2006-01-19,33.17586036473472,33.83045042354839,32.72954834189075,33.3692626953125
2006-01-20,33.3990109761556,34.90159545148102,33.220486649894156,33.919708251953125
2006-01-23,34.172621647926576,34.93135295525361,33.41389261065976,34.81233596801758
2006-01-24,34.99086783675625,35.33304089735329,34.2172606584895,35.2586555480957
2006-01-25,34.514790852864586,37.386064856274366,33.86020089988597,36.59757995605469
2006-01-26,37.10339730374046,37.10339730374046,35.91323216463014,36.53807067871094
2006-01-27,36.28516307741612,38.680371612195344,36.017377705379786,38.53160095214844
2006-01-30,38.53160297617449,38.53160297617449,36.850493975325485,37.698486328125
2006-01-31,37.49020569240566,39.36471688504998,37.386066686160994,39.3349609375
2006-02-01,38.57622713128718,39.36471428814304,33.5031494069208,38.397705078125
2006-02-02,38.30843994380434,38.57622528076172,37.34143078017433,38.57622528076172
2006-02-03,38.35307607691689,38.35307607691689,36.30004269155732,37.08852767944336
2006-02-06,36.46368981786157,36.969509155832824,36.46368981786157,36.523197174072266
2006-02-07,35.12474592767086,37.177778763343326,35.12474592767086,36.43392562866211
2006-02-08,35.3627838248692,36.270285717753005,30.765771547291905,32.11958312988281
2006-02-09,32.80392627710961,34.93134689331055,32.729540956753354,34.93134689331055
2006-02-10,34.276755657800514,35.25864282161631,33.84532169585532,34.96110153198242
2006-02-13,35.10987652244234,36.1661491394043,35.10987652244234,36.1661491394043
2006-02-14,35.12474307295192,35.913225515583406,34.82720184326172,34.82720184326172
2006-02-15,34.96110280354818,35.838848731868595,32.81880634829092,35.7049560546875
2006-02-16,35.57106337750641,35.86860467796214,34.99085647958176,35.7049560546875
2006-02-17,35.7049560546875,35.86860467796214,35.55618540445964,35.7049560546875
2006-02-21,35.70495477243632,35.70495477243632,34.39577264343501,35.407413482666016
2006-02-22,34.7081938126784,35.48180075457324,34.35114288330078,34.35114288330078
2006-02-23,34.72306453369896,35.66031996750033,34.44040124146888,35.61568832397461
2006-02-24,34.67843732676666,36.09175841633361,34.67843732676666,36.04712677001953
2006-02-27,35.39254178127566,36.00250244140625,35.39254178127566,36.00250244140625
2006-02-28,35.690076799923844,35.88347909228652,35.05036484296561,35.407413482666016
2006-03-01,35.362784684979964,35.67520397243976,35.12475299601732,35.377662658691406
2006-03-02,35.556184111250204,35.556184111250204,34.75282353726265,34.96110153198242
2006-03-03,34.88672137624038,35.035492043090024,33.87508038765079,34.14286804199219
2006-03-06,34.14286679278363,34.44040811559656,32.20884819449959,33.8453254699707
2006-03-07,33.84532099409092,33.84532099409092,32.72954118109892,33.08658981323242
2006-03-08,32.72954432459247,33.02708563663422,32.37249565816639,32.65515899658203
2006-03-09,32.714664109605586,32.982451726108394,32.4320007905559,32.55101776123047
2006-03-10,32.31298947705375,33.02708915606174,32.238604141116674,32.83368682861328
2006-03-13,33.02708902887667,33.7709423853829,33.02708902887667,33.72631072998047
2006-03-14,33.3543777776805,34.03872364496308,33.3543777776805,34.02384567260742
2006-03-15,32.7741672291855,33.81556154342161,32.7741672291855,33.473388671875
2006-03-16,33.93457849048906,33.93457849048906,33.309740085899826,33.473388671875
2006-03-17,33.696551623188995,33.756058974102224,33.696551623188995,33.711429595947266
2006-03-20,32.90806673825912,33.711429595947266,32.90806673825912,33.711429595947266
2006-03-21,33.66679763793945,33.71142928574365,32.789049464656614,33.66679763793945
2006-03-22,33.65191295744644,33.65191295744644,33.29486438630356,33.473388671875
2006-03-23,33.19073425750912,33.53290495021865,32.80392964393305,32.87831497192383
2006-03-24,32.95269902547201,33.59241327546382,32.580772399902344,32.580772399902344
2006-03-27,32.55102500419814,33.08659808631486,32.41713003112365,32.95270538330078
2006-03-28,32.93782740738348,33.250246741163544,32.61053236774652,32.95270538330078
2006-03-29,33.175855000813804,33.69655227661133,32.46175542570806,33.69655227661133
2006-03-30,33.04196232363272,33.83044495379242,33.02708435058594,33.69655227661133
2006-03-31,33.54777990768894,36.88024139404297,33.54777990768894,36.88024139404297
2006-04-03,35.704954833984374,37.87700716107572,34.2470020575847,37.19266128540039
2006-04-04,37.19266125413238,37.19266125413238,35.719832776492694,36.3000373840332
2006-04-05,37.08851740828053,37.08851740828053,35.52642583980953,36.49343490600586
2006-04-06,36.255409562234654,36.71659951847522,35.89836088454269,36.07688522338867
2006-04-07,35.76446725184145,36.731476582287065,34.45528720513248,35.48180389404297
2006-04-10,35.97274621490019,36.44881187517618,35.00573692025266,36.07688522338867
2006-04-11,36.076882062147334,36.61245730181556,35.0503655011865,36.06200408935547
2006-04-12,36.21077438642229,36.419054653192106,35.40741380475845,35.89835739135742
2006-04-13,35.92811107254517,36.12151336669922,35.70495510315048,36.12151336669922
2006-04-17,36.00250068610634,37.89188766479492,35.987622711683045,37.89188766479492
2006-04-18,37.56459417973975,38.33820347988558,37.34143817471159,38.23406219482422
2006-04-19,37.207544227903654,38.38283157348633,37.207544227903654,38.38283157348633
2006-04-20,38.47209355278971,39.37959548607699,37.80262558333323,39.20106887817383
2006-04-21,39.57299609963037,40.495376020256344,38.99279142574256,40.301971435546875
2006-04-24,40.16807241684269,40.82266231857473,37.98114448371544,40.37635040283203
2006-04-25,40.37634883638095,43.51541009667802,39.93003693795348,43.44102478027344
2006-04-26,43.12861373567416,43.872467041015625,41.507014438053815,43.872467041015625
2006-04-27,42.92033637266388,43.50054105165329,42.518653765606416,43.29226303100586
2006-04-28,42.11697198753245,43.292259216308594,41.521889386621,42.845947265625
2006-05-01,43.73857512802328,44.42292108907084,42.02771249546454,42.518653869628906
2006-05-02,42.39963912963867,42.71205843124955,41.908697755764685,42.39963912963867
2006-05-03,42.325249374998066,42.53352737426758,42.01283010603386,42.53352737426758
2006-05-04,41.78967914665476,42.384761810302734,41.78967914665476,42.384761810302734
2006-05-05,42.22110810530337,42.54840534709823,41.878937430797734,42.53352737426758
2006-05-08,42.69717159041439,43.29225412129124,42.69717159041439,43.21786880493164
2006-05-09,42.25085966361285,43.14348345932298,42.25085966361285,42.667415618896484
2006-05-10,41.968196263515644,42.23598158550364,39.64737349251526,41.7747917175293
2006-05-11,41.77479808064099,41.77479808064099,40.36147685906497,40.46561813354492
2006-05-12,40.465613045251004,41.16483685141896,39.141555291132505,40.06393051147461
2006-05-15,39.79614237549894,39.79614237549894,38.07040220932262,38.78450393676758
2006-05-16,38.68036460966195,39.49860309178941,38.29356005554145,38.84401321411133
2006-05-17,37.93651957844579,38.59110959648117,37.04389558836471,38.38283157348633
2006-05-18,37.951388742295045,38.62085657943429,37.951388742295045,38.30843734741211
2006-05-19,39.05228882735547,39.05228882735547,37.80261649290392,37.96626281738281
2006-05-22,37.83237620008074,38.635739060460274,37.802622524524445,38.516719818115234
2006-05-23,38.085285847399135,38.68036843876475,37.83237620008074,38.516719818115234
2006-05-24,38.21918165802589,38.620864256200626,38.15967430203118,38.53160095214844
2006-05-25,38.47208980188522,39.24569443376105,38.07040724332599,38.977909088134766
2006-05-26,38.78450907951941,39.587869656814775,38.72499718925177,39.42422103881836
2006-05-30,38.784513973278735,40.9714400129629,38.50184607920033,40.6143913269043
2006-05-31,40.688774752792625,40.91193073863975,38.397707539452824,40.89705276489258
2006-06-01,40.45074141257269,40.763160705566406,39.825907366705486,40.763160705566406
2006-06-02,40.16807680996982,40.911930084228516,40.153198836460625,40.911930084228516
2006-06-05,40.89704823982282,40.89704823982282,39.67713170957543,40.56975555419922
2006-06-06,39.94492464223774,40.00443200183708,38.27869133273306,39.90029525756836
2006-06-07,38.948159952694404,40.43586666655012,38.948159952694404,40.10857391357422
2006-06-08,40.06392921344254,40.5697529922156,39.007661362770186,40.420982360839844
2006-06-09,40.36147689819336,40.495374119831695,40.153198889151625,40.36147689819336
2006-06-12,40.45074020653047,40.61438883513562,39.84077961270405,40.13832092285156
2006-06-13,40.37635557428429,40.37635557428429,38.07041038093212,38.66549301147461
2006-06-14,38.72499779396029,39.855655624904216,38.41258306577567,39.29032897949219
2006-06-15,39.32008612159347,39.796154079905975,39.096930117407084,39.3498420715332
2006-06-16,39.3647226050512,39.706893350995166,38.97791793129661,39.27545928955078
2006-06-19,38.799382497637374,39.6622549648817,38.68036779738564,38.977909088134766
2006-06-20,39.379600580988075,39.45398592055162,38.72500596073223,39.27545928955078
2006-06-21,39.29033351758487,39.29033351758487,38.12991960701292,38.948158264160156
2006-06-22,39.290329017214006,39.90028958160935,38.65061250719162,39.40934371948242
2006-06-23,39.7663930256492,39.98954900119183,38.53159844369461,39.84077835083008
2006-06-26,39.513483055122876,39.766390420095014,38.72499593579648,38.799381256103516
2006-06-27,39.409349431292135,39.9746806993033,38.68037405897403,39.3498420715332
2006-06-28,39.11180181465391,39.57299172397228,38.90352381886749,39.543235778808594
2006-06-29,39.70688563779307,39.94491958618164,39.245695714062705,39.94491958618164
2006-06-30,39.453976966086046,40.13831830265603,38.903523762198226,39.974674224853516
2006-07-03,37.72824385588706,40.004433353333674,37.72824385588706,39.64738464355469
2006-07-05,39.721769216447214,40.67390060424805,39.58787652037095,40.67390060424805
2006-07-06,41.04582276557107,41.29873469486706,40.54000344709917,40.911930084228516
2006-07-07,40.22758604332583,41.06070265744293,40.21270806912154,40.629268646240234
2006-07-10,40.168079273120775,41.29873722735121,40.03418658356778,41.28385925292969
2006-07-11,41.50701578944606,42.384761810302734,40.70365510154538,42.384761810302734
2006-07-12,41.53676489541968,43.560041986387894,41.53676489541968,43.47078323364258
2006-07-13,41.70040844691858,45.0626258085388,41.70040844691858,44.49729919433594
2006-07-14,45.732102824644365,45.85112208413026,40.39123670598402,44.571693420410156
2006-07-17,43.90222233731916,45.76185557305684,43.39640300522255,44.45267105102539
2006-07-18,43.173242014936534,44.779963128413115,43.173242014936534,44.58656311035156
2006-07-19,44.30388453736737,44.5419184143819,43.29224623520385,44.467533111572266
2006-07-20,42.41451332320183,44.03611250400787,42.34012799802615,43.18811798095703
2006-07-21,43.4707935383681,43.67907157767882,41.68554541835497,42.7269401550293
2006-07-24,43.143493114477984,43.44103444630197,41.31361573980864,42.384761810302734
2006-07-25,42.369880012167975,43.58980117860703,41.90869462155517,43.05422592163086
2006-07-26,43.38152635683802,43.38152635683802,42.07234179480435,43.06910705566406
2006-07-27,43.66418388729968,43.66418388729968,42.518648115775775,43.00959396362305
2006-07-28,43.931968606631116,44.51217774041479,42.99471538149078,43.14348602294922
2006-07-31,43.14349049202148,43.57492448891766,42.99471983515244,43.12861251831055
2006-08-01,42.83106676786255,43.50053465442556,42.77155941930311,43.14348602294922
2006-08-02,43.143486654645606,43.45590591430664,42.51864813532353,43.45590591430664
2006-08-03,43.57491997515478,43.57491997515478,42.102091532740104,43.14348602294922
2006-08-04,43.12861307632452,43.54517364501953,43.12861307632452,43.54517364501953
2006-08-07,43.5749174417778,43.5749174417778,43.09885414086015,43.44102478027344
2006-08-08,43.188125440238636,43.961734771728516,42.578169300544744,43.961734771728516
2006-08-09,43.545174935573655,43.78320436460223,43.441033655283405,43.73857498168945
2006-08-10,43.634426729172745,44.24438725886528,43.53029000564255,44.050987243652344
2006-08-11,43.902226086224246,44.36341607609323,43.58980676791812,44.33366012573242
2006-08-14,44.63120791886616,49.09432871075278,44.63120791886616,48.45461654663086
2006-08-15,43.96172947617051,48.35046389088127,43.96172947617051,47.904151916503906
2006-08-16,45.09238264510001,48.35045880748836,44.77996338785845,48.171932220458984
2006-08-17,49.0496832254711,49.10919057514739,47.82976212656826,47.91902542114258
2006-08-18,47.97852162442779,49.07942322809635,47.63635103819254,48.9306526184082
2006-08-21,48.84139691028751,48.91578222665415,47.219797921518655,48.8116455078125
2006-08-22,48.06779989663754,48.91578991238316,48.06779989663754,48.70751190185547
2006-08-23,48.35047042040856,48.46948514693356,46.148666198850584,47.50247573852539
2006-08-24,47.978542472513936,48.11243517138984,45.46431898430401,47.08591842651367
2006-08-25,46.28255890122141,48.290963057146065,45.77673950330898,47.50247573852539
2006-08-28,47.75538704774338,47.75538704774338,45.955260958168786,47.51735305786133
2006-08-29,47.234675027376056,47.60660160239477,46.89250439440658,47.04127502441406
2006-08-30,47.056147262417426,47.53221508242049,46.22303538759087,47.309059143066406
2006-08-31,47.23467703425404,47.442955017089844,46.95201373325406,47.442955017089844
2006-09-01,47.23468531862846,47.309070649838894,46.87763663684242,46.981773376464844
2006-09-05,46.862765010475925,47.23469171690827,46.535467692767085,46.78837966918945
2006-09-06,46.773503000562066,46.86276632062556,44.95850334650253,46.639610290527344
2006-09-07,47.01150920429292,47.01150920429292,45.12212078414899,45.98499298095703
2006-09-08,45.28577556465605,45.74696539207967,45.062619635914196,45.583316802978516
2006-09-11,45.107268068740154,45.553580069921146,44.750214835699,45.270912170410156
2006-09-12,45.226277633555895,45.46431158175649,45.032877604460374,45.40480422973633
2006-09-13,45.22628876657197,46.639610290527344,43.188128542293164,46.639610290527344
2006-09-14,46.49083189261976,48.49923583038093,46.49083189261976,47.978538513183594
2006-09-15,47.978533442498716,48.57361602783203,47.785133418313315,48.57361602783203
2006-09-18,48.57363021708102,48.57363021708102,46.371825824208194,47.94879150390625
2006-09-19,47.606603619816184,47.978530210596,46.193282574852894,47.7702522277832
2006-09-20,47.97853975340104,48.484359109443815,47.755383754548006,48.27608108520508
2006-09-21,46.80324686866762,48.49923135146163,46.80324686866762,48.1124267578125
2006-09-22,47.72562277705099,48.39509070307638,47.65123745193705,48.201690673828125
2006-09-25,48.02317790465149,48.45461654663086,46.223056150687555,48.45461654663086
2006-09-26,47.60662073343316,48.09756219369823,47.60662073343316,47.94879150390625
2006-09-27,47.6066106059922,48.484356581016144,47.6066106059922,48.469478607177734
2006-09-28,48.06778977714045,48.454594309613995,47.591721961770055,48.43971633911133
2006-09-29,48.45459940234237,48.51410675048828,46.31229854813231,48.51410675048828
2006-10-02,49.31746992589878,50.43324978847567,46.9371395524014,48.78189468383789
2006-10-03,48.78190543589961,49.39186613657425,48.69264211919488,49.138954162597656
2006-10-04,49.15382317125548,49.36210117882164,48.499233201710396,48.82653045654297
2006-10-05,48.09753604564736,48.26118462347581,47.97852137456413,48.14216995239258
2006-10-06,47.755374363924936,48.57361286548751,47.755374363924936,48.55873489379883
2006-10-09,48.64800262451172,48.64800262451172,48.380217270149544,48.42484664916992
2006-10-10,48.54386839505657,48.573624345466506,48.290960977054525,48.33559036254883
2006-10-11,47.60660561781196,48.633122143422085,47.60660561781196,48.61824417114258
2006-10-12,48.722385429578544,49.168697357177734,47.755376253113624,49.168697357177734
2006-10-13,48.36533869281684,49.45136260986328,48.36533869281684,49.45136260986328
2006-10-16,49.09431142700684,49.91254995079029,49.09431142700684,49.85304260253906
2006-10-17,49.04968644762342,49.98693975192398,48.57361853869993,49.83816909790039
2006-10-18,49.5257647588023,50.74568630590518,49.5257647588023,50.62666702270508
2006-10-19,49.62989729882981,50.71592139301202,49.62989729882981,50.65641403198242
2006-10-20,50.701039517380636,51.77219009399414,50.22497612564596,51.77219009399414
2006-10-23,51.682930468287616,52.88797381772833,51.623423107599805,52.664817810058594
2006-10-24,52.70944339386089,52.70944339386089,51.623419384246176,52.44165802001953
2006-10-25,53.37890682332227,53.37890682332227,51.43001496161732,52.6796875
2006-10-26,52.069722565127094,53.14087295965751,52.069722565127094,52.813575744628906
2006-10-27,52.798696442468895,52.798696442468895,51.74242404617086,52.620174407958984
2006-10-30,49.3174735365987,52.84333997653031,45.672592385326695,52.7987060546875
2006-10-31,52.7838217129874,53.200382232666016,51.84656848891993,53.200382232666016
2006-11-01,50.62665421321237,53.37891144665733,50.62665421321237,51.891204833984375
2006-11-02,51.89119580789538,51.89119580789538,50.3588600794288,51.35562515258789
2006-11-03,50.74567346629837,52.02510206122117,50.74567346629837,51.891204833984375
2006-11-06,49.8976727308658,51.9953397042098,49.8976727308658,51.8465690612793
2006-11-07,50.909322101716455,52.14411677418689,50.909322101716455,51.891204833984375
2006-11-08,50.16546384956868,52.14411163330078,49.838166611000744,52.14411163330078
2006-11-09,52.14410217266281,53.378896499363,51.92094624325056,52.42676544189453
2006-11-10,53.126001424010894,53.126001424010894,52.05485089971559,52.63505554199219
2006-11-13,52.93259998966221,53.37891197790597,52.93259998966221,53.096248626708984
2006-11-14,53.4532897813695,56.02702460851763,53.185504442184005,55.774112701416016
2006-11-15,55.77411895210648,57.88666411841824,55.64022626750817,57.70813751220703
2006-11-16,55.93775947930301,57.79739244071601,55.93775947930301,56.83038330078125
2006-11-17,56.19067514840791,56.68161646711451,54.27153017136249,55.164154052734375
2006-11-20,54.86661144974188,55.20878665350818,53.70620224769552,54.1971435546875
2006-11-21,55.28317192212475,55.28317192212475,53.63181687455151,53.85497283935547
2006-11-22,55.38730870145084,55.833620631487086,52.12923252021015,54.1971435546875
2006-11-24,53.79547374196252,54.89637576250908,53.25989843625542,54.06325912475586
2006-11-27,53.64668037058067,54.37565541753902,52.14409637167559,52.24823760986328
2006-11-28,51.44487566307442,54.64344381171849,51.44487566307442,53.959102630615234
2006-11-29,53.929370673927096,55.6104775161281,53.55744397962415,55.04515075683594
2006-11-30,53.5723165223057,61.23400564792498,53.5723165223057,60.9959716796875
2006-12-01,59.95457760376618,61.96298156816034,58.7941682403866,61.87371826171875
2006-12-04,61.739819844563804,63.97137959798177,59.85043077062195,62.92998504638672
2006-12-05,65.75662947676462,65.75662947676462,59.71653997879344,60.9810905456543
2006-12-06,61.11498508277037,63.79285695272833,59.50826377684368,61.5910530090332
2006-12-07,61.44228621753932,61.44228621753932,60.41576951079097,60.802574157714844
2006-12-08,60.25211466505756,60.25211466505756,58.02055486264802,59.55289077758789
2006-12-11,60.14796889121504,60.25211015691685,59.508256945103064,59.79092025756836
2006-12-12,59.88018546167329,59.88018546167329,58.466864314130696,58.95780563354492
2006-12-13,58.66026306815882,60.07358418507478,58.39247772521212,59.65702819824219
2006-12-14,60.07358614463857,61.73981922655995,59.552888874053124,61.72494125366211
2006-12-15,61.710077568121086,61.710077568121086,59.5677806383149,60.19261932373047
2006-12-18,60.386004729144915,60.400882701873776,59.047068905704364,59.50825881958008
2006-12-19,58.98756600367469,59.16609260964561,58.16932738319496,58.481746673583984
2006-12-20,59.0768372395411,59.0768372395411,57.276711124739414,57.484989166259766
2006-12-21,57.18743700359896,57.752768198181236,56.60723237609919,57.008914947509766
2006-12-22,56.90478395266758,57.58912997489375,55.93777455216473,56.72625732421875
2006-12-26,57.54448078133724,59.18095779418945,57.44034405913656,59.18095779418945
2006-12-27,58.15444937376849,59.34461463919275,58.15444937376849,59.151214599609375
2006-12-28,59.13633030379428,59.13633030379428,58.76440369811004,59.12145233154297
2006-12-29,59.21071756361293,60.252112093626224,58.065181764550374,59.62727355957031
2007-01-03,59.50825886706473,60.25211210290304,57.36596245587437,60.073585510253906
2007-01-04,59.79092021533639,60.26698808660883,58.24370644388049,59.671905517578125
2007-01-05,59.59752730634991,61.08523390640797,56.01215349218594,58.58588409423828
2007-01-08,60.66867467895232,60.66867467895232,57.24694942298123,57.871788024902344
2007-01-09,59.27021629645396,59.27021629645396,56.517959724458876,57.51472473144531
2007-01-10,56.562608003883284,58.09494401985698,56.53285205517453,57.871788024902344
2007-01-11,56.53284893922242,58.76440876577067,56.53284893922242,58.74953079223633
2007-01-12,58.73464638899101,58.85366562411654,57.32132532022741,58.258583068847656
2007-01-16,58.25858880268183,58.63051543633006,58.09494017585261,58.54125213623047
2007-01-17,58.57101558249336,60.13310764382857,58.10982558969408,59.43388366699219
2007-01-18,58.89829449403477,60.25210820367206,57.03866152478564,60.05870819091797
2007-01-19,58.57100988279079,60.80256975325343,58.18420526388657,60.26699447631836
2007-01-22,59.151209506934386,59.88018476122094,57.7378883759242,57.856903076171875
2007-01-23,58.51148722462046,58.74952114170883,57.871775328807345,58.020545959472656
2007-01-24,58.60075818112903,59.25534813370995,58.13956825767886,59.01731872558594
2007-01-25,59.00243949861762,59.00243949861762,58.09493764404141,58.1693229675293
2007-01-26,58.913186498654234,59.1809718939635,57.961055099629405,57.97593307495117
2007-01-29,57.7081407210835,57.7081407210835,56.97916536207323,57.27670669555664
2007-01-30,57.276707243439795,58.6156432569228,57.276707243439795,58.15445327758789
2007-01-31,55.9526387803062,59.344607566459985,55.9526387803062,58.57100296020508
2007-02-01,59.344607079325485,60.25210888662951,58.02054929823582,59.93968963623047
2007-02-02,59.329726624232634,60.46038434305424,59.3148531930282,60.23722839355469
2007-02-05,60.2521095275879,60.2521095275879,59.478500379333965,60.25210952758789
2007-02-06,60.05871269625144,60.17772739916351,59.701659507275444,60.16284942626953
2007-02-07,59.90993886977538,60.2521095275879,59.27022239022549,60.25210952758789
2007-02-08,60.25210636487854,60.28186230752625,59.805794465879444,60.23722839355469
2007-02-09,60.43064571126685,60.43064571126685,59.880192436793514,60.088470458984375
2007-02-12,59.686797630995684,60.05872432475782,58.46687625940757,59.047080993652344
2007-02-13,59.04707407807202,59.04707407807202,58.13957214355469,58.13957214355469
2007-02-14,57.78251833908816,58.838790839940394,57.633747692210946,58.05030822753906
2007-02-15,58.31810002060502,58.94293862258821,57.75277331604525,58.213958740234375
2007-02-16,58.45199262572606,58.80904130915274,57.63375397865141,58.76441192626953
2007-02-20,59.01731747133917,59.01731747133917,56.845265117468834,58.1693229675293
2007-02-21,57.380845952521234,59.6570352572614,57.380845952521234,58.55613327026367
2007-02-22,58.19907638790418,58.43710578064223,57.842023218557806,57.91640853881836
2007-02-23,57.470092809963255,58.54124316680126,57.27669280614609,58.020545959472656
2007-02-26,57.61885592211121,59.166073911233966,56.59233961249154,58.24369430541992
2007-02-27,57.38084226571129,58.09493957893055,56.101413751083435,57.11305236816406
2007-02-28,57.425467182495765,57.57423782286492,56.532843340280806,57.02378463745117
2007-03-01,56.32456538077449,57.58911582456313,56.190672712397266,57.470096588134766
2007-03-02,56.919646590952986,57.42546584843341,56.17579340638778,56.83038330078125
2007-03-05,56.81552258107965,56.81552258107965,55.193923054353284,56.324581146240234
2007-03-06,53.70620656175335,56.66674169411407,53.557435906457634,56.51797103881836
2007-03-07,56.33945343250762,56.53285348364032,55.58072212246625,56.50309753417969
2007-03-08,56.488227020359176,57.9461778169057,56.20555910622894,57.73789978027344
2007-03-09,57.38084284586581,59.9843292809755,57.2767015724134,58.98756408691406
2007-03-12,58.64538830952688,59.16608555135127,57.69325257809513,58.466861724853516
2007-03-13,58.13957397096683,58.43711530048072,57.58912523543835,58.40736389160156
2007-03-14,58.69001647968364,59.62726967966119,57.336202770734204,59.285099029541016
2007-03-15,58.704896301109294,58.80903302654371,57.44034584281932,58.22882843017578
2007-03-16,58.00567242470728,58.13956509452242,57.27669718671843,58.10981369018555
2007-03-19,57.827158726937284,58.690026759315074,57.27670545585882,57.32133483886719
2007-03-20,57.32133159522143,59.09170602304578,57.32133159522143,58.74953079223633
2007-03-21,58.03544112978258,58.615645853301274,57.15769505675475,57.73789978027344
2007-03-22,56.96427609045759,58.02054852287225,56.96427609045759,57.84202194213867
2007-03-23,58.36273317611526,58.82392317023602,57.484987113826456,58.3181037902832
2007-03-26,58.3032181826716,58.60075948959018,57.96104749576325,58.54125213623047
2007-03-27,58.4668630748142,60.32649612426758,58.1395658420625,60.32649612426758
2007-03-28,59.82068377526262,60.95134170838246,58.7644111727412,60.11822509765625
2007-03-29,60.772817678456185,60.98109570494822,59.73142300587554,60.04384231567383
2007-03-30,60.49014093909334,60.9959601887321,60.0587070067579,60.54964828491211
2007-04-02,63.22752244492587,65.53346738115258,60.86207016030434,61.81420135498047
2007-04-03,62.17124006864642,63.36140500718043,61.59103556913488,63.22751235961914
2007-04-04,63.39117043788978,63.42092184173627,61.85883012602731,62.4985466003418
2007-04-05,62.49854725314432,62.92998120444161,62.40928396043323,62.48366928100586
2007-04-09,62.171246360785545,63.27214813232422,62.171246360785545,63.27214813232422
2007-04-10,63.62922700579215,63.62922700579215,62.57295418089351,62.7514762878418
2007-04-11,63.61433420480516,63.61433420480516,62.230764362725424,62.394412994384766
2007-04-12,62.453929418886105,65.45909895991223,62.09688069621984,64.90864562988281
2007-04-13,65.02766300010404,65.04254097563953,63.82261962366112,64.50696563720703
2007-04-16,64.71524032747564,66.4261030027997,64.65573296853194,65.71200561523438
2007-04-17,65.4442118527005,66.63437712227494,64.7896218624586,66.3814697265625
2007-04-18,65.6524905741467,66.12855850315339,64.83425194249912,65.47396850585938
2007-04-19,66.75339769034525,68.28573368910716,66.09880314706804,66.35171508789062
2007-04-20,66.35170107245719,66.7682570209899,65.8756332397461,65.8756332397461
2007-04-23,64.71522542454252,66.693873029521,64.71522542454252,66.50047302246094
2007-04-24,66.94680247524916,69.87758653299163,65.48885170405863,69.22299194335938
2007-04-25,68.97006436293832,70.53215596405263,68.97006436293832,70.47264862060547
2007-04-26,70.59166901808848,70.59166901808848,69.63953782555232,69.8626937866211
2007-04-27,69.84781597944432,72.54056549072266,69.2527334151892,72.54056549072266
2007-04-30,72.55544471820096,72.8232300607011,70.9933529600041,72.16864013671875
2007-05-01,71.72233460781523,71.9008566720438,69.01470683587378,71.09749603271484
2007-05-02,71.9306158311316,72.15377182647121,70.26438258321444,70.54705047607422
2007-05-03,70.66606450764348,71.82647385614193,70.38340115763697,71.35041046142578
2007-05-04,68.99982270316185,73.35880528582112,68.89568597668723,72.16864013671875
2007-05-07,72.15375460303672,73.09100774368825,71.38014552114201,72.61494445800781
2007-05-08,70.44290408385568,72.83811250138355,70.29413343109147,72.48106384277344
2007-05-09,70.16024074430734,73.1356537992812,70.16024074430734,72.92737579345703
2007-05-10,74.13241832303298,74.26631554960073,72.28766304056013,73.49270629882812
2007-05-11,74.20680559155085,74.251439514946,73.12078155740758,73.55221557617188
2007-05-14,74.20680365329495,74.37045228789535,72.85299427462327,73.49270629882812
2007-05-15,74.53408870249604,76.43835102894712,73.35880158507139,73.6265869140625
2007-05-16,75.81352422857404,76.86979675272029,74.16216910379553,76.4234848022461
2007-05-17,74.3853251139323,79.94935106455038,74.3853251139323,79.88983917236328
2007-05-18,80.27663184196108,84.57610686990591,80.06835839895611,83.66860961914062
2007-05-21,84.62073639383077,86.33159871699111,82.53794747867904,84.90340423583984
2007-05-22,84.45710771242707,84.79927842335034,83.01403045654297,83.01403045654297
2007-05-23,83.28179315017043,84.79925532465936,82.80572533931768,84.14466094970703
2007-05-24,82.56772347858974,85.84067828314645,81.68997287618029,83.31157684326172
2007-05-25,82.99915814439726,86.13821556304397,82.71649024706814,84.76952362060547
2007-05-29,85.49849321203024,86.31673177593821,83.87688951691676,84.27857208251953
2007-05-30,83.31157798608686,86.03407952208393,83.31157798608686,84.51661682128906
2007-05-31,85.24557365000221,85.24557365000221,83.77274073494848,84.62073516845703
2007-06-01,85.0372898191433,85.30508422156426,84.05540727772906,84.6504898071289
2007-06-04,84.84390251003877,85.31997042085004,84.6207465281185,85.05218505859375
2007-06-05,85.0075365867927,85.03728344684257,83.31154787299715,84.72486877441406
2007-06-06,83.19256077885305,84.6356380990844,83.19256077885305,84.36784362792969
2007-06-07,83.83228815375433,84.72491233995225,83.4901173650937,83.68351745605469
2007-06-08,82.19578548885127,84.85878380013358,82.19578548885127,84.4273452758789
2007-06-11,84.05541234592631,85.0819334031316,84.05541234592631,84.94803619384766
2007-06-12,84.93316144559722,84.9777908212538,83.87688446044922,83.87688446044922
2007-06-13,83.68348482138231,89.24751037760191,83.68348482138231,88.68217468261719
2007-06-14,91.21129459675191,92.32707462727934,89.48555844829929,92.2378158569336
2007-06-15,94.08257054705889,94.54375596846735,92.23781070094377,93.96354675292969
2007-06-18,92.38655896253988,95.95705399490858,92.38655896253988,95.0644302368164
2007-06-19,94.6925433762995,94.6925433762995,92.62462717086315,93.35360717773438
2007-06-20,93.72550580990014,94.0974324202569,91.16664891459783,91.50881958007812
2007-06-21,91.80637247035123,92.22293759078563,88.86071516011764,89.26239776611328
2007-06-22,89.33676634313572,89.39627822924838,86.83742149046631,86.852294921875
2007-06-25,87.77468871442821,88.14661536152325,85.91505547895304,86.64403533935547
2007-06-26,84.99268584354944,85.84068051739523,83.65374975229024,85.007568359375
2007-06-27,84.50171907435683,84.79926033870315,82.44868616641493,84.41246032714844
2007-06-28,84.71001187184206,87.23911292571574,84.71001187184206,87.03083038330078
2007-06-29,87.7598078216723,92.57997131019961,87.7598078216723,91.13689422607422
2007-07-02,91.49393737792968,93.39819962438196,91.31541080602258,92.98164367675781
2007-07-03,92.9072583618164,92.98164367675781,91.8509905217439,92.98164367675781
2007-07-05,92.98164613833397,93.07090488653122,89.79795094246187,92.89238739013672
2007-07-06,93.08580528502344,94.09744397335287,93.08580528502344,93.62137603759766
2007-07-09,93.35359041448625,97.05798353075892,93.35359041448625,96.74555969238281
2007-07-10,96.77528369176814,97.04306897894149,95.95704532081545,96.43311309814453
2007-07-11,95.95709702556225,97.44480395619112,95.95709702556225,96.90923309326172
2007-07-12,96.99843843092124,102.78561883443163,96.90917969636202,101.64008331298828
2007-07-13,101.16401271969785,101.53593923704967,97.83154749213055,100.3904037475586
2007-07-16,99.94411341971,101.31280511394922,99.9292399879123,100.97063446044922
2007-07-17,101.13425923987062,102.9492625047004,98.33737357746672,100.40528869628906
2007-07-18,99.67635011167705,100.34581813481518,95.27274185824272,96.67118072509766
2007-07-19,97.44475310366016,98.54565928990348,96.71577345598043,97.53401184082031
2007-07-20,97.4150173182804,97.44477326356912,93.68087773065781,94.0230484008789
2007-07-23,94.02307653730843,94.02307653730843,92.53536963007254,93.42799377441406
2007-07-24,93.50235359437461,93.54698297335975,90.39304337497168,90.80960845947266
2007-07-25,90.15502198209468,91.99978183956713,84.05542478528629,86.58452606201172
2007-07-26,85.5431332428198,86.13821590885682,81.70485186292929,81.98751068115234
2007-07-27,82.21065761259995,86.28697705740792,80.78246300374569,82.77599334716797
2007-07-30,84.79925672802182,85.31995391845703,82.44868265581907,85.31995391845703
2007-07-31,86.28698233228232,87.38788884241106,83.6388664146845,84.99267578125
2007-08-01,83.3115492700776,83.69834925959339,77.43510963406321,78.83355712890625
2007-08-02,79.27986998664343,85.3497096929556,75.50109246562798,84.5314712524414
2007-08-03,82.2999180247874,84.53147757491591,81.8536061147617,83.35618591308594
2007-08-06,86.31672297191984,87.74491741479221,83.22229562553717,86.88204956054688
2007-08-07,86.88205372781556,92.81800589371235,86.61426839196261,91.46418762207031
2007-08-08,92.95190839106449,92.95190839106449,84.8141513120057,89.26239776611328
2007-08-09,87.19447965090527,90.67571670532226,81.82386249044667,85.54312896728516
2007-08-10,82.93963989695987,89.64919278388246,76.64664302665561,88.07222747802734
2007-08-13,90.00624080461156,93.72550695356246,89.41115822077943,91.10714721679688
2007-08-14,94.46935905416215,95.95706549595998,90.95837548361509,92.95189666748047
2007-08-15,92.63948699252312,92.63948699252312,86.10845172521392,86.8671875
2007-08-16,86.86717939347375,86.86717939347375,77.36073196765987,79.96421813964844
2007-08-17,81.09487530483699,84.79926801330346,78.84844218780849,82.41893768310547
2007-08-20,83.31157073606394,84.4273507012791,79.96423084041852,80.60394287109375
2007-08-21,80.60394153380767,83.68349600275722,78.1789815990203,81.08000946044922
2007-08-22,80.99075075336052,85.12657327598096,80.9758682392498,81.31803894042969
2007-08-23,80.88661669047931,85.24559559140886,80.85686073984418,83.31157684326172
2007-08-24,83.31156416161961,89.17313141508666,82.68672561435949,87.8193130493164
2007-08-27,87.32837917897606,89.24752436372786,85.54313122301744,88.47391510009766
2007-08-28,86.3613814133325,89.24753629335112,84.7992892430655,86.56966400146484
2007-08-29,87.40276207358151,88.22100069724908,86.65890877933826,87.77468872070312
2007-08-30,87.77469372148273,89.2624003947282,86.62915776703554,88.51854705810547
2007-08-31,88.74168084049376,93.874267578125,88.62266615248048,93.874267578125
2007-09-04,93.10066842449078,93.10066842449078,90.02111423711152,91.10714721679688
2007-09-05,90.75009157252667,92.23779799174842,89.26238515330493,91.74685668945312
2007-09-06,91.52370456940069,92.23780186456226,90.00624214203252,91.86587524414062
2007-09-07,91.82125615465306,91.86588553805659,89.48555490063326,91.36006164550781
2007-09-10,92.83289645691211,92.83289645691211,87.7746937653496,88.75657653808594
2007-09-11,89.26238384990992,92.98164984365617,88.51853065116067,90.77984619140625
2007-09-12,89.76821778973036,93.7255136216599,89.14337921620458,90.72034454345703
2007-09-13,90.72032816623532,92.95188761151942,90.45254284884895,92.08901977539062
2007-09-14,91.79148219130073,92.23779409822764,88.8755813648072,90.42279052734375
2007-09-17,89.2921422696639,90.51206336548462,85.2455789402232,88.48877716064453
2007-09-18,91.01787415907857,91.01787415907857,86.37622845544666,89.47066497802734
2007-09-19,90.60133847882672,93.81478133464924,89.97649984568314,92.2378158569336
2007-09-20,92.17828354214325,93.16017519969598,89.44090925496394,90.39303588867188
2007-09-21,88.1912509661157,90.00625494805865,86.31674416458313,89.38141632080078
2007-09-24,89.35165653178312,91.34518704732258,87.77469113667806,89.26239776611328
2007-09-25,88.93508646855562,89.91697813730536,88.10197451953091,88.54828643798828
2007-09-26,87.89369962637824,90.21452725208123,87.89369962637824,89.23263549804688
2007-09-27,88.60778686984808,90.54180513130757,88.60778686984808,89.53016662597656
2007-09-28,89.53017800002604,92.17829383224341,88.54829531310233,90.7500991821289
2007-10-01,90.18478703105897,97.2662676883627,89.26240700924842,94.55863952636719
2007-10-02,95.2132309084838,100.30118975120415,94.76691888860027,97.95061492919922
2007-10-03,97.3852662969319,109.64397179604887,97.3852662969319,108.15626525878906
2007-10-04,108.75134009718985,108.75134009718985,104.88330337690677,107.47191619873047
2007-10-05,108.42403930117058,113.6310116380293,107.70994205387778,109.61420440673828
2007-10-08,108.21575601496998,110.98288600168338,107.7099322590064,110.80435943603516
2007-10-09,108.75134771531629,117.49906032561655,108.75134771531629,115.29725646972656
2007-10-10,115.32702267421833,116.33866139201375,112.79792133960933,114.55341339111328
2007-10-11,115.98160066430223,116.78496584488546,110.09028627415955,111.22093963623047
2007-10-12,110.74488077708837,114.07733804797672,110.12004220122171,111.66725158691406
2007-10-15,110.1497930608069,116.7849604288737,110.1497930608069,115.59479522705078
2007-10-16,114.70217750186326,122.40849578256814,114.64266560647172,117.40980529785156
2007-10-17,120.83151133298608,123.68790933559532,118.71896650396056,122.64651489257812
2007-10-18,122.25968375020493,127.1988697482913,121.27780137020778,125.11608123779297
2007-10-19,127.94275791989428,130.1148057594617,118.6892217519656,123.89619445800781
2007-10-22,123.44986944710338,123.44986944710338,115.29724057476759,120.47445678710938
2007-10-23,123.47962987145712,129.2816847690316,122.43823540266169,127.9427490234375
2007-10-24,128.24030702027852,128.24030702027852,122.61677797163223,125.68144989013672
2007-10-25,126.9311255572777,129.72801207495576,124.9673510813794,128.1510467529297
2007-10-26,129.9362741638882,130.9181567070959,128.0022559398061,128.3295440673828
2007-10-29,130.53136468798752,132.85218306691513,128.80561979574958,132.3463592529297
2007-10-30,132.3166345013964,132.3166345013964,125.71121327249668,127.46670532226562
2007-10-31,128.83540022624678,136.09540710655057,126.48482545618103,133.3580322265625
2007-11-01,133.5067694666278,133.5067694666278,130.17430366081538,130.53135681152344
2007-11-02,129.4304681972369,130.2338333560744,124.37226599182765,128.0022735595703
2007-11-05,124.25327098320294,129.22220613633075,123.27137906893829,128.29983520507812
2007-11-06,130.88841116349468,132.34636166297247,126.99061846308213,128.9246368408203
2007-11-07,131.03717314550155,131.03717314550155,120.47445808842843,121.09929656982422
2007-11-08,120.17691363539332,122.70601435670366,108.6025603856796,116.04109191894531
2007-11-09,113.36321965431681,114.52362874811642,106.78755601580085,109.3464126586914
2007-11-12,107.3529175920825,110.38784305479616,101.55086115119698,102.08644104003906
2007-11-13,102.05667064051286,112.7681579380594,102.05667064051286,111.63750457763672
2007-11-14,102.65174865722656,110.06052522252625,93.54698304723328,95.51075744628906
2007-11-15,96.04631713955796,96.04631713955796,82.4784426590545,89.32189178466797
2007-11-16,89.08385311007461,91.49393917763071,84.7992607012187,86.88204956054688
2007-11-19,84.94803123078133,87.0605760301515,83.60909553712628,85.98942565917969
2007-11-20,86.01920756250513,92.23782006711039,85.06707159423188,89.88724517822266
2007-11-21,88.51851840093465,93.66597819181818,86.76302691087967,91.16663360595703
2007-11-23,89.91700162607954,95.00495156141342,89.91700162607954,94.55863952636719
2007-11-26,96.46288368827472,96.46288368827472,88.84582533478648,89.53016662597656
2007-11-27,88.78631962772464,89.53017285697877,87.17959846858365,88.8755874633789
2007-11-28,88.96485621875158,91.94026947021484,88.96485621875158,91.94026947021484
2007-11-29,92.23778233523869,93.78500038069912,90.18474964124385,90.51204681396484
2007-11-30,90.77984276259906,95.06443520951535,90.00623364907165,94.6776351928711
2007-12-03,94.67764034413001,94.67764034413001,92.68411010621833,93.21968078613281
2007-12-04,93.16017542380523,93.33870200562967,91.43443057315459,93.07090759277344
2007-12-05,95.03467931735169,95.03467931735169,92.98164638130037,93.81475830078125
2007-12-06,93.93381715849371,96.6116895745139,92.23782766291735,95.65955352783203
2007-12-07,96.40334547279987,96.40334547279987,94.61809833441468,95.8677749633789
2007-12-10,94.38009401998994,97.1174682426178,94.38009401998994,95.57025909423828
2007-12-11,94.08255204596429,95.00492270739939,89.23262395662536,89.32189178466797
2007-12-12,90.0954970713671,92.77336862464044,88.60779065288193,90.30377960205078
2007-12-13,88.07222620000476,91.82124845564756,88.07222620000476,91.01788330078125
2007-12-14,89.79795954362906,91.37493386132672,88.22099430617114,90.18476867675781
2007-12-17,90.18476329357176,90.18476329357176,84.79926433881332,85.2158203125
2007-12-18,85.24558786991071,85.78115861186633,81.88337459823728,81.9726333618164
2007-12-19,80.75269951101927,81.7940939643897,75.48621989771272,80.12786102294922
2007-12-20,80.960999959808,81.08001467906853,78.10460129635041,80.03861999511719
2007-12-21,81.10976798058545,83.34132794476017,79.44353472462016,80.782470703125
2007-12-24,80.78246948157629,81.79410816732323,80.30640154703637,80.60394287109375
2007-12-26,80.60393767466864,83.75787732239473,80.18738166389123,83.19255065917969
2007-12-27,82.56770465316755,84.41246420904572,81.91311020940712,83.87688446044922
2007-12-28,83.93640267460918,85.48361198883504,82.35942833404988,83.90664672851562
2007-12-31,83.9066491881082,90.24427544149691,83.9066491881082,89.202880859375
2008-01-02,90.00623695376099,92.65435252246843,87.98295988739198,89.44091033935547
2008-01-03,90.48230506089931,91.9104995727539,89.32189588498754,91.9104995727539
2008-01-04,91.22616321976835,91.46419262460323,88.34000901488677,90.6310806274414
2008-01-07,88.39949683890023,89.88720291468032,86.76302015554214,88.45899963378906
2008-01-08,88.69706087230999,89.73845539326577,87.77468105198695,88.8755874633789
2008-01-09,89.26239776611328,90.30379240671793,87.77469113667806,89.26239776611328
2008-01-10,87.77469871431539,89.55994682375909,87.77469871431539,88.81609344482422
2008-01-11,87.7746824466447,93.81476713206366,87.7746824466447,91.31542205810547
2008-01-14,89.85747506494144,96.49264260485928,89.38140715583413,95.42150115966797
2008-01-15,95.77854137690625,95.77854137690625,87.80443827532345,87.95320892333984
2008-01-16,87.77469152094982,88.25075946050141,82.7462449074927,84.11493682861328
2008-01-17,83.31156003748707,84.23393983966429,77.5690168527132,78.431884765625
2008-01-18,78.81868728998967,79.145984530789,67.75015201551231,70.33876037597656
2008-01-22,65.45907752115029,78.19383987953314,64.12014184458131,78.16409301757812
2008-01-23,72.92737811183014,78.10459517602119,72.92737811183014,77.53926849365234
2008-01-24,77.5095001971395,81.82384857663479,77.5095001971395,80.81221008300781
2008-01-25,82.80573775421068,83.49008817248921,77.74753580104068,80.87171936035156
2008-01-28,80.99073238019078,80.99073238019078,77.30121359330946,77.80703735351562
2008-01-29,77.36074299829913,80.63369750976562,76.61688970023856,80.63369750976562
2008-01-30,78.69967646363904,80.33615366798692,76.85491671027809,78.01533508300781
2008-01-31,77.36074176033698,83.13304144486791,77.12271234086283,81.79410552978516
2008-02-01,81.9726451003531,87.32838960781719,81.37756237730154,86.73330688476562
2008-02-04,85.09681701660156,88.90534225797566,84.94804635748163,85.09681701660156
2008-02-05,84.11493598026534,84.11493598026534,80.03861620678276,80.15763092041016
2008-02-06,78.99722160740268,84.97780404231632,78.99722160740268,79.71131896972656
2008-02-07,78.28310228377812,78.66990226478838,75.87301641684257,76.5276107788086
2008-02-08,75.03991254216568,78.31287127717874,75.03991254216568,77.71778869628906
2008-02-11,75.39695613791015,77.18220376112937,74.77212219385513,75.8730239868164
2008-02-12,75.72426420589865,77.30122953368962,73.52246030436851,73.87950897216797
2008-02-13,73.49270363335347,79.50304173263068,73.28442562419795,79.38401794433594
2008-02-14,77.42025243550097,79.68155912559736,76.8549166827367,78.907958984375
2008-02-15,77.50950132505724,80.57417279333818,77.47974538182132,79.44351959228516
2008-02-19,81.82386738199494,86.01920203471998,81.82386738199494,84.71002197265625
2008-02-20,84.7397716713354,85.21583964077372,83.04379144802806,83.31157684326172
2008-02-21,83.31156935385609,83.81739322845782,80.60394153380767,81.08000946044922
2008-02-22,80.18738567324657,80.96099492065066,75.99205124869096,79.53279113769531
2008-02-25,80.00884148146633,82.15114214495667,77.74752613227952,81.61556243896484
2008-02-26,79.20550034418353,82.71648416964807,78.90795903422078,79.59230041503906
2008-02-27,77.68803305466393,83.63885888680609,77.68803305466393,83.10327911376953
2008-02-28,82.65697344351163,83.43058267639402,80.63369613927178,82.00238800048828
2008-02-29,80.45517350410553,81.28829467302081,78.22361353775511,79.20550537109375
2008-03-03,79.41379390481889,80.8717448764521,77.53928680989652,80.57420349121094
2008-03-04,80.78246550750055,82.44869865629997,80.18738288866076,82.03214263916016
2008-03-05,82.65698129920717,85.09682393935508,80.93124514512091,81.3478012084961
2008-03-06,81.5858268897891,81.67508564637777,80.33614981610928,80.36590576171875
2008-03-07,78.90796431407679,80.27664716729409,76.67640434003887,77.89631652832031
2008-03-10,77.30122752815728,77.30122752815728,71.76696197054834,73.37368774414062
2008-03-11,74.3853187255198,74.62335265346536,71.58843255748806,73.61170959472656
2008-03-12,73.8497643131092,74.74238838911,71.4099260800645,71.6777114868164
2008-03-13,71.46943344377372,72.80836955777492,70.72558004710638,71.6777114868164
2008-03-14,72.0049972692795,72.8083579010367,68.82130614928165,71.55868530273438
2008-03-17,71.26113038496537,71.26113038496537,62.03735150423917,65.45907592773438
2008-03-18,68.34524511810356,70.3090197847066,65.42933906834654,70.1304931640625
2008-03-19,69.7734288546072,71.4991691543442,64.77473453610396,65.2210464477539
2008-03-20,65.78636835250589,67.57161574833923,63.64406784541077,66.94677734375
2008-03-24,65.42932740347077,75.84327248161152,65.31031270433992,75.18868255615234
2008-03-25,75.2779591477762,76.8549246203565,73.64148177499845,75.57550048828125
2008-03-26,75.57548708090202,75.57548708090202,73.01663019046137,73.84974670410156
2008-03-27,74.14728147870896,74.89113463266897,73.1356430053711,73.1356430053711
2008-03-28,74.23656327232045,75.0994313299786,73.25467595628571,74.71263122558594
2008-03-31,75.12917964592845,75.12917964592845,72.15376659064415,72.48106384277344
2008-04-01,73.49269166948488,74.35555951271449,70.24949373169706,73.58195495605469
2008-04-02,72.95712832902942,76.31934604120802,72.48106495693798,76.23008728027344
2008-04-03,74.44483729553643,79.29476171562297,74.32582258368114,78.40213775634766
2008-04-04,77.77729538932648,80.6932056294088,76.64664206128316,80.306396484375
2008-04-07,81.49657044296855,84.20419842753465,79.26501041397029,82.95452117919922
2008-04-08,83.28179791158944,84.26368953015499,81.22876500766327,83.07352447509766
2008-04-09,83.78762917256152,83.90664387264502,76.79540884984111,76.82516479492188
2008-04-10,77.83679962158203,78.84843814398533,76.91441984988758,77.83679962158203
2008-04-11,78.43189120948372,79.17574448521813,76.55737550648891,76.9144287109375
2008-04-14,77.27147556686504,78.61041135318179,77.27147556686504,78.431884765625
2008-04-15,79.14598835873824,80.48492425202517,78.87820299612889,80.24689483642578
2008-04-16,81.73458894048892,84.0554071700806,81.73458894048892,83.75786590576172
2008-04-17,84.0554072167772,84.20417784901927,82.21064774487984,83.5495834350586
2008-04-18,84.79927307810867,86.0489502081979,83.69836660254242,85.6026382446289
2008-04-21,85.60263072728533,86.85229866739266,85.12656285857044,86.28697204589844
2008-04-22,85.54312899396136,86.28698228956102,83.34132505503443,85.09681701660156
2008-04-23,85.5431391930705,86.40600730279577,85.00756838848005,85.24559783935547
2008-04-24,85.95968244557969,86.25722375489651,83.34132255568778,85.39435577392578
2008-04-25,86.94158079106508,86.94158079106508,83.4603435766281,84.76952362060547
2008-04-28,84.29344937445578,85.9894384712089,84.29344937445578,85.18607330322266
2008-04-29,85.18605280198479,86.01917371647555,83.37105851448852,84.44219970703125
2008-04-30,84.9480450722216,86.7035370072282,83.63886510782211,86.2572250366211
2008-05-01,89.58969474612297,93.42797602139987,88.01272027596133,92.83289337158203
2008-05-02,94.2015761880623,95.80829737141069,90.5120659314224,91.077392578125
2008-05-05,95.18344726274032,95.71902697891043,91.82123465666663,94.08255004882812
2008-05-06,93.54697292533446,95.80828838016883,93.54697292533446,94.6776351928711
2008-05-07,94.46936161630404,95.54051209949749,91.10714859874881,91.31542205810547
2008-05-08,91.49393725664821,92.2080344630914,88.66729529262167,92.08901977539062
2008-05-09,91.8212368082849,92.71386060924638,89.44090667238763,89.7979507446289
2008-05-12,89.73844576136023,93.39819962438196,89.26237792968749,92.98164367675781
2008-05-13,93.18992631186963,94.91566198865887,92.98164379766739,93.874267578125
2008-05-14,94.23136220359018,95.68931320408828,89.50044682039783,92.02954864501953
2008-05-15,93.87427383673342,95.71903340476493,88.45901890882615,91.9104995727539
2008-05-16,91.46418133308032,92.77336105852955,90.8988547562089,92.74361419677734
2008-05-19,92.5948450853049,95.57025772840288,90.75008561448863,94.49910736083984
2008-05-20,95.06443777604117,95.60000844127532,92.50558098386203,93.07090759277344
2008-05-21,92.83286933895789,95.00491681639589,92.14852810092627,93.7552490234375
2008-05-22,94.49910008514172,102.800498904194,93.7850029218259,102.14590454101562
2008-05-23,100.98548899209565,102.44343916473379,99.02171510965528,101.64008331298828
2008-05-27,101.96742796357385,101.96742796357385,97.831595784856,100.03340911865234
2008-05-28,100.36067320569984,101.81863278683544,99.64657592773438,99.64657592773438
2008-05-29,100.18215458149456,106.31149780603961,99.67633076343509,103.6931381225586
2008-05-30,104.13946276716358,105.8056959874863,101.46159086743651,104.43700408935547
2008-06-02,104.64527645191123,105.24035903831906,101.16403968932961,101.40206909179688
2008-06-03,101.75912863591009,103.84191781851644,100.00363671233279,100.98551940917969
2008-06-04,101.55084100465174,104.07994202842073,100.27141706001747,103.8121566772461
2008-06-05,104.28822832416917,105.8949495693209,102.26495106438404,105.4783935546875
2008-06-06,105.03209423934939,106.49004500622696,102.71127539250273,105.09160614013672
2008-06-09,105.62716568932188,106.07347765702323,100.68797809737877,100.98551940917969
2008-06-10,100.5392100206056,101.72937529834047,98.36716202083564,100.24166870117188
2008-06-11,100.68795076367972,100.68795076367972,98.18860623909575,98.39688873291016
2008-06-12,98.48615619365991,99.37877996580788,95.77852893543,96.37361145019531
2008-06-13,96.16536535528178,100.00364685058594,95.83806806307172,100.00364685058594
2008-06-16,100.09287942774979,104.1394424355801,98.96222625625902,103.48484802246094
2008-06-17,103.90143110706455,104.88331381708582,99.67634079070567,100.06314086914062
2008-06-18,100.06313319651963,104.13945254241874,98.6051826769737,104.0501937866211
2008-06-19,104.67502448741023,105.09158956674504,98.81346639389896,99.11100769042969
2008-06-20,99.08123707321455,100.36066082674928,93.2494267087134,94.61811828613281
2008-06-23,94.64788573343655,97.23648949648832,93.27919398963013,95.18345642089844
2008-06-24,94.91566437801131,95.51074691329666,91.76172512495125,92.89238739013672
2008-06-25,92.29731882053247,94.82641997817821,92.29731882053247,93.84452819824219
2008-06-26,94.73716400512973,94.73716400512973,88.9946195833672,92.17830657958984
2008-06-27,91.58322366932788,94.88593446213316,90.75011152350373,92.5948715209961
2008-06-30,94.70738210604173,95.48099121998193,91.49394003919956,93.81475830078125
2008-07-01,93.63623791264112,93.63623791264112,90.06574280184815,92.29730224609375
2008-07-02,91.8510140350849,92.56511142527957,84.0554274015039,84.71002197265625
2008-07-03,84.76951329702672,85.1563224294352,76.55737172274479,79.91959381103516
2008-07-07,80.54445046753584,81.31805074590667,78.10460766273651,79.41378784179688
2008-07-08,78.81868248429822,81.49655397808121,75.12917246446726,81.40729522705078
2008-07-09,84.38269637191848,86.19769972813114,81.82383992547425,82.62720489501953
2008-07-10,83.4008203122163,84.47197077685331,81.55606975445662,82.41893768310547
2008-07-11,82.53796657827729,82.53796657827729,79.50305033347995,81.3478012084961
2008-07-14,82.24041370476887,82.24041370476887,78.43188868756505,78.78893280029297
2008-07-15,77.68803034471905,79.14598080668915,76.14081205023693,77.59876251220703
2008-07-16,78.93769616284366,84.02565375157697,78.4318814464511,83.4603271484375
2008-07-17,84.29345325836202,84.29345325836202,81.49656663540446,83.28181457519531
2008-07-18,83.60911709906344,85.03731190851681,81.67509837613136,82.24042510986328
2008-07-21,82.74623754522746,82.74623754522746,81.02049255292948,81.91311645507812
2008-07-22,81.79410175006771,82.80574035644531,80.81221908980942,82.80574035644531
2008-07-23,82.9842735002036,82.9842735002036,79.74107488259398,80.15763092041016
2008-07-24,81.0205016570951,81.0205016570951,77.71780011221685,78.28312683105469
2008-07-25,79.38401273313924,80.4254072506742,78.84844204193139,79.94934844970703
2008-07-28,80.33614842010786,80.33614842010786,77.65827680610427,77.71778869628906
2008-07-29,78.72942984454063,79.0269711447239,77.59876745570028,78.31287384033203
2008-07-30,78.40213526718699,78.99721788781079,77.80705264656318,78.93770599365234
2008-07-31,79.4137673988883,79.4137673988883,78.0153288031571,78.8781967163086
2008-08-01,78.43188188023589,78.96745254296398,73.284416916406,73.61170959472656
2008-08-04,74.41508382540499,74.74237654399704,68.25597504499348,68.43450164794922
2008-08-05,68.94031840756847,72.45130666097006,68.94031840756847,71.409912109375
2008-08-06,74.95064790555972,74.95064790555972,71.17187449256572,73.31417083740234
2008-08-07,73.61171149122254,76.34909492294192,71.70744909883658,74.32581329345703
2008-08-08,74.772130941899,75.57549155831376,73.64147307355377,75.158935546875
2008-08-11,75.7540131929915,83.04377469627161,75.15893062129516,78.431884765625
2008-08-12,79.02696613847502,80.57417535327053,76.88466528077134,79.14598083496094
2008-08-13,79.05673212252319,82.21066284101252,73.64147648242636,81.08000946044922
2008-08-14,81.19902422875148,81.19902422875148,78.55090830277423,80.18738555908203
2008-08-15,80.75269178972856,80.960974292583,78.1045765346951,80.33613586425781
2008-08-18,81.25850418272692,82.92473673203467,78.64013615374708,81.10973358154297
2008-08-19,81.55606964050159,81.55606964050159,78.10458885048921,78.84844207763672
2008-08-20,80.75270455224187,80.78246049738642,77.95581823320532,79.7410659790039
2008-08-21,79.05673345201969,79.97910429261367,78.28312419324743,79.4732894897461
2008-08-22,78.90796524958013,80.30640406841212,78.31288258278161,80.06837463378906
2008-08-25,80.36589653633271,80.36589653633271,77.80703987173092,78.16409301757812
2008-08-26,78.99722178990288,79.05673368700094,76.6466471383795,77.4797592163086
2008-08-27,78.0450897399551,78.64017241911675,76.76566561185396,77.36074829101562
2008-08-28,77.36075320691104,78.43190391351659,77.36075320691104,77.8665771484375
2008-08-29,78.19386023481417,79.02698143192131,77.65828945686326,78.6996841430664
2008-09-02,79.7113165451192,81.31803783153588,76.85491810246717,77.33098602294922
2008-09-03,76.8846663299125,77.56901673446369,72.6893369299207,74.65310668945312
2008-09-04,73.96875796481044,74.83162579007977,71.40990135037433,71.61817932128906
2008-09-05,71.43967061030492,72.33229454359426,70.66606138540611,71.11237335205078
2008-09-08,73.28442385563763,73.46294591341122,69.53540162083229,70.16024017333984
2008-09-09,69.62467900551447,69.9519763211614,65.48885587208996,66.08393859863281
2008-09-10,66.44097207830085,67.98818590420183,65.81613354278322,67.2145767211914
2008-09-11,67.24433005414474,68.22621719747256,65.63760893969535,67.27408599853516
2008-09-12,66.61950649974531,67.33360846436219,63.07876624809398,64.50696563720703
2008-09-15,63.07875906748537,63.07875906748537,58.020556689432304,59.151214599609375
2008-09-16,58.88342215156001,61.05547457531689,57.30645687497322,59.89506530761719
2008-09-17,60.579414802263216,61.71006819053841,53.88473507637991,54.33104705810547
2008-09-18,57.127929063797865,60.19260533305683,55.10464733476438,56.59235382080078
2008-09-19,64.83423703024245,64.8639929715064,56.65185259576342,62.45390701293945
2008-09-22,63.941634353022025,69.05934920944622,63.76311226694349,68.1667251586914
2008-09-23,68.13695907559982,68.13695907559982,65.45908732153694,66.23269653320312
2008-09-24,67.0063012725622,67.09556457247864,65.01277542832187,66.4707260131836
2008-09-25,66.94680261924961,69.86270870802328,65.48885184492309,67.98819732666016
2008-09-26,67.80965524056815,67.80965524056815,61.88858564184346,64.86399841308594
2008-09-29,65.13180339934068,65.22106671743622,55.75925034184979,57.09818649291992
2008-09-30,64.26891443423347,64.26891443423347,56.53284140048314,57.068416595458984
2008-10-01,57.36595923594433,59.32972894425989,56.681613389361196,58.258583068847656
2008-10-02,58.585866531108145,58.585866531108145,53.55742154640947,54.479801177978516
2008-10-03,55.104653786917275,57.812281724585134,53.735966383577384,54.06325912475586
2008-10-06,52.78382359832581,53.706203423305865,48.20168949903352,50.70103454589844
2008-10-07,51.35563399959556,53.825223340404584,50.58202474625184,52.0994873046875
2008-10-08,50.671288181292084,52.84334074577448,49.0943182624147,50.314239501953125
2008-10-09,50.641523806867205,52.72431271993558,47.933900943950036,48.55873489379883
2008-10-10,47.69586105945662,50.373732184615044,45.01798993429819,50.07619094848633
2008-10-13,55.04513453692098,58.615629750126665,53.61693554361482,57.54447937011719
2008-10-14,61.65056965657417,62.48368638303887,55.13441560696276,56.88990783691406
2008-10-15,57.6337388548278,57.6337388548278,46.92225392213467,47.10078048706055
2008-10-16,48.380218515671224,50.28448107156409,44.422918209707554,49.3918571472168
2008-10-17,47.636368571770234,53.557439200686915,47.636368571770234,52.84334182739258
2008-10-20,54.92612979235968,55.6997345045736,52.24825789752325,53.557437896728516
2008-10-21,54.2715132226701,54.2715132226701,52.307744020998086,53.08134841918945
2008-10-22,52.72431407436465,52.72431407436465,47.695868242543625,48.73726272583008
2008-10-23,49.064552824778296,49.83816193049342,41.38799181325155,42.994712829589844
2008-10-24,39.60275380976305,42.01283591776506,38.56135912923712,40.79291915893555
2008-10-27,41.65577879217987,43.73856773178886,39.00766324215341,40.70364761352539
2008-10-28,41.89382159730753,42.905460337676665,38.6803742159577,42.78644561767578
2008-10-29,42.48890816992284,46.77350204414994,42.39964485168457,45.226287841796875
2008-10-30,47.309072806036255,49.659647563369724,46.713990129230766,49.57038879394531
2008-10-31,50.28446654854506,53.64668326721117,47.6661028853308,50.82004165649414
2008-11-03,50.046444565514705,53.55743273030297,50.046444565514705,51.80194091796875
2008-11-04,52.069739189700805,54.74761149088542,50.25473503618285,51.32588577270508
2008-11-05,54.12276517266694,54.12276517266694,46.50570998079022,46.981773376464844
2008-11-06,45.76184954586306,46.71398072913358,42.935207399832684,43.38151931762695
2008-11-07,43.44103614123393,44.69070887562887,42.69718278265116,43.768333435058594
2008-11-10,45.94038130753419,46.89251723234737,44.80972784202952,46.1189079284668
2008-11-11,44.63118569721271,45.79159470929264,41.65577331739853,42.221099853515625
2008-11-12,41.32848330469114,41.32848330469114,24.63641968410166,26.302650451660156
2008-11-13,27.19527850855333,27.373802855774596,21.601500495218776,27.076261520385742
2008-11-14,28.20691950288748,28.653231505970762,25.945603537884,27.076261520385742
2008-11-17,27.344044653551638,28.772241465158707,26.748962081200396,26.867979049682617
2008-11-18,27.3737982830105,27.58207627496599,25.291009283216226,25.97535514831543
2008-11-19,26.481173590196132,27.195273107314502,23.208219550958407,23.26772689819336
2008-11-20,23.833057690667754,23.833057690667754,19.429447809991373,19.578218460083008
2008-11-21,20.02452826209606,22.047807524245822,19.340182437068215,20.649364471435547
2008-11-24,20.827891554242136,24.78519185757215,20.827891554242136,24.63642120361328
2008-11-25,24.547160843671378,26.332408905029297,24.547160843671378,26.332408905029297
2008-11-26,25.88609543241985,29.48634503280184,25.767078447684046,28.712738037109375
2008-11-28,29.15904683914482,31.479869842529297,29.129293163729105,31.479869842529297
2008-12-01,29.992167647495837,31.42036470162501,26.034866961346996,26.243144989013672
2008-12-02,26.33241235056231,27.909382585795367,26.03487096807008,27.671348571777344
2008-12-03,26.213390426318657,28.653230667114258,26.18363674766289,28.653230667114258
2008-12-04,28.355685433794605,28.44494645746416,24.84469735468888,25.97535514831543
2008-12-05,25.886090514884796,26.094368496061122,24.190106182278306,24.904203414916992
2008-12-08,25.945603384034566,28.504460669253668,25.439784024896962,28.355690002441406
2008-12-09,27.254786093480483,30.43847977056216,26.897737396078917,30.34921646118164
2008-12-10,30.49798264503479,30.49798264503479,27.73084770190035,29.75412940979004
2008-12-11,30.319460306250306,30.319460306250306,28.117654131859847,28.861507415771484
2008-12-12,27.968884707730815,29.545854647148218,27.076260727696855,28.653230667114258
2008-12-15,29.27806179849821,30.051668656434067,27.641584792454772,28.415191650390625
2008-12-16,28.50445426111853,29.010273506542045,27.10600894543401,28.206912994384766
2008-12-17,28.26642174662167,30.825276313882824,28.26642174662167,30.289703369140625
2008-12-18,30.289701404474567,31.152569248934753,29.278060658832647,29.8433895111084
2008-12-19,30.111180923503742,30.944297534376393,29.486344600379326,30.23019790649414
2008-12-22,31.12282024202801,31.12282024202801,28.355687450400808,29.60536003112793
2008-12-23,30.349212969852495,32.729543398860535,29.69462300989928,30.6765079498291
2008-12-24,32.49150976764857,32.49150976764857,30.52773759840564,31.896427154541016
2008-12-26,32.61053526068268,32.81881559169976,31.241845347107247,32.699798583984375
2008-12-29,33.26512091945479,33.651923278481846,31.866675335113474,32.283233642578125
2008-12-30,32.22372374737946,32.72954305013021,30.795524597167972,32.580772399902344
2008-12-31,32.10470740465699,33.86020156588684,32.10470740465699,33.2353630065918
2009-01-02,33.800689496721276,37.1331532482661,33.44364086301212,36.53807067871094
2009-01-05,36.865363873488626,39.06716972947093,36.597576275993795,37.9365119934082
2009-01-06,38.17454852523449,40.10856691581803,38.17454852523449,39.42422103881836
2009-01-07,40.197826381182864,40.435855759095574,37.07364085476553,37.460445404052734
2009-01-08,37.22241496608693,39.096923733120725,36.50831541528648,38.41258239746094
2009-01-09,37.96626880209899,39.90028949037773,36.15126735593638,36.38930130004883
2009-01-12,36.77611169585415,36.89512869404056,34.366027130336164,34.604061126708984
2009-01-13,34.782571988162466,37.01413132525511,34.782571988162466,35.734703063964844
2009-01-14,35.64544770327832,35.67520137847774,34.21724859310727,34.336265563964844
2009-01-15,34.842087468643086,35.64545037970705,33.05683958191439,33.59241485595703
2009-01-16,34.8718371548605,35.050363739148374,32.90806515823221,33.14609909057617
2009-01-20,33.14610063646845,33.59241257788393,31.241835899083735,31.479869842529297
2009-01-21,33.027086952314946,33.027086952314946,31.450117027648822,32.283233642578125
2009-01-22,32.104711390558386,32.28323574249561,30.051675668129555,30.944299697875977
2009-01-23,30.914540339073014,32.104705493454574,30.111177497829534,31.45011329650879
2009-01-26,31.24183466202289,32.67003372602501,30.676505771269554,31.301342010498047
2009-01-27,31.83692011501348,32.6700366895986,31.093066841298214,31.71790313720703
2009-01-28,32.58078157626899,33.027093652656234,32.015452492166354,32.699798583984375
2009-01-29,32.72954711559585,32.9080714640325,30.527740764716444,30.85503578186035
2009-01-30,31.420363559525722,31.420363559525722,29.15904993680587,29.545854568481445
2009-02-02,28.772235361267303,29.992156191834905,28.296169858393288,29.39707374572754
2009-02-03,29.426835382623878,30.825278601642104,29.426835382623878,30.6765079498291
2009-02-04,30.49797696974671,31.866666213889296,30.230189400878498,30.646747589111328
2009-02-05,30.64674946983873,30.9740443985144,29.307813813389465,30.587242126464844
2009-02-06,30.587247536444984,31.420361841330934,30.527737912485964,31.271591186523438
2009-02-09,31.539378153207757,32.28323141153813,31.390607501541684,31.955936431884766
2009-02-10,31.83692713337045,32.67004389161371,28.802006015596735,29.18880844116211
2009-02-11,29.63510854387684,30.111174097863127,28.921009077867595,29.248306274414062
2009-02-12,28.891260440686708,29.813638037895775,28.32593150366824,29.60536003112793
2009-02-13,29.69462267482924,29.843393324963536,28.355686823620587,28.504457473754883
2009-02-17,28.6829745244959,28.6829745244959,26.183627782184583,27.433300018310547
2009-02-18,27.463068637754713,28.11765872653885,25.737327829054077,26.005115509033203
2009-02-19,26.0348730648908,27.046514300852998,26.0348730648908,26.719219207763672
2009-02-20,26.540685062061367,26.540685062061367,25.11248807593142,25.945602416992188
2009-02-23,25.945599105708972,26.183633041381835,23.595024773723708,23.803302764892578
2009-02-24,23.654532780904255,24.99346859869129,23.267728192186258,24.844697952270508
2009-02-25,24.963720143784982,25.231507817353624,23.654537727496376,24.24962043762207
2009-02-26,24.457895947953567,25.469536904524283,23.446257261443,23.595027923583984
2009-02-27,23.3272365154881,24.309121365223547,22.970185621899024,23.26772689819336
2009-03-02,22.642893209368378,23.2082221516908,20.82789167459431,21.184940338134766
2009-03-03,21.631251305312723,21.7205146021125,20.232808122515756,20.262561798095703
2009-03-04,20.50059635991963,21.393220274545506,20.50059635991963,20.798137664794922
2009-03-05,20.530348119002937,20.976660034633436,20.26256051561268,20.351823806762695
2009-03-06,20.708872431243176,21.303954985417175,20.054282529675696,20.351823806762695
2009-03-09,20.20305473686821,21.839531887909583,19.786496462591142,20.0245304107666
2009-03-10,20.23280935817663,21.155186977846196,19.965021721482866,21.00641632080078
2009-03-11,21.51223072683845,22.46436170567789,20.88739236003704,22.10731315612793
2009-03-12,22.047813942465208,23.059455003063285,21.899043265026087,22.64289665222168
2009-03-13,22.999948227985353,24.69593308611614,22.761914229974515,24.398391723632812
2009-03-16,24.75544202838102,25.380280745468568,23.208227752879928,23.356998443603516
2009-03-17,23.624778491851153,24.547156021684287,23.416498230237313,24.30912208557129
2009-03-18,24.487649953701325,25.410027531786533,23.803304054121348,24.16035270690918
2009-03-19,24.219864749442458,25.261259405879883,24.219864749442458,25.082735061645508
2009-03-20,25.171990506597037,25.796826707635677,23.267725961002387,23.62477684020996
2009-03-23,24.666172164425564,26.391910198293186,24.24961392519553,26.06461524963379
2009-03-24,26.33240574459697,26.7787177063698,25.320764843899884,25.588552474975586
2009-03-25,25.439785012645924,26.778721065943078,24.755439010714365,25.499292373657227
2009-03-26,26.00511259923446,26.629948935897108,25.46953729920352,26.42167091369629
2009-03-27,25.707566031899542,25.707566031899542,19.965018646407707,20.649364471435547
2009-03-30,20.441086121635326,21.095678334693854,20.08403747455608,20.262561798095703
2009-03-31,20.798140259081574,20.94691093007635,20.38158192628415,20.56010627746582
2009-04-01,20.530347841771356,21.06592304131973,20.292313915292134,20.917152404785156
2009-04-02,21.274198540056563,23.53551149729543,21.274198540056563,22.791658401489258
2009-04-03,22.910680436579284,23.684287373932296,22.464368480022543,23.476009368896484
2009-04-06,23.35699177724031,23.59502572248457,22.375104590682668,23.38674545288086
2009-04-07,23.148713752425202,23.148713752425202,21.422973326438154,21.601497650146484
2009-04-08,21.571741757327565,22.107316943464404,21.24444681915936,21.72051239013672
2009-04-09,22.375103270638444,22.851171133040808,22.07756199166687,22.13707160949707
2009-04-13,22.01806087225256,22.01806087225256,20.262566375723036,21.125436782836914
2009-04-14,21.12543396293013,21.184941319590383,20.381580654376254,20.70887565612793
2009-04-15,20.67912160366228,21.214696884155273,20.381580285623976,21.214696884155273
2009-04-16,21.39321838028396,21.869283971919224,20.67911885780117,21.690759658813477
2009-04-17,21.571740622591083,22.37510108947754,21.571740622591083,22.37510108947754
2009-04-20,21.541988084777675,22.01805365575503,21.27420049170925,21.72051239013672
2009-04-21,21.690759076849577,22.137070982669282,21.155183881842035,22.047807693481445
2009-04-22,22.018052468676135,24.39838246528977,21.690757548153677,24.219858169555664
2009-04-23,24.130600790947312,25.975358351734908,23.089206162619842,25.88609504699707
2009-04-24,25.529039232785394,26.6001872399523,24.933956754352725,26.213382720947266
2009-04-27,26.124127069902507,26.481175722177543,24.993469220931612,25.82658576965332
2009-04-28,25.231505706134538,26.09437374756893,25.02322541298194,25.648061752319336
2009-04-29,25.469540149074952,26.570444551197923,24.904211106910232,26.005115509033203
2009-04-30,26.005107568251006,27.01674834478484,25.52904198813501,25.79682731628418
2009-05-01,26.034869793404855,26.600198848645174,25.55880405690898,26.153886795043945
2009-05-04,26.03486884425702,28.14741203360751,26.03486884425702,27.790363311767578
2009-05-05,27.730850841843168,28.23667246111934,27.076260828733034,27.879621505737305
2009-05-06,28.14740429266439,28.26642125723312,27.225026789861374,27.40355110168457
2009-05-07,27.522572252485485,27.9391305568054,26.005111966090205,26.778718948364258
2009-05-08,26.83822137478733,28.41519099787662,26.183631495425576,28.266420364379883
2009-05-11,28.266428223545475,28.266428223545475,26.68945816199722,26.98699951171875
2009-05-12,26.838218323380485,26.838218323380485,24.338873780849383,25.380268096923828
2009-05-13,24.54715597629547,24.69592661857605,23.208220195770263,23.803302764892578
2009-05-14,23.684293509183295,24.36863959453604,21.512242786655246,23.356998443603516
2009-05-15,23.41650068097508,24.36863425501618,23.059452009497225,23.952075958251953
2009-05-18,24.249615377538344,25.320763578239713,23.922320409276804,25.2910099029541
2009-05-19,25.23150285232314,25.49928820313685,24.576910637958658,24.666173934936523
2009-05-20,24.6959285736084,25.291011189839928,24.517404242750946,24.6959285736084
2009-05-21,24.309123004990234,24.606664301355156,23.297484413397445,23.773550033569336
2009-05-22,23.684284523530273,24.338876676402705,23.505760216404965,23.89256477355957
2009-05-26,23.803304649261108,24.84469922766628,23.654533995203224,24.6959285736084
2009-05-27,24.7554349860775,26.24314147009802,24.547156986338603,25.171993255615234
2009-05-28,25.29101022274619,25.618305195146213,24.16035238711709,24.72568130493164
2009-05-29,24.755432733968888,25.201744638572123,23.892564867783754,24.4578914642334
2009-06-01,24.487649319943053,25.588551195930034,24.457893374597532,25.2910099029541
2009-06-02,24.66617488553634,25.618306163047645,24.66617488553634,25.142240524291992
2009-06-03,25.112483298265055,25.291007603809415,23.952071907137153,24.576908111572266
2009-06-04,24.487648739532034,26.034862518310547,24.457892794891794,26.034862518310547
2009-06-05,25.945601751721618,26.748964664002084,25.2910117669539,26.183635711669922
2009-06-08,26.15388327577018,26.719212254939674,25.142242303055323,26.481178283691406
2009-06-09,26.54068995040483,27.522577403639993,26.005116833235196,27.135772705078125
2009-06-10,27.19528234258179,27.31429934752856,26.510936266683277,27.135772705078125
2009-06-11,27.373797191999348,28.563962287303667,26.6596976808048,28.415191650390625
2009-06-12,27.9688751309699,28.415186968166225,26.986988181114217,27.433300018310547
2009-06-15,27.49281630105627,27.582077328134083,26.481175437088105,26.95724105834961
2009-06-16,26.897736655116272,27.16552430582072,26.03486634509536,26.09437370300293
2009-06-17,26.094377159194153,26.30265747957769,25.350523736525442,26.153886795043945
2009-06-18,26.243141132453115,26.481175074857823,25.2910099029541,25.2910099029541
2009-06-19,25.291009891532852,25.796829181339543,24.844697952270508,24.844697952270508
2009-06-22,24.844700902644476,24.844700902644476,23.684289268748444,23.981830596923828
2009-06-23,23.803304036458336,24.42814031340337,23.535516412036184,24.100845336914062
2009-06-24,24.041336700565445,24.84469726085663,23.773549090448434,23.803302764892578
2009-06-25,23.773550068659922,25.171993255615234,23.386745474790608,25.171993255615234
2009-06-26,25.023223541870333,25.61830615770582,24.547157903213947,24.63642120361328
2009-06-29,24.755435915894257,25.291011178281884,24.547157908332416,25.142240524291992
2009-06-30,25.291012797531515,25.856341772900137,24.8149471282959,24.8149471282959
2009-07-01,25.14224239906054,25.796832417402534,25.052979091986543,25.648061752319336
2009-07-02,25.529044173816125,25.529044173816125,24.814944607474285,25.171993255615234
2009-07-06,24.993471483175316,25.231505452943914,24.695930155994656,24.874454498291016
2009-07-07,24.84470076778307,25.796832104751886,24.84470076778307,25.261259078979492
2009-07-08,25.142240224919387,25.261257200706154,24.160353012253562,24.42814064025879
2009-07-09,24.42813871107891,24.75543366609983,24.24961439652748,24.36863136291504
2009-07-10,24.219862918516434,24.78519185757215,24.219862918516434,24.63642120361328
2009-07-13,24.785191874067138,24.87445290446585,24.279370288234322,24.6959285736084
2009-07-14,24.666176438237567,25.43978343367048,24.666176438237567,25.32076644897461
2009-07-15,25.499292502316134,26.659704208374023,25.469538821660358,26.659704208374023
2009-07-16,26.33240255221607,26.748960786715053,26.183631916327844,26.570436477661133
2009-07-17,26.74895997883742,27.790354398602595,26.540679732848574,27.55232048034668
2009-07-20,27.552325944692026,27.790359910156287,26.481177640223116,26.838226318359375
2009-07-21,26.808473291612632,27.28453896404898,26.094373647928016,26.481178283691406
2009-07-22,26.451418968673593,27.373796438120046,26.332402008408955,27.314289093017578
2009-07-23,27.165529483450353,27.76061225618696,27.165529483450353,27.49282455444336
2009-07-24,27.463060088636787,27.82010870408782,27.28453351085154,27.641584396362305
2009-07-27,27.463066001567828,28.355690002441406,27.463066001567828,28.355690002441406
2009-07-28,28.504450764838193,28.504450764838193,26.9869886745761,27.01674461364746
2009-07-29,26.719208711064752,27.106011025464824,26.005109162094,26.302650451660156
2009-07-30,26.867975569203765,27.07625353452242,25.88608854399396,26.8084659576416
2009-07-31,26.838225012460068,28.53421182623399,26.838225012460068,28.325931549072266
2009-08-03,28.504454624688556,29.099537165746273,28.444945008546938,28.534208297729492
2009-08-04,28.206917415028506,29.307819366455078,28.17716146764395,29.307819366455078
2009-08-05,29.099542450113443,31.807168049608705,29.099542450113443,31.390609741210938
2009-08-06,31.47987209768869,32.40224972201278,31.003804176692952,31.42036247253418
2009-08-07,31.59888144925558,32.40224422715443,31.241832839118107,32.134456634521484
2009-08-10,32.372498305664,32.87831766947803,31.390610987601196,31.74765968322754
2009-08-11,31.509617506996047,31.509617506996047,29.783877421377273,30.140928268432617
2009-08-12,30.46823121598405,30.884789512444907,30.081426597114667,30.527738571166992
2009-08-13,28.206920861625306,28.206920861625306,26.124131413574588,26.98699951171875
2009-08-14,27.0167475693604,27.760600726335525,26.867976937965377,27.55232048034668
2009-08-17,26.95723282001844,26.95723282001844,26.0348555350734,26.12411880493164
2009-08-18,26.33240255221607,27.314289657102265,26.183631916327844,26.570436477661133
2009-08-19,26.213389041932825,27.225029953223068,26.15388168776401,26.748964309692383
2009-08-20,26.897733412684698,27.730847673262502,26.86797973731762,27.582077026367188
2009-08-21,27.37380269345638,28.385443681791813,27.344049014105973,28.355690002441406
2009-08-24,28.444955003466536,30.646761633057537,28.444955003466536,29.18880844116211
2009-08-25,29.367322220695538,29.87314373793728,28.950766261867862,29.099536895751953
2009-08-26,28.98051557944051,29.426827414021034,28.385433133333144,29.39707374572754
2009-08-27,29.337571770922903,29.605359395345054,28.35568684145498,29.456588745117188
2009-08-28,28.623469051275087,30.31945563958955,28.623469051275087,29.099536895751953
2009-08-31,28.801999746886434,29.48634339858371,28.444948812467814,29.04003143310547
2009-09-01,28.59371124903288,28.83174513689468,27.076251456577243,27.433300018310547
2009-09-02,27.61183135719479,27.998633654468428,27.076256151665408,27.40355110168457
2009-09-03,27.64159488754024,27.968889954269574,27.284543866513207,27.671348571777344
2009-09-04,27.611834204859452,28.117653518867993,27.37380025117307,27.760604858398438
2009-09-08,27.909380048517185,28.058150726238367,27.046509663722276,27.52257537841797
2009-09-09,27.433307604564657,28.0878998421722,27.165522244242503,27.760604858398438
2009-09-10,27.70109999627739,28.623477752747554,27.522575635357423,27.790363311767578
2009-09-11,27.790358212680854,30.7657712489409,27.671341237218453,30.6765079498291
2009-09-14,30.82527765073427,32.402247419329235,30.170687710974054,32.372493743896484
2009-09-15,32.19396780128591,33.23536235288096,31.747655850602317,33.02708435058594
2009-09-16,32.90806646563209,34.84208486506868,32.90806646563209,34.78257751464844
2009-09-17,34.4552790451588,35.40741017546681,33.97921120994511,34.27675247192383
2009-09-18,34.12798265304844,36.86536369042748,33.86019732694309,36.15126419067383
2009-09-21,35.7049530551513,35.7049530551513,33.17585221374475,33.949459075927734
2009-09-22,34.038731399156596,34.63381410798779,32.87831966292368,33.35438537597656
2009-09-23,33.0568386604485,34.00897220219894,32.10470738875807,32.223724365234375
2009-09-24,32.52126471385128,32.75929638973537,29.724376064278662,30.081424713134766
2009-09-25,30.200440419582588,31.03355692538812,29.33757023929683,30.61699867248535
2009-09-28,30.52773198223541,31.212077769434384,30.349207685158163,31.00379753112793
2009-09-29,31.569131860707117,31.95593646344492,30.6467542734785,30.6765079498291
2009-09-30,30.765771536608355,31.241837172849294,30.200442600420985,30.884788513183594
2009-10-01,30.974050267287208,30.974050267287208,29.01027805309005,29.307819366455078
2009-10-02,29.24830814207686,29.33756916224055,28.56396230385639,28.8019962310791
2009-10-05,28.891262872485097,30.3194621735801,28.623475219772256,30.259952545166016
2009-10-06,29.843393940755284,31.39060782605334,29.813637994066465,30.884788513183594
2009-10-07,30.527735679470656,31.539376512175036,30.349211360772205,30.438474655151367
2009-10-08,30.49798269183993,31.24183592822627,30.49798269183993,31.152572631835938
2009-10-09,31.241839153010673,31.47987312124815,30.349215177210368,30.49798583984375
2009-10-12,30.55748905346504,30.82527666390681,29.843391785700135,30.61699867248535
2009-10-13,30.646756133495987,31.36085575955064,30.021919811970715,31.06331443786621
2009-10-14,31.18232795282084,32.07495181860701,31.1525720079134,31.45011329650879
2009-10-15,31.68815026675393,33.97921750008205,31.45011630508291,33.86020278930664
2009-10-16,33.6221640109621,33.88995161196402,32.13445763879564,32.61052322387695
2009-10-19,32.580772399902344,33.6221669514974,32.580772399902344,33.02708435058594
2009-10-20,33.38413365220356,33.38413365220356,31.50962478492198,31.77741241455078
2009-10-21,31.955936777887782,33.02708502746938,31.77741244796752,31.896427154541016
2009-10-22,31.896425868222277,32.28323045916714,30.37896572000613,31.152572631835938
2009-10-23,31.152573872902863,32.13446109207356,30.646754560033116,30.884788513183594
2009-10-26,30.79552263974045,31.836917125142303,30.051669435881987,30.289703369140625
2009-10-27,30.28970529441722,30.676507622973684,29.248310742822166,29.456588745117188
2009-10-28,29.18880954871844,29.60536794364619,27.463070869818655,27.49282455444336
2009-10-29,27.671340942382816,28.83175246817215,27.671340942382816,28.56396484375
2009-10-30,28.4151932085894,28.56396385366055,27.07625740294906,27.25478172302246
2009-11-02,27.582085608317477,27.939136633995815,26.481183386779005,27.49282455444336
2009-11-03,27.07625957745224,27.463064193725586,26.7787182634143,27.463064193725586
2009-11-04,27.49282169688581,28.206921403959544,27.37380470069679,27.52257537841797
2009-11-05,27.611830460917236,28.444944645735948,27.552320845534656,28.206912994384766
2009-11-06,28.17715768306392,29.010274156611015,27.760601716350138,27.96887969970703
2009-11-09,28.444949103684486,29.367326721104053,28.296178447001974,29.307819366455078
2009-11-10,28.7127317184057,29.307814241066957,28.444944129196198,29.010272979736328
2009-11-11,29.0697867084153,29.278066999125997,28.593721039742555,28.653230667114258
2009-11-12,28.355687795172102,28.801999760866984,27.968883183545852,28.087900161743164
2009-11-13,28.117654131859847,29.099541374647234,27.968883475077522,28.861507415771484
2009-11-16,32.10470913873598,35.40741736313392,32.045199512224045,34.514793395996094
2009-11-17,34.66356271237743,37.400941864043304,34.425528755684724,36.44881057739258
2009-11-18,36.44880476958909,36.77609970534489,34.66355718903779,35.61568832397461
2009-11-19,35.080124859695154,35.49668319469073,34.068483837580274,35.10987854003906
2009-11-20,34.60405094037965,35.318148179169796,34.00896839468136,34.45528030395508
2009-11-23,34.782581574682446,35.85372989769705,34.782581574682446,35.496681213378906
2009-11-24,35.585938108098475,35.853725725203255,34.54454358495979,35.22888946533203
2009-11-25,35.526434892062056,35.97274688248982,35.19913988642706,35.496681213378906
2009-11-27,34.247002922175845,35.31815114022533,34.21724924640835,34.5445442199707
2009-11-30,34.306509667530506,34.66355828692558,33.562656485407636,34.45528030395508
2009-12-01,34.663560242348524,35.61569146115303,34.663560242348524,34.96110153198242
2009-12-02,35.05037171059948,36.00250311639743,34.90160103656478,35.64545440673828
2009-12-03,35.52643235185319,37.787745820986856,35.46692272868177,37.25217056274414
2009-12-04,38.65061078950761,39.21594195045821,36.716594722876835,37.162906646728516
2009-12-07,37.49020448121769,37.49020448121769,37.04389252310796,37.133155822753906
2009-12-08,37.49019907629182,38.41257880612135,37.19265781378157,37.460445404052734
2009-12-09,38.025778478089066,38.025778478089066,36.92487432255357,37.40093994140625
2009-12-10,37.51995274853091,37.90675729781811,37.04388718252644,37.460445404052734
2009-12-11,37.81750210539804,38.08528975298575,36.627336800617236,36.95463180541992
2009-12-14,37.28192210625173,38.17454591786133,37.0438881817986,37.9365119934082
2009-12-15,37.757993321962836,39.126682916749665,37.51995936197378,38.76963424682617
2009-12-16,38.948148580047,39.24568983593771,38.1150366956484,38.32331466674805
2009-12-17,38.32331725876094,39.0969218523283,38.14479067710408,38.918399810791016
2009-12-18,38.888643912599825,39.81102368537247,38.44233199805556,39.03741455078125
2009-12-21,39.24569027901244,41.566513009185435,39.24569027901244,41.4474983215332
2009-12-22,41.209471375255696,41.74504664050325,40.25734009266009,40.34660339355469
2009-12-23,40.73340595994014,41.6557858921721,40.70365455123223,41.507015228271484
2009-12-24,41.20946823992759,41.655780170323915,41.14996089056536,41.5665168762207
2009-12-28,41.41774807874089,42.25086462730325,40.16807552595732,40.4953727722168
2009-12-29,40.43586223299908,41.06070080035689,39.54323830255654,40.13832092285156
2009-12-30,39.98954386962302,40.227577787680644,39.4242172868406,40.19782638549805
2009-12-31,40.138319579890116,40.4953727722168,39.66225622365444,40.4953727722168
2010-01-04,40.91192104198315,40.91192104198315,39.78126340698089,40.168067932128906
2010-01-05,40.168069400585566,41.77479036056129,39.90028408729603,41.68553161621094
2010-01-06,45.82136631584054,45.82136631584054,42.875708868727585,43.232757568359375
2010-01-07,43.32200810945046,47.90414157443577,43.32200810945046,46.86274719238281
2010-01-08,46.65447743342181,47.84464265090645,46.65447743342181,46.95201873779297
2010-01-11,47.45785034082498,47.60662103154857,46.05940675604747,46.71399688720703
2010-01-12,45.702346905741,46.26767357713059,43.61955774149718,44.6014404296875
2010-01-13,45.047757533185916,45.34529887631164,43.50054345695629,44.33366012573242
2010-01-14,44.09561605843852,44.720454552148766,43.85758213035274,44.30389404296875
2010-01-15,44.303903728229486,44.48243034835136,42.0425922673689,42.78644561767578
2010-01-19,42.57815762841477,46.08914098853393,42.54840168531431,44.42291259765625
2010-01-20,44.333647934591426,44.631189195897406,42.81618568588318,43.35176086425781
2010-01-21,43.35177064018073,43.76833122401607,40.554883969247925,40.6143913269043
2010-01-22,40.58463480330195,41.5070147243353,38.97791346873064,40.07881546020508
2010-01-25,40.078817357188846,41.12021204114019,39.42422732101497,40.019309997558594
2010-01-26,39.75152083078242,40.01930619372586,38.44233634275205,38.56135559082031
2010-01-27,38.32331466674805,38.73987060894734,37.22241065791662,38.32331466674805
2010-01-28,38.115046869349804,38.382832255081254,37.19266691383842,38.144798278808594
2010-01-29,38.35307623153493,38.88865154208539,37.668732523676255,38.47209548950195
2010-02-01,38.59110576108409,38.97791035970052,38.11504240442689,38.829139709472656
2010-02-02,38.71012629491814,39.42422362375318,38.41258498455019,39.245697021484375
2010-02-03,38.91840365198439,40.01930557387364,38.17455038852949,39.48373031616211
2010-02-04,38.680364184412646,39.27544671032668,37.84724774010912,37.90675735473633
2010-02-05,37.549713509297746,37.90676445374891,36.00249956018967,36.47856521606445
2010-02-08,36.300039274468396,37.19266319105369,35.70495666341154,36.24053192138672
2010-02-09,36.56782564641653,38.38282709373626,35.16938019646925,37.72823715209961
2010-02-10,37.69848687473254,38.680374204880536,36.80586285461991,38.23406219482422
2010-02-11,38.293563236333824,39.067172408833414,37.72823659959013,38.650611877441406
2010-02-12,38.35307685592068,39.424227494459885,38.26381808614286,38.68037414550781
2010-02-16,39.42421482227467,40.703643079247776,38.8886396751558,40.168067932128906
2010-02-17,40.82266042576438,41.328479665462375,40.287085243682064,41.090450286865234
2010-02-18,41.14996904167804,41.74505173341562,40.79292033465961,41.65578842163086
2010-02-19,41.417755036405154,41.89382301273423,41.179721048240616,41.745052337646484
2010-02-22,42.13185125592972,42.13185125592972,40.644144707911295,41.35824203491211
2010-02-23,41.3284912109375,42.48890518630754,41.09046176584475,41.3284912109375
2010-02-24,41.71528301762131,41.95331692950048,41.41774176280216,41.68553161621094
2010-02-25,41.060705257451055,41.239231878966464,40.227588590580105,40.67390060424805
2010-02-26,40.644144703123324,41.00119336658167,40.227584145655186,40.34660339355469
2010-03-01,40.733404093421704,41.47725737883934,40.49537467418418,41.00119400024414
2010-03-02,41.35823307866636,41.41774041967659,40.733394647761166,41.060691833496094
2010-03-03,40.94168731302573,41.26898003987421,40.16807806752894,40.763160705566406
2010-03-04,40.554881402228716,41.12020807436109,40.16807679176548,40.34660339355469
2010-03-05,40.37635040283203,40.7929109149303,40.22757976425113,40.37635040283203
2010-03-08,40.7036520754601,42.2211100308758,40.28709151780318,40.911930084228516
2010-03-09,40.46561371830202,41.44750084154944,40.37635042707596,41.149959564208984
2010-03-10,41.0904497184572,41.71528363881038,40.85241580303342,41.4474983215332
2010-03-11,41.47725678912376,41.864061400065445,40.58463285931375,41.03094482421875
2010-03-12,40.91193007050658,41.89381730022276,40.67389611479962,41.35824203491211
2010-03-15,41.328486721755816,41.626028035922864,40.55488202899356,41.00119400024414
2010-03-16,41.06070315712377,42.548409793251444,41.06070315712377,42.39963912963867
2010-03-17,42.57815687427826,43.381517382447406,42.57815687427826,42.994712829589844
2010-03-18,42.9352144011312,43.53029705522832,41.71529314418397,42.28062438964844
2010-03-19,41.4474983215332,42.39962944310898,40.61438188760965,41.4474983215332
2010-03-22,41.03094728774137,41.685541841000365,40.85242521513285,41.507015228271484
2010-03-23,41.41775186626736,42.518653869628906,40.97143987516508,42.518653869628906
2010-03-24,42.42939126103496,43.3815225144693,42.34012796287425,42.845947265625
2010-03-25,42.84594665287631,43.85758524391016,42.786439301660174,43.20299530029297
2010-03-26,45.64282715017596,46.059387635347356,43.61955022835796,44.482418060302734
2010-03-29,44.482418060302734,45.137007919721455,43.79807225904345,44.482418060302734
2010-03-30,44.184884461643854,44.184884461643854,41.47725672909105,41.8045539855957
2010-03-31,37.192663765678844,39.721764901745004,36.89512245555341,39.12668228149414
2010-04-01,39.067175548577964,42.04258869713501,39.007668193630856,39.781272888183594
2010-04-05,39.69200454735784,41.03094029424934,39.39446327027084,40.70364761352539
2010-04-06,40.19783390827562,42.25086718798157,40.19783390827562,41.98308181762695
2010-04-07,42.191361784208105,42.54841047457204,41.56652317098091,42.16160583496094
2010-04-08,42.13184554672951,42.69717214232222,41.62602175685033,42.310367584228516
2010-04-09,42.36988307737275,43.560048383367715,42.19136100554571,43.173248291015625
2010-04-12,42.90544460487151,43.64929768241824,42.25085480465417,43.58979034423828
2010-04-13,43.20300167779941,44.00636238810674,42.667426357554355,42.78644561767578
2010-04-14,43.50053474849783,44.452665947866976,43.41127145540579,44.15512466430664
2010-04-15,43.70880865743111,44.0361058548323,42.578155517578125,42.578155517578125
2010-04-16,42.51865401263042,42.93521459646576,40.49537661159155,40.6143913269043
2010-04-19,40.19784296213011,41.71530130278732,39.90030157688894,40.28710174560547
2010-04-20,40.346603398307614,41.53676863672235,40.168076796497374,41.35824203491211
2010-04-21,41.47725224521174,41.507008188993616,40.703647648198306,41.149959564208984
2010-04-22,40.554883290381476,42.04258990748924,40.316849323620175,41.41775131225586
2010-04-23,41.12020808381789,42.36988067626953,41.12020808381789,42.36988067626953
2010-04-26,42.36988318086798,43.05422914151078,41.953327138800375,42.39963912963867
2010-04-27,42.280627064003575,42.42939773693797,41.120213091042906,41.65578842163086
2010-04-28,41.95332398741619,42.07233869331831,40.703651414963964,41.596275329589844
2010-04-29,41.44749895039565,41.80454755888898,41.12020174420713,41.53676223754883
2010-04-30,41.44750077015349,41.685534699639746,40.168072371769505,40.2573356628418
2010-05-03,40.376352316156044,40.673893607417504,39.364713741915004,39.98954772949219
2010-05-04,39.513480983411576,39.75151490393779,37.31167516375303,38.17454528808594
2010-05-05,37.40094213100159,37.78774674587314,35.794220857067636,37.609222412109375
2010-05-06,37.103398926994466,37.877008117309046,20.827890845639864,34.5445442199707
2010-05-07,33.88995392733363,34.812331487081934,32.72954242375225,34.15774154663086
2010-05-10,34.84208646356715,36.47856364586164,34.48503780454508,35.91323471069336
2010-05-11,35.16937424455613,36.38929516488108,34.57429175466476,35.734703063964844
2010-05-12,35.70495968773252,37.72824164472811,35.318155049758,37.49020767211914
2010-05-13,37.87700976144416,37.87700976144416,36.59758121736588,36.89512252807617
2010-05-14,36.62733233308625,36.895119948011214,34.812330918688,35.85372543334961
2010-05-17,34.39577456676303,35.61569346902419,29.30781868119672,30.884788513183594
2010-05-18,31.241839153010673,31.390609815644055,29.605361864043445,30.49798583984375
2010-05-19,30.2599496581651,30.79552491249333,28.92101379240452,30.17068862915039
2010-05-20,29.545856552795158,29.873151579238765,28.59372288397883,29.1590518951416
2010-05-21,28.742488546345967,29.7243757245685,28.05814493218292,28.474700927734375
2010-05-24,27.671348571777344,28.682989726263045,27.582085249005438,27.671348571777344
2010-05-25,27.046505857039104,28.891261093115936,26.421669552565344,28.861507415771484
2010-05-26,28.980523100172633,29.188801102336658,28.325930877545755,28.504457473754883
2010-05-27,28.861505508835496,29.72437571517349,28.147405949450263,29.694622039794922
2010-05-28,29.456591288195373,29.93265695601276,29.188803640654292,29.66486930847168
2010-06-01,29.545852364834467,29.545852364834467,28.296177527283827,28.385440826416016
2010-06-02,28.26642541536471,29.307820035930778,28.147408433287993,29.069786071777344
2010-06-03,30.378962327845286,30.378962327845286,28.563961087740385,29.010272979736328
2010-06-04,28.831751822323774,28.831751822323774,27.165521031108245,27.582077026367188
2010-06-07,27.582087629769056,27.641597273440468,26.391921997070312,26.391921997070312
2010-06-08,26.332405391102984,27.284536655412655,26.034864087248714,27.046504974365234
2010-06-09,27.165518200755425,28.17715667819385,26.98699162703365,27.55232048034668
2010-06-10,28.147407218690805,28.95077011049741,27.79035855792789,28.325931549072266
2010-06-11,27.84986341657971,29.159045505534017,27.84986341657971,28.950767517089844
2010-06-14,28.682981195570022,29.456588105956907,28.325930280734593,28.474700927734375
2010-06-15,28.563962958257374,28.89125791314211,28.177158385173712,28.623470306396484
2010-06-16,28.325933404233055,28.861508700514086,28.325933404233055,28.712738037109375
2010-06-17,28.891262366420545,28.891262366420545,28.385443019092033,28.653230667114258
2010-06-18,28.385436640156207,28.44494398409491,27.879615136438595,28.058141708374023
2010-06-21,27.968885697602804,28.62347573143749,27.87962238841614,28.23667335510254
2010-06-22,28.6234753866553,28.6234753866553,27.82011469389317,28.355690002441406
2010-06-23,28.0283895949057,28.563964843750004,27.909374890771385,28.56396484375
2010-06-24,28.44494599191934,28.772240946804075,28.14740471110416,28.623470306396484
2010-06-25,28.861501734891668,29.63510854387684,28.2664192248939,29.248306274414062
2010-06-28,29.15904838077482,29.48634336777151,28.59371943774779,29.426836013793945
2010-06-29,27.582081789897245,28.11765711924023,25.082736306457473,25.499292373657227
2010-06-30,25.32076744406144,25.886096441038706,24.725684767255952,24.785194396972656
2010-07-01,24.547153328949552,25.0827284914232,23.297480976590506,23.654529571533203
2010-07-02,23.535520272247425,23.684290946876118,22.523879230760233,23.148717880249023
2010-07-06,23.595029286910677,23.6842903273167,22.91068329349641,23.0594539642334
2010-07-07,23.267729110750484,23.595026361845186,22.672646501574665,23.5355167388916
2010-07-08,23.356990270903616,24.606662727692378,23.356990270903616,24.547155380249023
2010-07-09,24.66617364171663,25.558797520644422,24.547156670514276,25.2910099029541
2010-07-12,25.112483666153057,25.439778609455747,24.636418087707355,24.904203414916992
2010-07-13,25.142239256466137,25.380273198870846,24.844697963490205,25.2910099029541
2010-07-14,25.082734789353584,25.291012810355973,24.75543751340672,24.874454498291016
2010-07-15,25.023222242223408,25.023222242223408,23.92232036813,24.338878631591797
2010-07-16,24.33888327727858,24.33888327727858,23.029700886534,23.148717880249023
2010-07-19,22.999942811150355,23.654532746423648,22.999942811150355,23.505762100219727
2010-07-20,22.940434386446118,24.78519185757215,22.196581116651757,24.63642120361328
2010-07-21,24.695927616391877,25.55879783049467,24.517403292454045,25.112485885620117
2010-07-22,25.558801995703,25.737326348734182,25.052980347044294,25.43978500366211
2010-07-23,25.291009283216226,25.97535514831543,25.201745989486813,25.97535514831543
2010-07-26,25.73732842433737,26.42167448121678,25.70757474144272,26.153886795043945
2010-07-27,26.153880126635727,26.272897097929274,25.291009922332403,25.35051727294922
2010-07-28,25.261256184218695,25.261256184218695,23.714040101369147,24.338878631591797
2010-07-29,24.428145405869056,24.547162404874477,24.19011367791866,24.398391723632812
2010-07-30,24.13060142248275,25.648061752319336,23.862813771320955,25.648061752319336
2010-08-02,25.796821207419324,26.600183811804285,25.588543274833896,26.540674209594727
2010-08-03,26.540689935833328,26.570445889599103,25.767082809194882,25.856346130371094
2010-08-04,24.30912398113427,24.844699244121376,23.86281201866502,24.755435943603516
2010-08-05,24.666173296113893,25.231502198859207,23.922320074096344,24.130598068237305
2010-08-06,24.011580800459964,24.547156021684287,23.862810157904303,24.30912208557129
2010-08-09,24.16035081168785,24.6959260189172,23.53551458329347,24.547155380249023
2010-08-10,24.27937472462739,24.48765504040199,24.041342996677,24.398391723632812
2010-08-11,23.862815856933594,24.219866846375684,23.595030452427523,23.862815856933594
2010-08-12,23.50576306244481,24.04133831872705,23.44625570955123,23.5355167388916
2010-08-13,23.356993388545146,23.86281271950871,23.08920574918675,23.118959426879883
2010-08-16,23.089204443119172,23.386745743339937,22.464368166667565,22.702402114868164
2010-08-17,22.613143053911696,22.99994772470013,22.047814023551823,22.196584701538086
2010-08-18,22.047813942465208,22.76191364818505,22.01806026098946,22.64289665222168
2010-08-19,22.464371128483876,22.613141798208936,21.8990421295166,21.8990421295166
2010-08-20,21.899039588620763,22.047810241084303,21.720515259676517,21.750268936157227
2010-08-23,21.75026732721278,22.077562284409392,21.512235662915167,21.57174301147461
2010-08-24,21.3337112919495,21.601498928387958,21.24445025984339,21.452728271484375
2010-08-25,21.095677091281658,21.42297204348968,21.095677091281658,21.303955078125
2010-08-26,21.36346723937827,21.78002326266024,21.303957614580796,21.452728271484375
2010-08-27,21.57174396237707,22.01805590642625,21.303956341935574,21.98830223083496
2010-08-30,21.809784528376497,22.256096607919858,21.750274889067676,21.958555221557617
2010-08-31,21.78002660023781,22.464372634887695,21.78002660023781,22.464372634887695
2010-09-01,22.642892187213906,22.910679807810695,22.49412153911124,22.88092613220215
2010-09-02,22.761911687396957,23.297486988065668,22.761911687396957,23.08920669555664
2010-09-03,23.32723872265993,23.44625569845075,22.82141714306396,23.02969741821289
2010-09-07,22.67264811148658,22.880928401523434,22.107321408675524,22.256092071533203
2010-09-08,22.22633544749034,23.059452042200324,22.22633544749034,22.99994468688965
2010-09-09,23.20822358566543,23.95207690571881,23.20822358566543,23.92232322692871
2010-09-10,23.952071907137153,24.725678744535852,23.803301274173567,24.576908111572266
2010-09-13,24.636422798582593,24.933964125763254,24.57691317111036,24.874454498291016
2010-09-14,24.844697963490205,25.35051725352532,24.457893374597532,25.2910099029541
2010-09-15,25.43978372922694,25.82658836646733,25.08273504105134,25.648061752319336
2010-09-16,25.38027764267182,26.005114013311108,25.32076801162122,25.43978500366211
2010-09-17,25.32076801162122,25.707572668239038,25.112489978094892,25.43978500366211
2010-09-20,25.32076801162122,25.4992923646524,25.14224365859004,25.43978500366211
2010-09-21,28.243943815369942,28.28440729905496,27.313268254784976,27.515588760375977
2010-09-22,27.717912107468482,28.082089672299126,26.70630947580905,27.556055068969727
2010-09-23,27.31327619513851,27.7583808194037,27.11095563073008,27.394203186035156
2010-09-24,27.839308703825893,28.32487678527832,27.434667606893345,28.32487678527832
2010-09-27,30.42900278281976,31.116894353604238,28.324870761144002,28.9722957611084
2010-09-28,29.296012935324274,30.064831555575108,29.215082872201624,29.741117477416992
2010-09-29,29.74111208070899,29.74111208070899,29.498328109728178,29.619718551635742
2010-09-30,29.862512971708508,30.18622398376465,29.498335381874707,30.18622398376465
2010-10-01,30.267147638278075,31.076429627674113,30.186217587038996,31.03596305847168
2010-10-04,31.359678677150185,31.64292615291613,30.87411069378972,31.157358169555664
2010-10-05,31.561997570569,32.209422544327005,31.157356576074527,31.966638565063477
2010-10-06,31.845252276530832,32.2903599414678,31.804788785309242,32.08803939819336
2010-10-07,32.29035259552537,32.37127955955795,31.966638565063477,31.966638565063477
2010-10-08,32.04757220852284,32.93778443425018,31.80478817865772,32.452213287353516
2010-10-11,32.33081943337795,32.85685092852169,31.96664188309929,32.2498893737793
2010-10-12,32.249889525643155,32.77592411043009,31.683394541615538,32.61406707763672
2010-10-13,32.73545580490164,33.09963330328313,32.65452575683594,32.65452575683594
2010-10-14,32.53313995162541,32.61406692405795,31.96664188309929,32.2498893737793
2010-10-15,32.37128048924579,32.53313750912519,31.84524594642919,32.007102966308594
2010-10-18,31.64292929480783,32.16896390165101,31.440608767124488,31.926179885864258
2010-10-19,31.48106775153459,31.804778665473517,30.8741063148379,30.99549674987793
2010-10-20,31.11689542621018,31.764320448491453,30.95503839884836,31.683393478393555
2010-10-21,31.683399461554423,32.00711049024233,30.429009577993142,30.752723693847656
2010-10-22,31.278754115429976,31.60246510018655,30.50993550998806,31.400144577026367
2010-10-25,31.88571766024593,31.96664463965699,31.481076588857867,31.845251083374023
2010-10-26,31.683388999681206,31.764315958339402,31.27874803205905,31.602458953857422
2010-10-27,31.31921824757081,31.562002262929322,31.31921824757081,31.481075286865234
2010-10-28,31.723859653786583,31.764323142267042,31.116898065080843,31.359682083129883
2010-10-29,32.0475713494281,32.0475713494281,31.319219279357576,31.885717391967773
2010-11-01,31.966645837362094,32.41175041513257,31.359684207538763,32.08803939819336
2010-11-02,32.41173786403112,32.41173786403112,31.926169983070054,32.12849044799805
2010-11-03,31.764318980072428,32.41174397242417,31.44060494031362,32.007102966308594
2010-11-04,32.1689567565918,32.53313424296746,32.007099752962,32.1689567565918
2010-11-05,31.966630291601568,32.492664683164804,31.764309846718014,32.29034423828125
2010-11-08,32.29034423828125,32.65451856933966,31.764309846718014,32.29034423828125
2010-11-09,32.49268520678205,32.735469276560984,31.683402916074325,31.76432991027832
2010-11-10,31.885716397760838,31.966643373967674,31.40014527902107,31.926179885864258
2010-11-11,31.481076323984254,32.0475713494281,31.481076323984254,31.885717391967773
2010-11-12,31.602461737359068,31.966639257728385,30.91457326667936,31.116893768310547
2010-11-15,31.602459375273593,33.180559787476966,31.03596139561525,32.330814361572266
2010-11-16,31.966639483130216,32.209423469366385,31.723855496894046,32.007102966308594
2010-11-17,32.168964904689695,32.371285438681454,31.804787326071256,31.885717391967773
2010-11-18,32.24989215476209,32.897320338716085,31.84525108337402,31.845251083374023
2010-11-19,31.926171446152036,32.65452330097184,31.723850971952295,32.411739349365234
2010-11-22,32.12849628279977,32.57360076904297,32.00710274693079,32.57360076904297
2010-11-23,32.209423649382,32.411744153570545,31.885712694979883,32.371280670166016
2010-11-24,32.3712822478665,33.14010081868654,32.33081876248988,33.018707275390625
2010-11-26,33.382880178694094,33.544737184872396,33.018702686584305,33.423343658447266
2010-11-29,33.26149061602654,33.82798866157714,32.8163861113675,33.78752517700195
2010-11-30,33.42334788578829,33.50427794269618,32.77592286635522,33.22102737426758
2010-12-01,33.463817148857096,33.78753125805236,33.463817148857096,33.6661376953125
2010-12-02,33.625665015922145,34.51587702939342,33.463808005548664,34.47541046142578
2010-12-03,34.354024809338235,34.515881842281026,33.98984725700849,34.43495178222656
2010-12-06,34.192172111823545,34.839597238519445,33.747067530168025,34.5968132019043
2010-12-07,34.596808815169354,34.83959282100047,34.03031074345265,34.43495178222656
2010-12-08,34.47541384622259,34.55634390293788,33.90891888504547,34.151702880859375
2010-12-09,34.51588516287034,34.51588516287034,33.706603007465795,33.747066497802734
2010-12-10,33.706599764733205,34.515881842281026,33.46381267173595,34.43495178222656
2010-12-13,34.43495249490491,35.08237755290929,34.3944890076233,34.96098709106445
2010-12-14,34.92052037647161,35.487015320391805,34.718199871595566,35.122840881347656
2010-12-15,33.94938585987283,35.56795011457793,31.804786987522036,34.718204498291016
2010-12-16,34.67773358867473,34.67773358867473,33.585204088143655,33.625667572021484
2010-12-17,33.423354284002876,33.54474784902001,32.897322705650694,33.301963806152344
2010-12-20,33.01870678417315,34.47541384622259,32.85684975790855,34.151702880859375
2010-12-21,34.19216578347343,34.59680679866246,33.94938179179319,33.989845275878906
2010-12-22,33.90891754344963,34.11123804648414,33.38288300069357,33.463809967041016
2010-12-23,33.382880178694094,33.46380713820044,33.180559692762614,33.423343658447266
2010-12-27,33.382885551997724,33.90892013495626,33.34242206573156,33.544742584228516
2010-12-28,33.585197692703815,33.94937515258789,33.342413748502885,33.94937515258789
2010-12-29,31.440604718620943,31.764318756097193,31.11689376831055,31.116893768310547
2010-12-30,32.57360481604552,32.614068303973816,31.4001451431274,31.562002182006836
2010-12-31,31.561995474528324,31.764315958339402,31.44060194937544,31.602458953857422
2011-01-03,31.683402916074325,31.845256904482316,31.23829518645152,31.76432991027832
2011-01-04,31.278753127241103,31.804784618538957,31.157359582313706,31.44060707092285
2011-01-05,31.440606393767805,31.68339347839355,31.238285881357033,31.683393478393555
2011-01-06,31.64292958965938,31.64292958965938,31.1573615535613,31.359682083129883
2011-01-07,31.359677794656104,31.723855315511088,31.157357292755098,31.642925262451172
2011-01-10,31.561999770723887,31.561999770723887,31.238285717696215,31.319215774536133
2011-01-11,31.44060871166694,31.84524976631988,31.400145223634897,31.481075286865234
2011-01-12,31.602458953857422,31.845242916997602,31.359674990717245,31.602458953857422
2011-01-13,31.52153812578895,31.76432213614793,31.23828754106499,31.400144577026367
2011-01-14,31.238285137727093,31.238285137727093,30.752717154366632,31.157358169555664
2011-01-18,30.424242653749076,31.075902304747018,30.220599789648094,30.750072479248047
2011-01-19,30.709344915629828,30.831528771226992,29.73185853413477,29.81331443786621
2011-01-20,29.772589410879235,29.93550434169054,29.487490612467344,29.691133499145508
2011-01-21,29.772587806736187,29.93550272876966,29.365302055324356,29.568944931030273
2011-01-24,29.40603094852635,29.854047775268555,29.120932156366568,29.854047775268555
2011-01-25,29.60966872776458,30.139141373204115,29.60966872776458,30.01695442199707
2011-01-26,29.976231879281904,31.646102905273438,29.976231879281904,31.646102905273438
2011-01-27,31.564638747667022,31.76828157829713,31.238808975721646,31.401723861694336
2011-01-28,31.361004377683336,31.686834237531865,30.342789949836476,30.505704879760742
2011-01-31,30.54643398814134,31.116634710722103,30.22060411599692,31.07590675354004
2011-02-01,30.790804410737806,31.523920059204098,30.75007645412166,31.5239200592041
2011-02-02,31.36099940967307,31.442455308059557,31.035169601440426,31.03516960144043
2011-02-03,30.95371818542481,31.3610039510225,30.627888330009135,30.953718185424805
2011-02-04,30.872267783714317,30.953723708430342,30.505709907803507,30.58716583251953
2011-02-07,30.54643356369701,31.523920059204098,30.54643356369701,31.5239200592041
2011-02-08,31.36100313371051,31.93120381215581,31.36100313371051,31.84974479675293
2011-02-09,31.686836034810984,32.54213558124622,31.64610496951177,32.501407623291016
2011-02-10,32.33849531085512,33.35670987916074,32.175580358457374,33.030879974365234
2011-02-11,32.94941726024764,34.04908752441406,32.7865023414302,34.04908752441406
2011-02-14,33.886176876263015,34.98585038636464,33.682533978912055,34.78220748901367
2011-02-15,34.741473931788754,34.82292983466343,33.4381577343894,33.56034469604492
2011-02-16,33.96763136503833,34.00835931760267,33.397430707106814,33.76398849487305
2011-02-17,33.56034678370632,34.61928912366741,33.397431860479145,34.25273132324219
2011-02-18,34.4156449583587,35.43385930623913,34.29345799367561,34.57855987548828
2011-02-22,34.13054176358474,34.7414702931906,34.00835481472629,34.660011291503906
2011-02-23,34.619292740429096,34.70074865688073,33.478891266042055,33.88617706298828
2011-02-24,33.80471164058991,34.53782711187731,33.56034085260849,34.293453216552734
2011-02-25,34.130541487948555,35.39312648413547,34.08981043376255,35.189483642578125
2011-02-28,35.23021662439797,35.80041728371822,34.66001596507772,35.75968933105469
2011-03-01,35.63750457763672,35.963334433855486,35.43386169433594,35.63750457763672
2011-03-02,35.63750286316133,36.574261324216174,35.63750286316133,36.32988739013672
2011-03-03,36.37062747071274,36.65572632138575,35.556055774681944,36.08552551269531
2011-03-04,36.04479736927371,36.16698436600562,35.556055597034884,35.8004264831543
2011-03-07,35.7596907624831,35.841146671070774,34.49710242796812,34.61928939819336
2011-03-08,34.49710242796812,35.02657515581917,33.763989928647916,34.61928939819336
2011-03-09,34.619285307669124,34.78220021293859,34.089812642379194,34.33418655395508
2011-03-10,34.00835971288108,34.08981561895652,33.1937882227522,33.315975189208984
2011-03-11,33.3567017964512,33.64180056355637,32.78650115489732,33.478885650634766
2011-03-14,33.03087418666964,34.008360622435944,33.03087418666964,33.43815994262695
2011-03-15,32.705053192262014,33.47889377866202,32.37922328731361,33.11233901977539
2011-03-16,32.99013895928105,33.7232544013134,32.175567626953125,32.175567626953125
2011-03-17,32.58285394830167,33.15305451386557,32.4606670030583,32.82722473144531
2011-03-18,33.07159999960752,33.39742982621532,32.46067140522553,32.66431427001953
2011-03-21,32.8679581015382,33.35670285582505,32.8679581015382,32.94941711425781
2011-03-22,32.786499301985536,33.15305705850746,32.786499301985536,33.071598052978516
2011-03-23,32.94942406730119,33.11233901977539,32.705053192262014,33.11233901977539
2011-03-24,33.15305943130245,33.60107311807474,31.971930179016567,32.297760009765625
2011-03-25,31.971928945951664,32.13484385504304,31.442456268240566,31.727558135986328
2011-03-28,31.44245904176968,32.46067342922781,31.44245904176968,31.84974479675293
2011-03-29,32.0956932574297,32.34163663201152,31.849746755508193,32.17767333984375
2011-03-30,32.09569549560547,32.423618975468905,32.01371228013469,32.09569549560547
2011-03-31,33.20243787958121,36.39971092632853,33.20243787958121,35.29296112060547
2011-04-01,35.210975523145606,35.210975523145606,34.51413246716069,34.88304901123047
2011-04-04,34.842064446427514,35.00602772811389,33.85828788364873,34.186214447021484
2011-04-05,34.43214908582305,34.43214908582305,33.89926933713079,34.39115905761719
2011-04-06,34.22719740854592,34.71908402455955,33.981254100539104,34.473140716552734
2011-04-07,34.22720230193365,34.59611888035648,34.18621226596207,34.43215560913086
2011-04-08,34.43215560913086,34.63710891632807,34.268192337905234,34.43215560913086
2011-04-11,34.43215498490767,34.473145020136144,33.81729507446289,33.81729507446289
2011-04-12,33.81729666738754,34.02224998052322,32.874510176027655,32.95649337768555
2011-04-13,32.79253005981445,33.202436685562134,32.505596672726824,32.79253005981445
2011-04-14,32.587575118065836,33.038471758382556,32.50559504794978,32.54658508300781
2011-04-15,32.42361833416284,32.87451506464423,32.38262829090814,32.587581634521484
2011-04-18,32.177674929915185,32.46460835988295,31.890741499947413,32.42361831665039
2011-04-19,32.58757122860679,32.79252450677413,32.30063789010806,32.38261795043945
2011-04-20,32.79252176238817,32.87450181585871,32.17766197934339,32.34162521362305
2011-04-21,32.5875740607466,32.79252735672613,32.34163073103897,32.75153732299805
2011-04-25,32.792532295378784,32.833522335280094,32.38262564168655,32.71055221557617
2011-04-26,32.83352389321166,32.997487187936436,32.423617220069595,32.628570556640625
2011-04-27,32.546579587664866,32.62855964393896,32.09568302347999,32.300636291503906
2011-04-28,32.17766307975408,32.42360637591504,32.01369983986722,32.300636291503906
2011-04-29,32.21865423421892,33.20243058059314,32.05469098860008,32.87450408935547
2011-05-02,32.87451506464423,33.07946840825757,32.50560154801208,32.587581634521484
2011-05-03,32.46460726191585,32.71055376767288,32.21866388349856,32.628570556640625
2011-05-04,32.587582733068544,32.587582733068544,31.890742592228214,32.218666076660156
2011-05-05,31.931732192003803,32.50560219093969,31.808758932467576,32.09569549560547
2011-05-06,32.259651803578905,32.30064497006872,31.76776507909645,31.93172836303711
2011-05-09,31.849742934776835,32.17766947977395,31.76776286219721,32.01370620727539
2011-05-10,32.0956943750902,32.54659109874829,31.849747864604158,32.13668441772461
2011-05-11,31.931723437631334,32.095686696280985,31.808750211809336,31.972713470458984
2011-05-12,32.01371304187486,32.177676349377904,31.685789554208753,31.808759689331055
2011-05-13,31.767766673094144,32.17767333984375,31.6857865906801,32.17767333984375
2011-05-16,31.97271092946006,33.448373885352,31.97271092946006,32.87450408935547
2011-05-17,32.587581634521484,33.284421751870916,32.42361833416284,32.587581634521484
2011-05-18,32.66955846329909,33.20243835449219,32.50559830663001,33.20243835449219
2011-05-19,33.20243719930305,33.24342723704418,32.87451064269515,33.079463958740234
2011-05-20,32.9974856222249,33.202438949071016,32.423615681587854,32.71055221557617
2011-05-23,32.30064018795686,32.30064018795686,31.439833856545704,31.562807083129883
2011-05-24,31.6447871492933,31.97271366862508,31.35785379038229,31.562807083129883
2011-05-25,31.398848472064845,32.01370844133768,31.398848472064845,31.93172836303711
2011-05-26,31.89074214793836,32.34163888733802,31.562815540735023,32.09569549560547
2011-05-27,32.30064271598269,32.42361282485213,31.93172613469577,32.01370620727539
2011-05-31,31.972711394104778,32.38261795043945,31.644784898101502,32.38261795043945
2011-06-01,32.218660965984526,32.25965100411899,31.562810973814702,31.890737533569336
2011-06-02,31.890727399564188,32.34162393043958,31.644780994233564,32.0546875
2011-06-03,31.97271757154997,32.17767088931632,31.60380097410266,31.726774215698242
2011-06-06,31.64478810419402,31.808751368807602,31.02992820739746,31.02992820739746
2011-06-07,31.152895642250066,31.603792190551758,31.111905615556925,31.603792190551758
2011-06-08,31.439835439001953,31.808752009984058,30.988938797730142,31.64478874206543
2011-06-09,31.644784507186426,31.808747753162592,31.193887926256078,31.68577766418457
2011-06-10,31.43982895644062,31.685775371276613,31.27586884966806,31.603792190551758
2011-06-13,31.603798123832764,31.76776138872628,31.152901490879966,31.193891525268555
2011-06-14,31.357860006344545,32.382626673218546,31.275879923930496,32.17767333984375
2011-06-15,31.808756944990563,32.054700321356066,31.275880150755263,31.43984031677246
2011-06-16,31.4398284982184,31.521811677748385,30.620015466949724,30.906951904296875
2011-06-17,30.988939560079018,31.070922759724784,30.538042907714846,30.742996215820312
2011-06-20,30.415068935438356,30.906958739384326,30.374078900277663,30.865968704223633
2011-06-21,31.0709228515625,31.35785623282254,30.988939651674414,31.0709228515625
2011-06-22,31.07092226130261,31.603798977425143,31.07092226130261,31.398845672607422
2011-06-23,30.947948191597863,31.357854790162072,30.702004857927168,31.193891525268555
2011-06-24,31.111908690151726,31.111908690151726,30.702002128034678,30.988935470581055
2011-06-27,30.824975967407227,31.070922436446267,30.66101582450022,30.824975967407227
2011-06-28,30.990049362182617,31.237639012089925,30.742459712275313,30.990049362182617
2011-06-29,30.948770103227933,31.36142037127097,30.948770103227933,31.196359634399414
2011-06-30,31.113833672540654,31.361423226251397,31.113833672540654,31.278894424438477
2011-07-01,31.155099521155638,31.567749845939158,31.155099521155638,31.526485443115234
2011-07-05,31.402690887451172,31.526487251295336,30.74245095958436,31.402690887451172
2011-07-06,31.361424943837793,31.6090145111084,31.155099779733597,31.6090145111084
2011-07-07,31.691547647048548,32.35178756713867,31.52648687995795,32.35178756713867
2011-07-08,32.18672644037628,32.269255248863224,31.815340505640574,32.14546203613281
2011-07-11,32.02165671208668,32.02165671208668,31.650270881303967,31.856595993041992
2011-07-12,31.980394491655815,32.14545522191222,31.897865700663395,32.104190826416016
2011-07-13,32.186719617408436,32.43430913865726,31.980394491655815,32.104190826416016
2011-07-14,32.02165561000809,32.06292000128124,31.650269792007244,31.815330505371094
2011-07-15,31.774076562007433,31.980401734488,31.691547752324123,31.897872924804688
2011-07-18,31.77406611409794,31.98039121873494,31.732801722824792,31.815330505371094
2011-07-19,31.856598304686674,32.14545537104336,31.815333908999026,32.062923431396484
2011-07-20,31.980401270886695,32.14546203613281,31.897872462399754,32.14546203613281
2011-07-21,32.104197173607744,32.51684750669642,32.104197173607744,32.39305114746094
2011-07-22,32.39304847717285,32.39304847717285,31.81533742881729,31.980398178100586
2011-07-25,31.774076101397103,32.14546203613281,31.691547292910162,32.14546203613281
2011-07-26,32.02166027170016,32.02166027170016,31.402684867679135,31.774070739746094
2011-07-27,31.81533050537109,31.98039121873494,31.402680296097092,31.815330505371094
2011-07-28,31.650269792007244,32.02165561000809,31.60900540073409,31.815330505371094
2011-07-29,31.609008635646788,32.26924840840085,31.567744240150578,32.104190826416016
2011-08-01,32.22798822207598,32.43431337477591,31.939134267604857,32.31052017211914
2011-08-02,32.18671632337194,32.31051264546264,31.567741009460942,31.815330505371094
2011-08-03,31.567749845939158,31.774075008330918,31.155099521155638,31.526485443115234
2011-08-04,31.072566741883744,31.443949468078014,30.742445264964694,30.824974060058594
2011-08-05,30.94877488894704,30.94877488894704,29.421969920401192,30.247270584106445
2011-08-08,30.123476937188748,30.123476937188748,28.266550276677112,28.926790237426758
2011-08-09,29.256912629493204,29.545766636755225,28.472876276288712,28.885526657104492
2011-08-10,28.51413891916596,29.09185004619161,28.30781374153339,28.431610107421875
2011-08-11,28.390343266918133,29.256908309007603,28.30781131397927,29.13311195373535
2011-08-12,29.133109228236023,29.46323071256333,28.84425529065348,29.174373626708984
2011-08-15,31.1963552318576,32.26924514770508,30.948765735626836,32.26924514770508
2011-08-16,31.77407302856445,32.227987727889555,31.650276679534,31.980398178100586
2011-08-17,32.14546710015285,32.35179230214578,31.526491494174067,31.732816696166992
2011-08-18,31.361425220799664,31.443954027861317,30.082209821710958,30.247270584106445
2011-08-19,29.917148851592422,30.329799180579904,29.917148851592422,29.999677658081055
2011-08-22,30.32979864889021,30.37106305141115,29.38070164954807,29.834619522094727
2011-08-23,29.83462014910446,30.41232809308304,29.83462014910446,30.12347412109375
2011-08-24,29.999677762657097,30.49486004813153,29.62829498389149,30.12347412109375
2011-08-25,30.164737890534347,30.32979864889021,29.79335197130168,29.834619522094727
2011-08-26,29.54575890024867,30.082205514150576,29.339433763866666,29.917144775390625
2011-08-29,30.16473509434715,30.61864977654507,30.16473509434715,30.329795837402344
2011-08-30,30.164739964706477,30.536125909476194,29.91715038428411,30.371065139770508
2011-08-31,30.329798851013187,30.94877433776856,30.329798851013187,30.948774337768555
2011-09-01,31.155099960448155,31.320160722343374,30.412328106055753,30.70118522644043
2011-09-02,29.958413462846295,30.453595750032758,29.54576313099367,30.247270584106445
2011-09-06,29.42196677791264,29.958410263061523,29.380699230517315,29.958410263061523
2011-09-07,30.164741608034394,30.536127573036637,30.08221279282167,30.288537979125977
2011-09-08,30.123477200428034,30.577391980642997,29.958416421730092,30.288537979125977
2011-09-09,29.793354230008756,30.206004583046397,29.587029053489935,30.04094696044922
2011-09-12,29.752088748966173,30.123474682930723,29.05058443346709,29.42197036743164
2011-09-13,29.421972826302408,30.329802386732336,29.421972826302408,30.288537979125977
2011-09-14,30.28853453260791,30.659920455350324,29.710823447038837,30.49485969543457
2011-09-15,30.701185687537563,30.990039663988327,30.123474586363812,30.453596115112305
2011-09-16,30.659923592806873,30.701187999940398,29.793355301640513,30.082212448120117
2011-09-19,29.875887209270335,29.875887209270335,29.256911658587686,29.380704879760742
2011-09-20,29.339434368872638,29.628291454726984,29.09184482976306,29.174373626708984
2011-09-21,29.133112765122576,29.174377168605215,28.514137268066406,28.514137268066406
2011-09-22,28.472871745924902,28.761725707226912,27.523774761751916,27.895160675048828
2011-09-23,27.895159266947253,28.472870308661427,27.895159266947253,28.22528076171875
2011-09-26,28.307815955861077,28.43161233143331,27.523779589873033,27.936429977416992
2011-09-27,28.431607748439376,29.215643988045777,28.349075795270643,28.679197311401367
2011-09-28,28.76232158157969,28.76232158157969,27.681656906403184,27.84791374206543
2011-09-29,28.346681216659828,28.47137463678795,27.681657041842445,28.18042755126953
2011-09-30,29.094832847858296,30.96521495950633,28.22198849663957,30.133934020996094
2011-10-03,29.261090767318898,29.427347595474025,27.141324928825444,28.05573272705078
2011-10-04,27.43227323845251,28.55450132977323,27.09975956712802,27.84791374206543
2011-10-05,27.473836416863577,28.51293766690445,27.473836416863577,28.22199058532715
2011-10-06,28.263554505648514,28.596068180031487,27.80635058168599,28.09729766845703
2011-10-07,27.847914246974153,28.26355475812302,27.016633224676415,27.723220825195312
2011-10-10,27.349145962336976,29.219528198242188,27.349145962336976,29.219528198242188
2011-10-11,29.344221781931044,29.427351793410075,28.637634125330592,28.92858123779297
2011-10-12,29.177960307162433,29.468910544612942,28.80388641357422,28.80388641357422
2011-10-13,29.053274154663086,29.136400993583468,28.679197037350086,29.053274154663086
2011-10-14,29.38579045433643,29.67674078988691,29.094843289872212,29.593610763549805
2011-10-17,29.676733795076508,29.676733795076508,28.47137565152478,28.554502487182617
2011-10-18,28.26355848549616,29.26109647802496,28.26355848549616,28.97014617919922
2011-10-19,29.094834755971387,29.302655004228328,28.512937426634895,28.596067428588867
2011-10-20,28.097296182843778,28.970140568091637,28.097296182843778,28.6791934967041
2011-10-21,28.92858123779297,29.011711249272,28.34668384178252,28.92858123779297
2011-10-24,28.887017540897883,29.46891493133454,28.887017540897883,29.302658081054688
2011-10-25,29.3026582317775,29.46891508291252,28.887017689482782,29.01171112060547
2011-10-26,29.468913513018684,29.801424026489258,28.84545273279016,29.801424026489258
2011-10-27,30.050809459648935,30.1339362913288,28.67919453933362,29.46891212463379
2011-10-28,29.468916165402284,29.718299865722656,29.21953246508191,29.718299865722656
2011-10-31,29.51047527761553,29.51047527761553,28.845451116844078,29.219528198242188
2011-11-01,28.845452501082924,28.845452501082924,28.0972983023842,28.305118560791016
2011-11-02,28.596070198429704,29.053274154663086,28.097299651650495,29.053274154663086
2011-11-03,29.094836421209543,29.30265668136104,28.637632483093352,29.177963256835938
2011-11-04,28.762317754658152,29.427345008823053,28.762317754658152,29.385778427124023
2011-11-07,29.094835417372046,29.510475923334504,28.928578580769983,29.427349090576172
2011-11-08,29.4273530374543,29.676736740262726,29.09483931965251,29.344223022460938
2011-11-09,28.92857715376274,29.177960810821375,28.5960666680463,28.6791934967041
2011-11-10,28.679193496704098,29.136397396492477,28.5960666680463,28.6791934967041
2011-11-11,28.845459553033418,29.593610763549805,28.803896125407995,29.593610763549805
2011-11-14,29.468916477392405,30.591144726258115,29.261096196410914,30.30019760131836
2011-11-15,29.51047706604004,30.21706468510256,28.92857970094327,29.51047706604004
2011-11-16,29.427346860837837,29.842987335306816,28.762319564819336,28.762319564819336
2011-11-17,28.67919450112806,29.094835001144407,28.05573375110354,28.22199058532715
2011-11-18,28.18042704982707,28.803887797203018,28.014170216309747,28.512937545776367
2011-11-21,28.221991089122,28.305117922175032,27.972607418877477,28.09729766845703
2011-11-22,28.097300348672977,28.34668404270634,27.88948007513089,28.01417350769043
2011-11-23,28.055733979203318,28.138860811448286,27.016632720714306,27.22445297241211
2011-11-25,27.05819663864869,27.723220822197888,26.850376383096727,27.099760055541992
2011-11-28,27.72322288306146,28.097300005079887,27.266018921077016,27.432275772094727
2011-11-29,27.34914600863522,27.43227283971537,27.058195757684004,27.266016006469727
2011-11-30,27.88947766387195,27.93104108076975,26.975069807778617,27.723220825195312
2011-12-01,27.515400056354878,27.97260714695835,27.182889556289624,27.22445297241211
2011-12-02,27.224456877467325,27.556970596313477,27.182893455383017,27.556970596313477
2011-12-05,27.80635058168599,28.09729766845703,27.515400323829535,28.09729766845703
2011-12-06,28.014171467455668,28.512938819197828,27.806351209048852,28.305118560791016
2011-12-07,28.221998357457057,28.471382091928234,27.806357742976353,28.13886833190918
2011-12-08,27.847918425536065,28.055738712293795,27.099764124773863,27.14133071899414
2011-12-09,27.182889944021476,27.889477541438488,27.182889944021476,27.806350708007812
2011-12-12,27.515399813078467,27.764786649779193,27.058195897602733,27.598529815673828
2011-12-13,27.7232229900697,28.138863533675455,27.51540271826682,27.764789581298828
2011-12-14,27.556965413670643,28.34667979800832,27.515398828317927,28.05573272705078
2011-12-15,28.388249888362164,28.388249888362164,27.349148547954847,27.473838806152344
2011-12-16,27.5154073270937,27.84792108610859,26.226922060311892,26.393178939819336
2011-12-19,26.55942877142411,26.55942877142411,25.645019347870257,25.97753143310547
2011-12-20,25.97753162954389,26.891939474469673,25.9359682131537,26.26848030090332
2011-12-21,26.18535381199872,26.975071465942793,25.894405119201284,26.850378036499023
2011-12-22,26.891942127911733,28.01417350769043,26.6009950133871,28.01417350769043
2011-12-23,27.931039313163126,28.22198955520591,27.723219070740527,28.05573272705078
2011-12-27,28.09730195604593,28.88701967490068,28.05573853317692,28.38825225830078
2011-12-28,28.26355285928912,28.554499929112417,28.221989445183684,28.3466796875
2011-12-29,28.305120571833974,29.053274823688113,28.305120571833974,28.63763427734375
2011-12-30,28.471377879565924,29.219532143375684,28.471377879565924,29.136402130126953
2012-01-03,29.427348708793858,30.050809459648935,29.302655290188696,29.46891212463379
2012-01-04,29.21952815553203,31.380857467651367,29.21952815553203,31.380857467651367
2012-01-05,31.29773541595676,31.29773541595676,30.217067423795168,30.591144561767578
2012-01-06,30.508005003405646,31.04833560320652,30.383311619021487,30.882081985473633
2012-01-09,31.08991292516596,31.08991292516596,30.63270580511026,30.965219497680664
2012-01-10,31.131475572421046,31.256165825730506,30.54957821038705,31.0483455657959
2012-01-11,31.131474691038147,31.921192290648555,31.089911274445058,31.838062286376953
2012-01-12,32.00431950887044,32.25370318251468,31.630242412861357,31.796499252319336
2012-01-13,31.671807878343802,31.83806472855452,30.923656809024067,31.50555419921875
2012-01-17,31.71337871816366,32.33683961167079,31.33930154784217,32.00432586669922
2012-01-18,32.212140019480195,32.29526685432208,31.796499503099803,32.04588317871094
2012-01-19,32.0458861508885,32.7109104045594,31.380861897217603,31.588682174682617
2012-01-20,31.3808625793457,31.54711943914881,31.131478875183962,31.17304229736328
2012-01-23,31.13147570908827,31.173039127040557,30.42488491955737,30.75739860534668
2012-01-24,30.71583681227559,31.17304077610804,30.466453120283866,31.13147735595703
2012-01-25,31.131478840303185,31.42438125610352,31.00594740930481,31.424381256103516
2012-01-26,31.466224149654074,31.63359832763672,31.173321732482137,31.63359832763672
2012-01-27,31.54991134196961,31.71728551203247,31.340694427490234,31.340694427490234
2012-01-30,31.25700091639368,32.344931257495645,31.215158178442746,32.30308532714844
2012-01-31,32.30308532714844,32.51230220929939,31.884651562846535,32.30308532714844
2012-02-01,32.30309503293124,32.80521761639896,32.17756678136224,32.59600067138672
2012-02-02,32.63783761868573,33.51654799301717,32.63783761868573,33.30733108520508
2012-02-03,33.307332224687826,34.1441998845664,33.307332224687826,33.97682571411133
2012-02-06,33.558393907252224,33.89314226834279,32.97258906393918,33.2654914855957
2012-02-07,33.26548614538798,33.47470303938413,32.88889509771562,32.97258377075195
2012-02-08,33.05627042928319,33.18180184711251,32.637836626380874,32.84705352783203
2012-02-09,33.09811334505006,33.851295471191406,32.805210958437634,33.851295471191406
2012-02-10,33.68391867481769,33.89313556099668,33.265484902459704,33.72576141357422
2012-02-13,34.060509894459,34.060509894459,33.51654471046393,33.93497848510742
2012-02-14,33.85129913957858,33.85129913957858,33.39102254256712,33.64208221435547
2012-02-15,33.642077373060076,33.89313700871945,32.76336705205406,33.181800842285156
2012-02-16,33.223642163703175,33.76760415233075,33.18179942494664,33.72576141357422
2012-02-17,33.80945473605303,34.06051439553725,33.60023782108339,33.97682571411133
2012-02-21,34.10235714005182,34.1441998845664,33.89314022508218,33.97682571411133
2012-02-22,33.93498516131003,33.93498516131003,33.432865809911895,33.474708557128906
2012-02-23,33.30732185078981,33.809444205763995,33.30732185078981,33.60022735595703
2012-02-24,33.64208312564278,33.64208312564278,33.05627508067048,33.09811782836914
2012-02-27,33.0562711052013,33.432862173993044,32.72152277907605,32.88889694213867
2012-02-28,32.888896606257205,33.056270767610506,32.26124589547979,32.470462799072266
2012-02-29,32.47045850239616,32.972580920012355,31.717279664566142,32.63783264160156
2012-03-01,32.59599106746727,33.22364171757615,32.428616922292306,32.51230239868164
2012-03-02,32.42861903570836,32.595993191791315,31.80096834469465,32.01018524169922
2012-03-05,32.01018382580357,32.01018382580357,31.717281459911625,31.842809677124023
2012-03-06,31.50806209039305,31.591747561943066,30.75488007685848,31.21515655517578
2012-03-07,31.131471083625765,31.675433033493082,31.047782419679642,31.21515655517578
2012-03-08,31.21515949818465,32.177558473726684,31.21515949818465,31.67543601989746
2012-03-09,31.466219012798554,32.0938696834719,31.382533533667335,31.549907684326172
2012-03-12,31.382533533667335,31.717281834985013,31.173316643442885,31.549907684326172
2012-03-13,31.508069061930836,32.13571981461953,31.508069061930836,31.968345642089844
2012-03-14,31.92649872520946,32.05202694390629,31.508064944760562,31.549907684326172
2012-03-15,31.59175005030287,31.84280967712402,31.46621864069412,31.842809677124023
2012-03-16,31.717285979493735,32.34493673218242,31.675440042063702,31.968345642089844
2012-03-19,31.759124198982423,32.13571523541233,31.59175005030287,31.842809677124023
2012-03-20,31.80096367594072,31.968337807451192,31.466215412919773,31.75912094116211
2012-03-21,31.800969913305824,32.0101868206302,31.508067520010353,31.591753005981445
2012-03-22,31.424380326741208,32.010188333413765,31.424380326741208,31.88465690612793
2012-03-23,31.80097460261655,32.01019154079166,31.717289104305358,31.92650604248047
2012-03-26,31.884661142906758,33.18180875590044,31.71729014081475,32.59600067138672
2012-03-27,32.428620869280465,33.80945374454399,32.428620869280465,33.51654815673828
2012-03-28,33.55865240488636,33.55865240488636,32.927059173583984,32.927059173583984
2012-03-29,32.96917019026719,33.979716858783824,32.463893643559366,33.81129455566406
2012-03-30,33.81129659839868,33.81129659839868,31.66387676693909,32.37968444824219
2012-04-02,32.253365230259746,32.253365230259746,32.00072854215375,32.12704849243164
2012-04-03,32.00072683695874,32.21125793457031,31.874406893411955,32.21125793457031
2012-04-04,32.00072579107782,32.169151306152344,31.916514639765314,32.169151306152344
2012-04-05,32.12703323869056,32.21124435725965,31.91650222981958,32.00071334838867
2012-04-09,31.790184009313098,32.37967150760461,31.411227530950807,31.91650390625
2012-04-10,31.916504565670248,32.00071569040244,30.86384944427543,31.41122817993164
2012-04-11,31.495441866391552,32.29545717216387,31.369121969454646,31.91650390625
2012-04-12,31.874405905539213,32.37968245161688,31.705983602629498,32.04283142089844
2012-04-13,31.832302093505856,32.04283319625715,31.621770990754563,31.83230209350586
2012-04-16,31.748089945773987,32.084937772185235,31.621770003088777,31.663875579833984
2012-04-17,31.790196515445537,31.95862204013651,31.621770990754563,31.83230209350586
2012-04-18,31.790184009313098,32.12703492617923,31.748078447816937,31.91650390625
2012-04-19,32.08492446695776,32.08492446695776,31.7059712209486,32.00071334838867
2012-04-20,32.08493699662586,32.25336251198509,31.790194754084354,32.04283142089844
2012-04-23,31.748090937385214,31.91651646207619,31.57966541269424,31.83230209350586
2012-04-24,31.91650687660183,31.958612442016598,31.49544479755668,31.9586124420166
2012-04-25,31.95862270904866,32.21125939514811,31.621771652616232,31.70598602294922
2012-04-26,31.57966442634357,31.832301099264402,31.45334448365836,31.663875579833984
2012-04-27,31.537552063747803,31.958614165500247,31.327021012871583,31.748083114624023
2012-04-30,31.49545669555664,31.66387902084042,31.200711201410158,31.49545669555664
2012-05-01,31.369129914182786,31.74808648852182,30.779642266594198,30.99017333984375
2012-05-02,30.779635713678754,31.45333436215853,30.737530150482872,31.284912109375
2012-05-03,31.284920185255245,31.284920185255245,30.232264771383257,30.484901428222656
2012-05-04,30.316476728309752,30.358582303498064,29.26382128635455,29.979625701904297
2012-05-07,29.769091794374418,30.316473857333722,29.769091794374418,30.274368286132812
2012-05-08,29.93752098083496,29.97962655722455,29.726989886437458,29.93752098083496
2012-05-09,29.769094065843223,30.021733937224163,29.55856298132538,29.600671768188477
2012-05-10,29.684883117675785,29.85330862891844,29.558563181131433,29.68488311767578
2012-05-11,29.474350827494593,29.64277633185585,29.137499818772078,29.4322452545166
2012-05-14,29.137501563675556,29.432247017070956,29.137501563675556,29.221715927124023
2012-05-15,29.263820698415977,29.769094015423253,29.09539518859708,29.137500762939453
2012-05-16,29.474350553336865,29.474350553336865,28.884862899780273,28.884862899780273
2012-05-17,29.011183686477953,29.17960919424497,28.548015949455678,28.842758178710938
2012-05-18,28.758544961468196,29.01118159871326,28.548013895022454,28.632225036621094
2012-05-21,28.632227445932177,29.179609549731232,28.632227445932177,29.137500762939453
2012-05-22,29.05329041267658,29.474352592570444,29.05329041267658,29.221715927124023
2012-05-23,29.179612124411467,29.22171770246905,28.632229972313826,29.011186599731445
2012-05-24,28.842760029271144,29.09539670090623,28.632228934166974,28.969079971313477
2012-05-25,28.842758530093445,29.137500762939453,28.632227445932177,29.137500762939453
2012-05-29,29.05328961425471,29.34803184710072,28.842758530093445,29.137500762939453
2012-05-30,28.969078465569964,29.137500762939453,28.632227445932177,29.137500762939453
2012-05-31,28.884863752540348,29.011183686477953,28.632227097114505,28.842758178710938
2012-06-01,28.63222823278272,29.39014144157147,28.63222823278272,29.221715927124023
2012-06-04,29.13750040796619,29.13750040796619,28.632227097114505,28.842758178710938
2012-06-05,28.716438244773332,28.92696932636976,28.716438244773332,28.842758178710938
2012-06-06,29.13749881381824,29.390138667871216,28.969076527715174,29.263818740844727
2012-06-07,29.2217171145707,29.64277931157475,29.2217171145707,29.474353790283203
2012-06-08,29.263821788509937,29.76909512433893,29.221716212599105,29.642778396606445
2012-06-11,29.684878730614127,29.684878730614127,29.053285566132974,29.17960548400879
2012-06-12,29.053290983307157,29.17961092473614,28.548017642490333,28.758548736572266
2012-06-13,28.54801868535297,28.84276094285483,28.54801868535297,28.800655364990234
2012-06-14,28.716433789257994,29.22171023416258,28.548011520072002,29.09539031982422
2012-06-15,29.01118209924094,29.263818740844727,28.674331102136435,29.263818740844727
2012-06-18,29.01118659973145,29.348034436641797,28.716441128428993,29.011186599731445
2012-06-19,29.011179997657354,29.221711052484405,28.674329024954492,29.17960548400879
2012-06-20,29.305927276611328,29.348032852395995,28.969079457884472,29.305927276611328
2012-06-21,29.34802937755697,29.34802937755697,28.548013895022454,28.632225036621094
2012-06-22,28.548013895022454,28.71643617821974,28.42169397017535,28.632225036621094
2012-06-25,28.337482622221145,28.590119257626494,28.337482622221145,28.54801368713379
2012-06-26,28.421693631072543,28.421693631072543,28.211162567138675,28.211162567138672
2012-06-27,28.042738241544374,28.632225887602505,28.000632669493626,28.590120315551758
2012-06-28,28.420190878223632,28.63259887695312,28.420190878223632,28.632598876953125
2012-06-29,28.802525924154484,28.802525924154484,28.377709926695502,28.632598876953125
2012-07-02,28.46267420922406,28.675082225710806,28.29274714781684,28.590120315551758
2012-07-03,28.63260328408485,29.354789294488487,28.59012232601805,29.227346420288086
2012-07-05,28.887493105287906,29.482236258614662,28.33523091125104,28.675085067749023
2012-07-06,28.590126952563878,29.26983211489278,28.37771888676798,29.099905014038086
2012-07-09,28.929970543513097,30.11945670539433,28.717562531826378,29.94952964782715
2012-07-10,30.119456083856242,31.436385080920243,30.119456083856242,31.30893898010254
2012-07-11,31.223978625082637,31.81872172330204,30.84164354472094,31.606313705444336
2012-07-12,31.47886985532003,31.606315971608158,30.71420288085937,30.714202880859375
2012-07-13,30.969089902566747,31.011570858264342,30.246900691350927,30.501792907714844
2012-07-16,30.586748994214712,30.88411886855638,29.864563161620065,30.289379119873047
2012-07-17,30.289384355718067,30.586754281463318,30.289384355718067,30.331865310668945
2012-07-18,30.20441760446294,30.416825609052818,29.652158737182617,29.652158737182617
2012-07-19,30.11945670539433,30.161937659513868,29.779602590259966,29.94952964782715
2012-07-20,30.034494484121325,30.20442155825465,29.77960549346601,30.07697868347168
2012-07-23,29.822091141308192,29.86457534733927,28.67508888244629,29.099905014038086
2012-07-24,29.14238597897929,29.65216728154337,28.802535018359777,29.312313079833984
2012-07-25,29.482237272576715,29.609680154829434,29.184864065141266,29.39727210998535
2012-07-26,29.354789294488487,29.397270252555288,28.929973231641796,29.227346420288086
2012-07-27,29.312309319632394,29.864571516293132,29.099901281084332,29.737125396728516
2012-07-30,29.73711919280351,30.07697328001392,29.3972651055931,29.779600143432617
2012-07-31,29.864570617675785,30.034494450529703,29.737124501945985,29.86457061767578
2012-08-01,29.992009632580633,30.076974779162605,29.14237761329456,30.03449058532715
2012-08-02,29.907049578722297,29.949530534098937,29.609676408907546,29.822084426879883
2012-08-03,29.9070468561293,30.20441675778379,29.567192761876584,30.161935806274414
2012-08-06,30.03449055257325,30.33186370365244,29.354785586103425,29.652158737182617
2012-08-07,29.86456590461992,30.16193580627441,29.609673713385963,30.161935806274414
2012-08-08,30.24689750073978,31.05404853820801,29.992008552352136,31.054048538208008
2012-08-09,31.139019389660874,31.139019389660874,30.544276240344555,30.841646194458008
2012-08-10,30.714202427679208,31.05405333095085,30.374348283318238,30.969091415405273
2012-08-13,30.756681888742747,31.776241031121625,30.62923578053695,30.884124755859375
2012-08-14,31.181496061721614,31.181496061721614,30.119456027201732,31.09653091430664
2012-08-15,30.884118737637003,31.22397279923415,30.799156842781983,31.18149185180664
2012-08-16,31.13901564964901,31.43638556804627,31.13901564964901,31.26645851135254
2012-08-17,31.351426139628614,31.9036850661966,31.351426139628614,31.64879608154297
2012-08-20,31.691272746711643,33.17812873709037,31.60631084369697,33.05068588256836
2012-08-21,32.92323955941687,33.305574602518185,32.41346166267433,32.5833854675293
2012-08-22,32.795803082758674,33.3905462974387,32.66836019174209,33.220619201660156
2012-08-23,33.008205413457596,33.178132479744384,32.583389368285225,32.62587356567383
2012-08-24,32.71083733794207,32.92324537260403,32.4559483445656,32.795799255371094
2012-08-27,33.0506898611357,34.70746985698321,32.71083572598844,34.28265380859375
2012-08-28,34.4950601586595,35.17476839596613,34.32513634042191,34.96236038208008
2012-08-29,34.91987157683655,35.64206067337006,34.622501693085994,35.47213363647461
2012-08-30,35.38717846062082,35.76951031490147,35.04732432227217,35.599586486816406
2012-08-31,35.76950612595872,36.53417622714855,35.17476631513206,36.06687927246094
2012-09-04,36.2368125354476,36.27929349477837,35.25973426539251,35.81199645996094
2012-09-05,35.89695794872565,36.70410913070186,35.89695794872565,36.279293060302734
2012-09-06,36.53418731689453,37.086449584399816,36.406741180981044,36.53418731689453
2012-09-07,36.44922211051241,36.91651916503906,35.981921814896175,36.91651916503906
2012-09-10,36.661624908447266,37.38381086740466,36.279289830903714,36.661624908447266
2012-09-11,36.83154441268802,37.12891754530419,36.44921262103523,36.7041015625
2012-09-12,36.57666828183574,36.789076347631635,35.896963119506836,36.53418731689453
2012-09-13,36.40672842988382,37.12891754530419,36.40672842988382,36.7041015625
2012-09-14,36.91651916503906,37.38381621956572,36.44922211051241,36.91651916503906
2012-09-17,36.704114417749224,36.87404151860392,36.406741180981044,36.53418731689453
2012-09-18,36.36425253279089,36.83154953059069,35.98191744692227,36.1093635559082
2012-09-19,36.10936248160836,36.27928954150433,35.17476851381413,35.769508361816406
2012-09-20,35.557106511382614,35.599590714538465,35.174774611697146,35.514625549316406
2012-09-21,35.642061309677196,35.854469299316406,35.642061309677196,35.854469299316406
2012-09-24,35.68454693778686,35.98191686583277,35.55710083085911,35.727027893066406
2012-09-25,35.81199681648462,35.85447777623831,35.259734616418186,35.302215576171875
2012-09-26,35.302216560548366,35.51462460632915,35.132289475705825,35.217254638671875
2012-09-27,35.302213383101886,36.10936453263752,35.302213383101886,36.0244026184082
2012-09-28,36.02439569611267,36.27928463091152,35.30220659957916,35.47213363647461
2012-10-01,35.42966407115937,35.472145033760306,34.32514283808657,34.62251281738281
2012-10-02,34.622501853689776,34.83490984052223,34.49505576515484,34.580020904541016
2012-10-03,34.70746375198729,34.749947942224715,34.240166829173624,34.580020904541016
2012-10-04,34.66498809749482,35.21725024404601,34.24017205894442,34.83491516113281
2012-10-05,35.047322203079645,35.047322203079645,34.58002522192306,34.91987609863281
2012-10-08,34.74995324985839,34.962361269133595,34.45258007821962,34.83491516113281
2012-10-09,34.58002992625489,34.83491892873505,34.11273288152635,34.41010284423828
2012-10-10,34.32514092377473,34.707472806950214,34.07024868020506,34.41010284423828
2012-10-11,34.41009814250109,34.795286454020285,34.36730016683813,34.45289611816406
2012-10-12,34.28170074193302,35.1804712864992,34.28170074193302,35.09487533569336
2012-10-15,35.09487356644878,35.48006185620892,34.96647638143672,35.18046951293945
2012-10-16,35.308870106061484,35.480065280843114,34.96647975649822,35.4372673034668
2012-10-17,35.30886537457902,35.694053649902344,35.137670222738,35.694053649902344
2012-10-18,35.52286638489764,35.865256764597675,34.96648283420424,35.05208206176758
2012-10-19,34.966478075104,35.65125874130224,34.92368009978566,35.308868408203125
2012-10-22,35.39446997408683,35.39446997408683,35.05208285194503,35.2232780456543
2012-10-23,34.966485077301236,35.30887547896559,34.281707539249396,34.709693908691406
2012-10-24,34.666888176213185,35.394463535529425,34.36729909067735,35.137672424316406
2012-10-25,35.3516719919787,35.56566516779609,34.880887658235764,35.2232780456543
2012-10-26,35.05207947637661,35.69405894200521,34.23890483352511,34.96648025512695
2012-10-31,34.66689548730027,35.56566619873047,34.49570028862861,35.56566619873047
2012-11-01,35.351679852613785,35.69407031616467,34.92369340581392,35.39447784423828
2012-11-02,35.22328247016859,35.351676432620984,34.624100849559326,34.75249481201172
2012-11-05,34.62409571978086,35.1804760051976,34.538496492217526,35.05208206176758
2012-11-06,35.094877454363235,35.39446656554602,34.83808632116708,34.96648025512695
2012-11-07,34.795291694019504,35.26607602776243,34.62409650031024,35.2232780456543
2012-11-08,34.666892203941856,35.48006687165753,34.495697021484375,34.495697021484375
2012-11-09,34.62409571978086,35.13767802405426,34.452900529930844,35.05208206176758
2012-11-12,35.09487444999359,35.394463535529425,34.83808333878057,35.137672424316406
2012-11-13,35.05207839931896,35.05207839931896,34.45289693008825,34.62409210205078
2012-11-14,35.09488004291092,35.95085272688436,34.79529090963088,35.05208206176758
2012-11-15,35.09488149857575,35.22327871260809,34.452901958967665,34.53849792480469
2012-11-16,34.41009814250109,34.75248521308108,33.89651263871676,34.45289611816406
2012-11-19,34.452901958967665,35.13767948149427,34.367305993130635,34.53849792480469
2012-11-20,34.49570362182979,35.137683229923184,34.02491922895006,34.75249481201172
2012-11-21,34.88088697052214,35.18047610464909,34.538496589854205,34.83808898925781
2012-11-23,34.9236792874262,35.26606961256098,34.709686150535994,35.137672424316406
2012-11-26,35.308870204422476,36.293240013201775,35.308870204422476,36.03644561767578
2012-11-27,35.865249468929,36.592824796193206,35.865249468929,36.50722885131836
2012-11-28,36.37883669572083,36.76402503143669,35.651261267916986,36.421634674072266
2012-11-29,36.97801686471778,37.320403944548865,36.42163337023733,36.72122573852539
2012-11-30,36.76402389868605,37.23480817659928,36.5928287252786,37.10641098022461
2012-12-03,37.106418488389,37.40601091879107,36.378842935784114,37.320411682128906
2012-12-04,37.020822517003836,37.49160689017623,36.978024531311256,37.320411682128906
2012-12-05,37.10641276115226,37.491601103487106,36.84962162135453,37.020816802978516
2012-12-06,36.89242351241613,37.534403062622516,36.550036378138834,36.806827545166016
2012-12-07,36.76402777776656,37.02081893233435,36.50723662319877,36.89242172241211
2012-12-10,36.76402584040825,37.020816981443886,36.46443345480291,36.592830657958984
2012-12-11,36.50722912945387,37.32040040778818,36.3360339731239,36.67842102050781
2012-12-12,36.67842074106806,36.93521510624459,36.33603369629267,36.50722885131836
2012-12-13,36.293239750901314,36.42163368246,35.73685625165129,35.86525344848633
2012-12-14,35.95085336627454,36.33604173396854,35.95085336627454,36.25044250488281
2012-12-17,36.03644357587369,36.20763874143241,35.73685448510306,35.95084762573242
2012-12-18,35.865253707693626,36.293240013201775,35.694058532435086,36.03644561767578
2012-12-19,36.03644561767578,36.37883596819285,35.8224524649217,36.03644561767578
2012-12-20,35.95085425322069,36.29324464745732,35.779659056102375,36.207645416259766
2012-12-21,36.036446507605184,36.07924775143409,35.779655371014044,35.993648529052734
2012-12-24,35.82245124678519,36.16484158565934,35.82245124678519,36.12204360961914
2012-12-26,36.164844423181876,36.6784267065129,35.950851260914526,36.37883758544922
2012-12-27,36.25043885163288,36.293240094500675,35.7368565899832,35.822452545166016
2012-12-28,35.736862960345064,36.421640519703466,35.56566775418622,35.908058166503906
2012-12-31,35.694060031696,36.89241977828781,35.52286484924674,36.592830657958984
2013-01-02,37.106418488389,37.83399730627088,36.764031337571346,37.320411682128906
2013-01-03,37.36320787947114,37.91958814877449,36.93522154987938,37.406005859375
2013-01-04,37.44879887756689,38.43316861131624,37.44879887756689,38.304771423339844
2013-01-07,38.34756800642935,40.53029726591177,38.30477003374852,40.27350616455078
2013-01-08,40.102317810058594,40.57310538522314,39.75993070526578,40.102317810058594
2013-01-09,39.84553056811439,40.44471214178886,39.41754419624361,39.888328552246094
2013-01-10,40.01672175840218,40.48750606721042,38.775560751342944,40.31631088256836
2013-01-11,40.27351063773013,43.74019905433864,40.05951748528175,43.18381881713867
2013-01-14,43.18381725925999,43.82579669344539,42.54183782507458,42.62743377685547
2013-01-15,42.670234255051525,43.22661777008398,41.94265882641812,42.92702865600586
2013-01-16,42.67023725871394,43.09822360339623,41.77146658793646,42.755836486816406
2013-01-17,42.62744061867861,43.825803727609156,41.55747472330376,42.45624542236328
2013-01-18,42.49904664499545,42.49904664499545,40.48750880372709,41.8570671081543
2013-01-22,41.81426124359702,42.15665159822105,41.21508302091958,41.68586730957031
2013-01-23,41.72893720272583,41.944256792744525,41.25523476178795,41.47055435180664
2013-01-24,41.556672184737685,41.987311274734964,41.556672184737685,41.77199172973633
2013-01-25,41.94425082123396,41.94425082123396,41.25522888837192,41.55667495727539
2013-01-28,41.771990315372236,41.771990315372236,41.169094952686464,41.212158203125
2013-01-29,41.21216238201348,41.64280150109624,40.95377956766698,41.03990936279297
2013-01-30,41.16909447871227,42.11650240502979,40.953774943483104,42.030372619628906
2013-01-31,41.901183052923365,42.33182212526373,41.72892676688414,42.20262908935547
2013-02-01,42.159573763148536,42.84859575129225,42.159573763148536,42.547149658203125
2013-02-04,42.37489130635215,42.54714761650104,41.81505911974719,42.11650848388672
2013-02-05,42.073436539452196,42.374885864881826,41.34135142222316,41.38441467285156
2013-02-06,41.38441708801104,42.24569529290416,41.38441708801104,42.159568786621094
2013-02-07,42.28876060325104,42.76246626739893,42.28876060325104,42.5902099609375
2013-02-08,42.54714564940756,42.97778476211203,42.54714564940756,42.89165496826172
2013-02-11,42.97778492931859,43.06391143798828,42.89165513513319,43.06391143798828
2013-02-12,43.06390780469571,43.40842038133945,43.020844553994095,43.23616409301758
2013-02-13,43.236168769786815,43.49455158746065,43.06391246283233,43.279232025146484
2013-02-14,43.32229746474056,43.9251929267203,43.32229746474056,43.88212966918945
2013-02-15,43.88212880844397,44.226638147449194,43.623745982811094,43.83906555175781
2013-02-19,43.88212875226706,44.48502420164923,43.88212875226706,44.355831146240234
2013-02-20,44.441957716395905,44.74340708423084,43.839065551757805,43.83906555175781
2013-02-21,43.7529303680627,43.7529303680627,42.848588946889734,43.106971740722656
2013-02-22,43.236170488794336,43.58067983088472,43.06391417499119,43.365360260009766
2013-02-25,43.537610133444275,43.537610133444275,43.06390780469571,43.23616409301758
2013-02-26,43.02084920747265,43.45148833210097,42.977785952112974,43.279232025146484
2013-02-27,43.19310445819542,43.795996589519504,43.19310445819542,43.5806770324707
2013-02-28,43.58068005104741,43.666809851142055,42.84859482058055,43.020851135253906
2013-03-01,42.67633197735036,43.40842038133945,42.67633197735036,43.23616409301758
2013-03-04,43.23617070721662,43.23617070721662,42.80553156329119,43.020851135253906
2013-03-05,43.02084920747265,43.537614842820325,43.02084920747265,43.279232025146484
2013-03-06,43.236164780396855,43.322291283169335,43.06390848933641,43.106971740722656
2013-03-07,42.84859290051816,43.32229528050616,42.84859290051816,43.279232025146484
2013-03-08,43.19310448650853,43.19310448650853,42.84859188079834,43.06391143798828
2013-03-11,42.84859638267207,42.934722900390625,42.4610204819065,42.934722900390625
2013-03-12,42.63326990973089,42.80552620283291,41.556672184737685,41.77199172973633
2013-03-13,41.72892779176135,41.90118408203125,41.55667150149146,41.90118408203125
2013-03-14,41.987311451540855,41.987311451540855,41.72892865355755,41.94424819946289
2013-03-15,41.98731457372214,41.98731457372214,39.53267288208008,39.53267288208008
2013-03-18,39.66186808210652,40.56620970895921,39.532678298565415,40.13557052612305
2013-03-19,40.393953917933175,40.52314369269093,39.791058445848975,39.83412170410156
2013-03-20,39.83411998202009,40.437015428040326,39.31735433429753,39.74799346923828
2013-03-21,39.74799619037069,40.30782513280984,39.74799619037069,40.049442291259766
2013-03-22,39.61879747367962,40.0494365766544,39.48960442858094,39.791053771972656
2013-03-25,40.00637349507831,40.480075853279516,39.704924150393445,39.96331024169922
2013-03-26,39.96331024169922,40.135563255215565,39.66186089701436,39.96331024169922
2013-03-27,39.8341221975296,39.877185456315615,38.75752430029907,38.843650817871094
2013-03-28,38.84365096627943,39.1020370910148,38.67139793047726,39.015907287597656
2013-04-01,38.75752615451719,38.84365267620963,36.25981759924182,36.51820373535156
2013-04-02,36.69045577067713,37.034968419013936,35.915307240193485,36.30288314819336
2013-04-03,36.30287369782024,36.432063443178755,35.054019779596416,35.398529052734375
2013-04-04,35.31240293204066,35.7430419921875,35.18320989979049,35.7430419921875
2013-04-05,35.31241039765094,36.302881759596325,35.22628388161917,36.25981521606445
2013-04-08,36.259810542535284,36.259810542535284,35.44159888914478,35.699981689453125
2013-04-09,35.6138574169472,36.087563124009016,35.4846676395344,35.78611373901367
2013-04-10,35.78610523637519,36.133123338188845,35.52584331471989,36.00299072265625
2013-04-11,35.95962286011986,36.263261289537326,35.569228229861196,36.089752197265625
2013-04-12,35.8728643712206,36.48014450073242,35.8728643712206,36.48014450073242
2013-04-15,36.39339089441813,36.610276414278296,35.09207777525713,35.265586853027344
2013-04-16,35.742737743915455,36.0029997306889,35.35234310904994,35.52585220336914
2013-04-17,35.26558813395934,35.35234102129032,34.48479891033841,34.528175354003906
2013-04-18,34.528171054963984,34.74505655569794,34.22453267770049,34.48479461669922
2013-04-19,34.658303679168405,34.74505655569794,34.398041740169674,34.48479461669922
2013-04-22,34.61492724090363,34.658303679168405,34.181156239435715,34.48479461669922
2013-04-23,34.26790851499976,35.56922149658203,34.18115563999163,35.56922149658203
2013-04-24,35.569227631503814,35.569227631503814,35.005323918459624,35.1788330078125
2013-04-25,35.439092621387154,35.569225257067416,35.22220710152699,35.265586853027344
2013-04-26,35.09207868320247,35.4390935383109,34.96194604415526,35.048702239990234
2013-04-29,35.17882763906317,35.30896026357054,34.26790919574193,34.78843307495117
2013-04-30,34.961946521772695,35.26558824722743,34.65830810572849,35.092079162597656
2013-05-01,34.91856561816713,34.9619420564319,34.441418178434446,34.48479461669922
2013-05-02,34.7016845495333,35.092079162597656,34.528175464903526,35.092079162597656
2013-05-03,35.35233599965165,35.56922149658203,35.22220337772941,35.56922149658203
2013-05-06,35.525850806302934,35.95962187033738,35.26558882976439,35.69935989379883
2013-05-07,35.91623785190778,36.17649977356308,35.78610523637519,36.00299072265625
2013-05-08,35.959615164759896,36.176500656333346,35.65597349091109,35.78610610961914
2013-05-09,36.046380051585224,36.783792954354546,35.87287093861532,36.69703674316406
2013-05-10,36.6102801117664,37.30431318353135,36.6102801117664,37.26093673706055
2013-05-13,37.260936175530894,37.260936175530894,36.43677046736317,36.653656005859375
2013-05-14,36.78378392371815,37.08742231481216,36.436765782973346,36.87053680419922
2013-05-15,36.610280745432505,39.64667838269379,36.3066389960599,39.039398193359375
2013-05-16,39.08277893066406,39.386420713367166,38.388745770703075,39.08277893066406
2013-05-17,39.08277464058095,39.51654573161828,38.865889095062286,39.039398193359375
2013-05-20,38.82251172566282,39.25628280639648,38.82251172566282,39.256282806396484
2013-05-21,39.08277188593877,39.6900520324707,38.952642553445855,39.6900520324707
2013-05-22,39.55992506163019,39.69005772218866,38.388744354248054,38.38874435424805
2013-05-23,38.388739651198016,39.3430346803449,38.388739651198016,38.909263610839844
2013-05-24,38.6923713684082,39.03938948761771,38.388732996157415,38.6923713684082
2013-05-28,38.69237756346156,38.77913376185954,38.345362698101404,38.56224822998047
2013-05-29,38.215222882826176,38.47548481035196,38.08509357376826,38.301979064941406
2013-05-30,38.08510218724519,39.082773686633004,38.08510218724519,38.95264434814453
2013-05-31,38.82250191383628,38.82250191383628,37.998336406856104,38.25859832763672
2013-06-03,38.21522245562939,38.34535507264254,36.69702403438887,37.174171447753906
2013-06-04,37.00066570428292,37.607942425251196,36.87053308726977,37.174171447753906
2013-06-05,36.87054058285676,36.91391702754271,36.480145961862036,36.56690216064453
2013-06-06,36.43676153146119,36.82715606689453,36.43676153146119,36.82715606689453
2013-06-07,36.82716084519194,37.08742279944635,36.436766259105184,36.91391372680664
2013-06-10,36.91392035964631,37.30431501588073,36.17651080518977,36.26326370239258
2013-06-11,36.00299460582645,36.35001274506839,36.00299460582645,36.30663299560547
2013-06-12,36.61027511535436,36.61027511535436,35.699356626142915,36.04637145996094
2013-06-13,35.91624028847169,36.52351704372851,35.61259860143317,36.1765022277832
2013-06-14,35.91624826451755,36.52352515463446,35.135458963780316,35.35234451293945
2013-06-17,35.482469587059484,35.655975341796875,35.22220433613312,35.655975341796875
2013-06-18,35.482474361781605,36.26326029139725,35.35234171880704,35.69935989379883
2013-06-19,35.655976237037144,35.78610886576766,35.13545234093552,35.439090728759766
2013-06-20,35.13544807500368,35.612595473399544,35.13544807500368,35.39570999145508
2013-06-21,35.39571995667553,35.74273814924921,34.83181953050672,35.00532531738281
2013-06-24,34.96194006350007,35.13544911607874,34.35466003417969,34.35466003417969
2013-06-25,34.398044641558954,35.13545408248901,34.398044641558954,34.701683044433594
2013-06-26,34.87519163784585,35.352339111207066,34.22453508978682,34.65830612182617
2013-06-27,34.57155325900635,35.00532433281777,34.267914831102615,34.614933013916016
2013-06-28,34.7016868809389,35.352343509956505,34.26791579492716,35.00532531738281
2013-07-01,34.96194057975804,35.959615164759896,34.91856414332535,35.78610610961914
2013-07-02,36.13312261571216,36.480137401177416,34.918562593059214,35.39570999145508
2013-07-03,34.87519169728653,35.35233917146099,34.701682622293,34.961944580078125
2013-07-05,34.961947887318765,34.961947887318765,34.441423922509316,34.614933013916016
2013-07-08,34.48479752540588,35.13545408248901,34.48479752540588,34.701683044433594
2013-07-09,34.745060993338114,35.525850219466825,34.7016845495333,35.092079162597656
2013-07-10,35.005324012037896,35.78611326150777,34.91857112183486,35.74273681640625
2013-07-11,36.00299364649607,36.219879150390625,35.439090012606165,36.219879150390625
2013-07-12,36.00299072265625,36.08974359340473,35.74272880100096,36.00299072265625
2013-07-15,35.95962127633599,36.0029977201408,34.7016845495333,35.092079162597656
2013-07-16,35.09207868320247,35.395717095098654,34.96194604415526,35.048702239990234
2013-07-17,35.39830660532756,36.359740759706106,34.96129047439759,36.2723388671875
2013-07-18,36.49085407268428,39.54996758775961,36.44715311787417,39.418861389160156
2013-07-19,39.37515674229076,39.37515674229076,37.801899177461394,37.84560012817383
2013-07-22,37.97670564637937,38.58852894809648,37.62709137849281,37.71449661254883
2013-07-23,38.020406596323,38.238914680209916,37.36488234466226,37.71449661254883
2013-07-24,37.75820114096797,37.93300829147833,37.10267682718092,37.19007873535156
2013-07-25,37.32118356891866,37.583392618024575,36.88416737568581,37.0152702331543
2013-07-26,37.19007671366608,37.758199088398854,36.27234339108682,36.8841667175293
2013-07-29,36.70935871766071,37.67079296945573,36.70935871766071,37.27748107910156
2013-07-30,37.40858232972962,37.40858232972962,36.447148119092894,37.0589714050293
2013-07-31,37.146377998544686,37.75820136182512,36.97157084701183,37.23377990722656
2013-08-01,37.80190231616606,37.80190231616606,36.75306274113804,37.23377990722656
2013-08-02,37.01527410896751,37.27748651969824,35.52942156372964,36.4471549987793
2013-08-05,36.316048050012334,37.45228958129883,36.141240891159974,37.45228958129883
2013-08-06,37.102677044203745,37.45228801310036,36.97157084701183,37.23377990722656
2013-08-07,37.23377320915186,37.49598555636567,36.92786324962709,37.3211784362793
2013-08-08,37.277486179234735,38.23892056256876,36.9278718575664,38.02041244506836
2013-08-09,38.02041063194877,38.76333686235369,37.88930443403303,38.32632064819336
2013-08-12,38.282618805740796,38.80704025107201,37.93300784302236,38.719635009765625
2013-08-13,38.54482944776363,38.85074280367332,37.146378870993885,37.889305114746094
2013-08-14,38.02040976576449,38.50112692355529,37.539692607973684,38.15151596069336
2013-08-15,37.58339287784043,37.71449907038421,36.88416763066789,37.53969192504883
2013-08-16,37.40858458282299,37.40858458282299,36.4034493628312,36.8404655456543
2013-08-19,36.621961952625114,36.75306482307446,35.87903235006832,35.922733306884766
2013-08-20,35.87903419229097,36.31605045123281,35.442017933349135,35.616825103759766
2013-08-21,35.57312259247044,35.704225463930655,35.31091351538069,35.3983154296875
2013-08-22,35.48571734399432,35.79163071240678,35.22350826690457,35.3983154296875
2013-08-23,35.442012786865234,36.010135174661166,35.3983118341507,35.442012786865234
2013-08-26,35.66051823902801,36.403447716734696,35.398309208024536,36.1412353515625
2013-08-27,35.747929755253374,35.922733583867,35.31091351538069,35.3983154296875
2013-08-28,35.48571734399432,36.05383978949653,35.3983154296875,35.3983154296875
2013-08-29,35.485711732731005,35.92272790349946,35.39830983224483,35.704219818115234
2013-08-30,35.79162415969993,35.922727007157924,35.398308948988536,35.529415130615234
2013-09-03,35.96643787518972,35.96643787518972,35.354614472534095,35.3983154296875
2013-09-04,35.354608882001735,35.83532600301328,35.354608882001735,35.704219818115234
2013-09-05,35.79163227417039,36.053841362701604,35.48571889240943,35.616825103759766
2013-09-06,35.835330059657444,36.79676441051718,35.66052290472772,36.22864532470703
2013-09-09,36.14123788536699,37.58339265824635,36.14123788536699,37.49599075317383
2013-09-10,37.452286466468614,37.627093610782616,37.05897455947329,37.49599075317383
2013-09-11,37.36488182965447,37.58338991052964,36.92786566790412,37.1463737487793
2013-09-12,37.05898556420607,37.27749372594273,36.578264941049454,36.927879333496094
2013-09-13,37.10267525213876,37.146376204368934,36.88416715681894,36.9715690612793
2013-09-16,37.146375761956385,37.146375761956385,36.44715053209451,36.8841667175293
2013-09-17,36.753062766897436,37.40858708497825,36.490853706498925,36.6656608581543
2013-09-18,36.75305809497676,37.19007425147866,36.447148119092894,37.0589714050293
2013-09-19,36.88417145489641,37.277486739138524,36.40345425600908,36.4908561706543
2013-09-20,36.35974416569269,37.05897270801542,36.35974416569269,36.75305938720703
2013-09-23,36.578256300397314,36.79676441051718,36.18494436951689,36.22864532470703
2013-09-24,36.18493874018884,36.27234063697192,35.87902543311078,35.9664306640625
2013-09-25,35.83532470711782,36.316041810745425,35.83532470711782,36.0101318359375
2013-09-26,35.9664369495438,36.0538388616012,35.61682263297573,35.791629791259766
2013-09-27,35.83533251213305,36.09754159538795,35.66052534523999,36.05384063720703
2013-09-30,36.09753866269498,37.01527204661189,36.09753866269498,36.7093620300293
2013-10-01,36.84046324566855,36.971566091829274,36.44714803884904,36.578250885009766
2013-10-02,36.578256300397314,36.884169655066614,36.22864532470703,36.22864532470703
2013-10-03,36.359744074267915,36.359744074267915,35.485711732731005,35.704219818115234
2013-10-04,36.053839511503405,36.18494571612204,35.79163043643542,35.922733306884766
2013-10-07,35.96643133207787,36.27234131066904,35.92272704870596,36.0975341796875
2013-10-08,36.272341268716644,36.272341268716644,35.13609991990384,35.529415130615234
2013-10-09,35.52942206528912,35.96643831045051,35.22350869317453,35.4857177734375
2013-10-10,35.970015224952235,36.14612368900742,35.92598894868583,36.05807113647461
2013-10-11,36.014040247624855,36.93860536676176,36.014040247624855,36.542362213134766
2013-10-14,36.36625461804598,36.630415606949185,36.278202074741316,36.49833679199219
2013-10-15,36.32222571578571,36.63041295402103,35.92598258163389,35.970008850097656
2013-10-16,36.23417790147755,36.85055245828401,36.190148268286165,36.80652618408203
2013-10-17,36.76249493248076,37.37887276482314,36.63041276876848,37.33484649658203
2013-10-18,37.422905803668904,38.25941848754883,37.422905803668904,38.25941848754883
2013-10-21,38.43552127556956,38.43552127556956,37.24679183959961,37.24679183959961
2013-10-22,37.37887869303813,37.99525662313681,37.246796508377884,37.64303970336914
2013-10-23,37.5990172834728,38.17136563804585,37.20277404785156,37.20277404785156
2013-10-24,37.33484480637126,37.643032029095814,37.290815181134484,37.42289733886719
2013-10-25,37.42290880553116,37.6870698429487,37.11472148837566,37.20277404785156
2013-10-28,37.42290196882933,37.42290196882933,36.76249781643823,36.93860626220703
2013-10-29,37.02666091408132,37.11471682147467,36.76249990988006,36.80652618408203
2013-10-30,36.98262687078345,37.07067940068983,36.366249084472656,36.366249084472656
2013-10-31,36.54236124967415,36.63041378860786,35.705848693847656,35.705848693847656
2013-11-01,35.70585124826951,35.793907152491855,35.529742798814105,35.57377243041992
2013-11-04,35.749874080771775,35.749874080771775,35.48571311150282,35.52973937988281
2013-11-05,35.881961822509766,36.014044007170014,35.48571862751851,35.661827087402344
2013-11-06,35.57376988544708,35.92598340017099,35.529740256991175,35.705848693847656
2013-11-07,35.70585165656753,36.586390554924265,35.70585165656753,35.7498779296875
2013-11-08,35.92598598342503,36.49833760461621,35.74987753390549,35.793907165527344
2013-11-11,35.97001265427669,36.01404228638599,35.57377283720762,35.7498779296875
2013-11-12,35.705848635560784,35.837930802734796,35.04544451766883,35.26557922363281
2013-11-13,35.045446314540754,36.54236306364452,34.82531159728989,36.49833679199219
2013-11-14,36.67444909191069,36.67444909191069,35.00142372138093,35.617801666259766
2013-11-15,35.83793253108889,36.01404097615106,35.177528381347656,35.177528381347656
2013-11-18,35.26558092438414,35.61779781450848,35.08947247932196,35.177528381347656
2013-11-19,35.08947543252725,35.397666077071335,33.02021026611328,33.02021026611328
2013-11-20,33.46047675215265,34.517124058228994,33.19631576538086,33.19631576538086
2013-11-21,33.10825906668826,33.76866319721254,33.10825906668826,33.68061065673828
2013-11-22,33.90074628013158,34.47309788559961,33.680611564026826,34.29698944091797
2013-11-25,34.561150466258496,34.95739362747841,33.90074631722171,34.73725891113281
2013-11-26,34.913362525039226,35.17752347630411,34.0768500468765,34.12087631225586
2013-11-27,34.12088785739924,34.34102261776955,33.02021405554765,33.24034881591797
2013-11-29,33.24034123638876,33.68061065673828,33.24034123638876,33.68061065673828
2013-12-02,33.724640746659134,33.724640746659134,33.15229245077353,33.460479736328125
2013-12-03,33.372423406089254,33.85671909667591,33.372423406089254,33.68061065673828
2013-12-04,33.680606053979105,34.25295756581212,33.680606053979105,33.944766998291016
2013-12-05,33.812698398284944,34.1208856997188,33.15229415893555,33.15229415893555
2013-12-06,33.28437423706055,33.680617467297296,33.15229539964149,33.28437423706055
2013-12-09,33.46047675215265,33.768664010221535,33.19631576538086,33.19631576538086
2013-12-10,33.24034413683575,33.636587321523066,32.80007467806971,32.84410095214844
2013-12-11,32.75604713212076,33.02020812532552,32.40383023518825,32.491886138916016
2013-12-12,32.53591065894699,32.75604536792635,32.007585342003075,32.13966751098633
2013-12-13,32.271750573765004,32.97618099021097,32.271750573765004,32.535911560058594
2013-12-16,32.57993396520102,32.623960231194076,32.1396645872929,32.315773010253906
2013-12-17,31.919536590576172,32.491888245451264,31.919536590576172,32.359806060791016
2013-12-18,32.93215471899357,32.97618099021097,32.44785565863461,32.535911560058594
2013-12-19,32.75604713212076,32.84409967685926,32.491886138916016,32.491886138916016
2013-12-20,32.579938711893064,33.020208153945674,32.44785653568157,32.93215560913086
2013-12-23,33.50449821830457,34.032823475066024,32.66798574767378,32.80006790161133
2013-12-24,32.66799419813065,32.976184850710496,32.49188909264454,32.75605010986328
2013-12-26,32.53591452067485,33.2403450012207,32.53591452067485,33.02021026611328
2013-12-27,33.020208261162296,35.1335029334724,32.66799136278085,34.693233489990234
2013-12-30,34.82530981170484,35.57376982737582,34.605175105740855,35.26557922363281
2013-12-31,35.2215546528659,35.44168936944631,34.913367393249,35.177528381347656
2014-01-02,35.22155549205745,35.39766394131559,34.6492038717158,34.913368225097656
2014-01-03,35.13350421051334,35.441691488557204,34.957395754921386,35.045448303222656
2014-01-06,34.957398718711396,35.08947755236133,34.737263970305136,34.86934280395508
2014-01-07,35.04544442912617,35.13350032668272,34.60517501831055,34.60517501831055
2014-01-08,34.73725505322564,34.78128131980738,34.42906446917582,34.517120361328125
2014-01-09,34.693233462913945,34.781286007945944,34.25296401977539,34.25296401977539
2014-01-10,34.20892884301457,34.34101099814138,33.94476789174969,34.12087631225586
2014-01-13,34.25296438228156,34.34101692824544,33.460478032649405,33.54853057861328
2014-01-14,33.72463692697541,34.03282753661354,33.592558116264016,33.68061065673828
2014-01-15,33.900745366913036,33.900745366913036,33.372423406089254,33.68061065673828
2014-01-16,33.68061533226817,33.72464160861701,33.06423738641568,33.41645431518555
2014-01-17,33.68060995611893,35.221552895287765,33.68060995611893,34.82530975341797
2014-01-21,34.78128523790947,35.52974193107893,34.56115052121385,35.39766311645508
2014-01-22,35.573770684110784,35.573770684110784,35.08947163213524,35.221553802490234
2014-01-23,35.26557798592669,35.48571268416467,34.95739075198909,35.353633880615234
2014-01-24,35.353636788698324,35.353636788698324,34.561150466258496,34.73725891113281
2014-01-27,34.73725885375653,34.91336729833996,33.98879880402423,34.07685470581055
2014-01-28,34.076856814547,34.6492050961246,33.90074835906566,34.16490936279297
2014-01-29,33.9887988229778,34.737258873127466,33.72463783544994,34.29698944091797
2014-01-30,34.29698686445876,34.42906566880606,33.90074373343896,34.20893096923828
2014-01-31,34.03282845339011,34.64920297129205,33.944772551554685,34.29698944091797
2014-02-03,34.2969906552635,34.385043201227376,33.37242548668552,33.54853057861328
2014-02-04,33.548534366023816,34.16491233432396,33.284373339320815,33.98880386352539
2014-02-05,33.85671836351959,34.737257185150845,33.54852776055523,34.60517501831055
2014-02-06,34.73725727291486,35.92598334152477,34.73725727291486,35.26557922363281
2014-02-07,35.35363423741069,35.66182147445857,34.86933520920835,35.08946990966797
2014-02-10,35.08946990966797,35.30960461012759,34.69323013603182,35.08946990966797
2014-02-11,34.86933520920835,35.26557834183346,34.78128267262009,35.08946990966797
2014-02-12,35.001420612845045,35.0454468852143,32.40383023518825,32.491886138916016
2014-02-13,32.53591151944657,32.53591151944657,31.96355991736723,32.09564208984375
2014-02-14,32.007587456038564,32.93215598200899,31.963561183132665,32.44785690307617
2014-02-18,32.57994453480701,33.24034881591797,32.57994453480701,33.24034881591797
2014-02-19,33.24034212948596,33.504503116995295,31.919533832950098,31.963560104370117
2014-02-20,32.183694611666304,32.40382932632748,31.479264196548375,31.875507354736328
2014-02-21,31.91953112053089,32.227718353271484,31.69939642314792,32.227718353271484
2014-02-24,32.22772367446467,32.491888042132146,31.52329319832681,31.831483840942383
2014-02-25,31.96355880719319,31.96355880719319,31.52328939288202,31.611345291137695
2014-02-26,31.699397160607813,32.05161402821017,31.52328872680664,31.52328872680664
2014-02-27,31.655371979757184,32.139667670111734,31.611345709541155,31.787450790405273
2014-02-28,31.699401654326593,31.83148383814874,31.25913218690539,31.39121437072754
2014-03-03,31.479265380566602,31.523291653356946,30.686779034383193,30.90691375732422
2014-03-04,30.994968414306644,31.038994685324873,30.686777799200698,30.99496841430664
2014-03-05,31.391210999471895,32.00758550047453,31.215102559618668,31.787450790405273
2014-03-06,31.78745546064437,31.9635639263716,31.47926816486392,31.74342918395996
2014-03-07,31.65537264007515,32.00758616813953,31.523290467682774,31.875507354736328
2014-03-10,35.17752659596648,35.265579134533986,34.341014043618976,34.60517501831055
2014-03-11,34.60517968708882,34.64920596231241,33.68061447143555,33.90074920654297
2014-03-12,33.90074448254909,34.03282664880398,33.152287831075434,33.50450134277344
2014-03-13,33.50450430563134,34.03282965838255,33.32839585471427,33.54853057861328
2014-03-14,33.5485322867753,34.296992401534226,33.37242718588095,33.460479736328125
2014-03-17,33.94477163715017,34.2529622467883,33.46047594656352,33.68061065673828
2014-03-18,34.07684848311144,35.045439712964196,34.07684848311144,34.64919662475586
2014-03-19,35.22155974500096,35.52974704917384,34.561155499782195,34.86934280395508
2014-03-20,34.86934617875344,35.13351058959961,34.56115884475292,35.13351058959961
2014-03-21,35.441686910554544,36.05806474601415,35.35363437362702,35.970008850097656
2014-03-24,36.102092598058,36.32222730902177,34.60517589170655,34.78128433227539
2014-03-25,35.26558092438414,35.39766309792807,34.82531149122331,35.177528381347656
2014-03-26,35.61779864950492,35.66182492205528,34.64920385845059,34.693233489990234
2014-03-27,34.60517759914858,35.00142077023209,34.34101660475601,34.913368225097656
2014-03-28,35.089474577373295,35.441691488557204,34.82531357348007,35.045448303222656
2014-03-31,34.957393646240234,35.97001132657993,34.38504203983882,34.957393646240234
2014-04-01,34.869342777689056,35.705855492800644,34.51712919589817,35.30961227416992
2014-04-02,35.08947078706382,35.52974019899179,35.08947078706382,35.26557922363281
2014-04-03,35.13350123764783,35.30960631934902,34.913366526532215,35.00141906738281
2014-04-04,34.86933602273927,35.265579164609065,34.51712250917982,34.82530975341797
2014-04-07,34.60517757248268,34.82531229413841,34.20893440170452,34.47309875488281
2014-04-08,34.3843640654937,35.04986788611616,34.3843640654937,34.561832427978516
2014-04-09,34.3843586506831,34.828027794562885,34.3843586506831,34.47309112548828
2014-04-10,34.38435558271766,34.38435558271766,33.98505271186851,34.0294189453125
2014-04-11,33.985061480494835,34.073797355204555,33.541392261728774,33.7188606262207
2014-04-14,34.073794826566655,34.073794826566655,33.497023531002334,33.67449188232422
2014-04-15,33.585758209228516,33.71886032765076,33.36392360180976,33.585758209228516
2014-04-16,33.80759113121849,33.85196075843224,33.008988615280636,33.097721099853516
2014-04-17,33.008988794000096,33.363922119140625,33.008988794000096,33.363922119140625
2014-04-21,33.31955997397258,33.63013047970514,33.27519372599014,33.49702835083008
2014-04-22,33.36392043063944,34.02942418964097,33.36392043063944,33.851959228515625
2014-04-23,33.67448957996138,34.118158735468306,33.63012334139609,33.896324157714844
2014-04-24,33.8075887762541,33.8075887762541,33.27518713604816,33.31955337524414
2014-04-25,33.275186935527216,33.45265527616877,33.00898611702841,33.05335235595703
2014-04-28,33.008990945646254,33.31955804850403,32.74279008820708,32.87588882446289
2014-04-29,32.87588650349401,33.186456969353706,32.831520261207565,33.097721099853516
2014-04-30,33.05335485756708,33.186456969353706,32.920252745780445,33.097721099853516
2014-05-01,33.14208595627896,33.14208595627896,32.520951820387374,32.7427864074707
2014-05-02,32.74279168938719,32.96462631225586,32.6096895616949,32.96462631225586
2014-05-05,32.96462333778416,32.96462333778416,32.34348577281296,32.52095413208008
2014-05-06,32.520949999157544,32.74278457381775,32.34348166244398,32.387847900390625
2014-05-07,32.56531623710419,32.65404871299748,32.16601332573042,32.387847900390625
2014-05-08,32.38784990338566,32.38784990338566,31.944180726626946,32.03291320800781
2014-05-09,31.94417984856444,32.343482773656916,31.6336127873409,32.0772819519043
2014-05-12,32.07728381106485,32.831520080566406,32.07728381106485,32.831520080566406
2014-05-13,32.875886322608736,33.14208715979004,32.831520080566406,32.831520080566406
2014-05-14,32.92025460597259,32.96462423569349,32.3878528985968,32.476585388183594
2014-05-15,32.609686009998605,32.609686009998605,32.21038305533968,32.2547492980957
2014-05-16,32.29911856366553,32.29911856366553,31.367410551597875,31.722347259521484
2014-05-19,31.72234526628274,32.29911653418599,31.544876923471964,32.0772819519043
2014-05-20,31.899815305192828,32.16601614109923,31.50051235886959,31.589244842529297
2014-05-21,31.677977734637793,32.210379356425875,31.589241874388474,32.121646881103516
2014-05-22,32.16602046963422,32.16602046963422,31.54488284564884,31.98855209350586
2014-05-23,31.94417984856444,32.121648191375215,31.89981360909352,32.0772819519043
2014-05-27,31.988545501137104,32.920250052640704,31.988545501137104,32.78715133666992
2014-05-28,32.964624016397984,33.630127838654246,32.83152189797574,33.585758209228516
2014-05-29,33.67449897508716,33.8519673637887,32.96462880520895,33.008995056152344
2014-05-30,32.83151857544776,33.053353160417,32.609683990478516,32.609683990478516
2014-06-02,32.69841766357422,32.831519773383164,32.47658307051082,32.69841766357422
2014-06-03,32.78715233543934,32.83151857544776,32.609683990478516,32.609683990478516
2014-06-04,32.609683990478516,32.78715233543934,32.476581885526116,32.609683990478516
2014-06-05,32.60968649096461,32.74278860612318,32.52095400414383,32.654052734375
2014-06-06,32.60968596434883,33.275189759539614,32.60968596434883,33.2308235168457
2014-06-09,33.27518832299017,34.56182961513123,33.27518832299017,34.384361267089844
2014-06-10,34.739303877602076,35.271705627441406,34.606201747678355,35.271705627441406
2014-06-11,34.82802838094721,34.82802838094721,33.763221740722656,33.763221740722656
2014-06-12,33.98506384849238,33.98506384849238,33.36392622195502,33.49702835083008
2014-06-13,33.58575817262306,33.58575817262306,33.09772271381921,33.186458587646484
2014-06-16,33.27519196558336,33.36392445685389,33.008991106844206,33.14208984375
2014-06-17,33.36392445685389,33.45266033305199,32.83152273937558,33.14208984375
2014-06-18,33.31955850677099,33.5413931218426,33.00899139964177,33.27519226074219
2014-06-19,33.31955732099618,33.45265943927336,33.186458587646484,33.186458587646484
2014-06-20,33.008985537399056,33.89632384009835,33.008985537399056,33.763221740722656
2014-06-23,33.585754195347114,33.67449005866615,33.097718794337155,33.31955337524414
2014-06-24,33.14208984375,33.80759368306167,32.96462486120895,33.14208984375
2014-06-25,32.92025304813359,33.2308235168457,32.87588680543967,33.2308235168457
2014-06-26,33.05335735247947,33.186459474312834,32.92025523064611,33.14208984375
2014-06-27,32.96462530907952,33.67449540367103,32.96462530907952,33.5413932800293
2014-06-30,33.49702371335497,34.1625274957395,33.40829122967461,33.94069290161133
2014-07-01,33.8963322115716,34.38436772160232,33.8963322115716,34.29563522338867
2014-07-02,34.339996337890625,34.47309506530983,34.29563009541756,34.339996337890625
2014-07-03,34.33999502631129,34.56182961513123,34.29562878553275,34.384361267089844
2014-07-07,34.384362089867686,34.384362089867686,33.80759079116351,33.94069290161133
2014-07-08,33.80759311600291,34.073797355204555,33.49702601683767,33.7188606262207
2014-07-09,33.807595761272395,34.07380002130315,33.630130767822266,33.630130767822266
2014-07-10,33.54139430075778,33.585760548345974,32.92025667973996,32.96462631225586
2014-07-11,32.96462486120895,33.40829408741672,32.96462486120895,33.14208984375
2014-07-14,33.36391992808311,33.67449037522871,33.14208534509073,33.45265579223633
2014-07-15,33.71885629786214,33.85195840037716,33.1864546576562,33.31955337524414
2014-07-16,33.31955997397258,33.541394598812516,33.27519372599014,33.49702835083008
2014-07-17,33.63012413561565,33.896324958221086,33.05335286586462,33.45265579223633
2014-07-18,33.71885493486343,35.04986236650277,33.58575283772872,34.47309112548828
2014-07-21,34.78366155716029,34.78366155716029,34.16252407874321,34.47309112548828
2014-07-22,34.47308634704467,34.91675542942582,34.47308634704467,34.65055465698242
2014-07-23,35.00550150968223,35.00550150968223,34.650564786051454,34.69493103027344
2014-07-24,34.38196667181102,34.829066359582036,34.29254468759687,34.337257385253906
2014-07-25,34.33724655806999,34.6502148763849,34.06898410111569,34.29253387451172
2014-07-28,34.42666510298887,34.78434610486206,34.1584060571334,34.29253387451172
2014-07-29,34.33725254225853,34.69493019536782,34.06899003855228,34.381961822509766
2014-07-30,34.471380277085224,34.829061340194826,34.06898993386178,34.203121185302734
2014-07-31,34.068989914520735,34.20312116588554,33.35363119980706,33.487762451171875
2014-08-01,33.487762451171875,33.487762451171875,33.26421263963014,33.487762451171875
2014-08-04,33.35363202479328,33.979572194812356,33.264213462404626,33.80073165893555
2014-08-05,33.577178955078125,33.9795692734307,33.30891987987614,33.577178955078125
2014-08-06,33.532470591291386,33.97957019917527,33.30892078734944,33.35363006591797
2014-08-07,33.66660183809627,33.66660183809627,33.130080261976026,33.35363006591797
2014-08-08,33.30892468770345,33.532474517822266,33.26421540389963,33.532474517822266
2014-08-11,33.756022478404795,34.11370355122505,33.756022478404795,33.97957229614258
2014-08-12,33.890148805305145,34.02427662978372,33.13007748886379,33.30891799926758
2014-08-13,33.44305117715818,33.666600975371544,33.0406608581543,33.0406608581543
2014-08-14,32.9959542646954,33.621891021728516,32.951241572536325,33.621891021728516
2014-08-15,33.75602039523333,33.75602039523333,33.219502230212385,33.35363006591797
2014-08-18,33.75601947557918,33.75601947557918,33.21950132517522,33.577178955078125
2014-08-19,33.57718103041065,34.203121185302734,33.5324717502968,34.203121185302734
2014-08-20,33.9795722957409,34.69493103027344,33.62189122292488,34.69493103027344
2014-08-21,34.471374647555244,35.23144592976084,34.42666537474289,35.18673324584961
2014-08-22,34.87377377564954,35.67855453491211,34.78435520733135,35.67855453491211
2014-08-25,35.32087321924391,36.170363257369715,35.142032672622726,36.036231994628906
2014-08-26,35.991519838947866,36.66216927694068,35.9468105586349,36.528038024902344
2014-08-27,36.08093441481834,36.21506565204331,35.54441628811658,35.63383483886719
2014-08-28,35.499713987176015,35.81268238738939,35.455004703016925,35.67855453491211
2014-08-29,35.678549694074995,35.76796825026094,35.54441844869681,35.72325897216797
2014-09-02,35.767966200543356,35.85738475160508,35.58912568732082,35.81267547607422
2014-09-03,35.58912670578066,36.304485368043245,35.58912670578066,35.767967224121094
2014-09-04,35.67854752534155,36.170356376668,35.63383483886719,35.63383483886719
2014-09-05,35.76796825026094,35.90209949563913,35.63383700488276,35.72325897216797
2014-09-08,35.54441925241977,35.54441925241977,35.32086944580078,35.32086944580078
2014-09-09,35.186738197389644,35.5891285315237,35.14202891828572,35.32086944580078
2014-09-10,35.36557975465915,35.36557975465915,35.142029941530964,35.276161193847656
2014-09-11,35.231449864337705,35.54441822007476,35.18673717543305,35.365577697753906
2014-09-12,35.18673827277374,35.455000770170734,34.78435134887695,34.78435134887695
2014-09-15,34.65022362791661,34.694932911668175,34.02428342209559,34.247833251953125
2014-09-16,34.024279742022024,34.60551060122542,34.024279742022024,34.42667007446289
2014-09-17,34.20311839511894,34.650217981983246,34.0242778781534,34.158409118652344
2014-09-18,34.29254057427214,34.29254057427214,33.756022377741225,33.80073165893555
2014-09-19,33.80073563637369,34.20312603667216,33.264217376708984,33.264217376708984
2014-09-22,33.13007929563312,33.264210538525646,32.459429903368886,32.861820220947266
2014-09-23,32.45943265485557,33.174791385023006,32.45943265485557,32.906532287597656
2014-09-24,32.951241568651966,33.04066354186008,32.72769175228092,32.906532287597656
2014-09-25,32.90653521487056,33.26421631732233,32.41472625732422,32.41472625732422
2014-09-26,32.32530768726117,32.63827609358163,32.28059499112985,32.41472625732422
2014-09-29,32.19117256644723,32.23588184612519,31.833491506824725,31.967622756958008
2014-09-30,31.967626485116405,32.05704505490059,31.788785934448242,31.788785934448242
2014-10-01,31.788781940010807,32.05704102675491,31.02871395905263,31.162841796875
2014-10-02,31.118132635322823,31.162841914766084,30.358064651489258,30.358064651489258
2014-10-03,30.31335614585255,30.62632452104387,30.089806331830328,30.223934173583984
2014-10-06,30.045095443725586,30.849876186955598,29.95567687718877,30.045095443725586
2014-10-07,30.17922301790608,30.223932295712757,29.95567321777344,29.955673217773438
2014-10-08,29.910964592564362,29.95567387134651,28.56966576250407,28.65908432006836
2014-10-09,28.793214590097442,28.882633144626325,28.167274475097656,28.167274475097656
2014-10-10,28.167277269601872,28.167277269601872,27.138948440551758,27.138948440551758
2014-10-13,27.09423740613244,27.27307794372101,26.602428486088527,26.691848754882812
2014-10-14,26.646682739257812,27.05315824985007,26.420863394009864,26.646682739257812
2014-10-15,26.149881230282908,26.51119184310042,25.78856889460049,26.059553146362305
2014-10-16,25.878898212979625,27.504798632513438,25.878898212979625,27.324142456054688
2014-10-17,27.324141130149368,27.640288562178622,27.007993698120117,27.007993698120117
2014-10-20,27.324142456054688,27.45963372696626,27.053159914231543,27.324142456054688
2014-10-21,27.27897763622314,27.504796981811527,27.18864955341481,27.504796981811523
2014-10-22,27.45963026951179,28.36290759234353,27.188647761808177,27.685449600219727
2014-10-23,27.549960747272568,27.775780097660046,27.14348522742914,27.188650131225586
2014-10-24,27.098320849518377,27.188648930256406,26.737010249431098,26.96282958984375
2014-10-27,27.09832263593914,27.143485817853055,26.601520743426235,26.87250328063965
2014-10-28,26.87250269611013,27.50479756634104,26.827339515178597,27.188650131225586
2014-10-29,27.45963207897492,27.775779507371638,27.05315829063475,27.504796981811523
2014-10-30,27.640287399291992,27.68545057788253,27.23381190051784,27.640287399291992
2014-10-31,28.001600394275332,28.182256569836,27.54996167823863,28.091928482055664
2014-11-03,27.95643481802024,28.13708925524722,27.54995931924609,27.640287399291992
2014-11-04,27.685452618409162,27.86610879181604,27.64028943648992,27.73061752319336
2014-11-05,27.775778657928434,27.775778657928434,27.414468060609646,27.640287399291992
2014-11-06,27.91127149819985,27.91127149819985,27.27897834777832,27.27897834777832
2014-11-07,27.27897616318563,27.504795496579995,27.05315682979126,27.09832000732422
2014-11-10,27.09832156544348,27.09832156544348,26.64668287268609,26.737010955810547
2014-11-11,26.646682739257812,26.69184591916145,26.330535311337712,26.646682739257812
2014-11-12,26.51119160943185,26.872502219064785,26.51119160943185,26.737010955810547
2014-11-13,26.646683323523956,26.73701140817668,26.285372707777967,26.330535888671875
2014-11-14,26.51119291125027,27.098322896092615,26.51119291125027,27.053159713745117
2014-11-17,27.549961998349143,28.72422198454262,27.324142637706938,28.45323944091797
2014-11-18,28.679056031153962,28.769384111258123,28.45323669232598,28.588727951049805
2014-11-19,28.588730712730293,28.588730712730293,28.272583263258205,28.45323944091797
2014-11-20,28.45323944091797,28.588730712730293,28.227420080275763,28.45323944091797
2014-11-21,28.49840169566442,28.49840169566442,28.22741916086608,28.4080753326416
2014-11-24,28.317746984587636,28.453238250732422,28.227418899536136,28.227418899536133
2014-11-25,28.408075069639136,28.453238250732422,28.091927633391347,28.227418899536133
2014-11-26,28.227418899536136,28.272582080629423,28.137090814484633,28.227418899536133
2014-11-28,28.3629100331243,28.3629100331243,28.137090682983402,28.1370906829834
2014-12-01,28.137090073321293,28.18225497608981,26.646682739257812,26.646682739257812
2014-12-02,26.64668216869307,27.007992768780348,26.64668216869307,26.96282958984375
2014-12-03,27.324140277656653,27.324140277656653,27.0531577574374,27.143484115600586
2014-12-04,27.18864951242586,27.18864951242586,26.646682739257812,26.646682739257812
2014-12-05,26.64668238339398,26.73701046485981,26.149880519629185,26.285371780395508
2014-12-08,26.375698841522436,26.375698841522436,25.291765351593924,25.38209342956543
2014-12-09,25.29176964222485,25.517589014030428,24.84013089861369,24.975622177124023
2014-12-10,24.975618986236583,25.020783888546475,24.252997777926915,24.56914520263672
2014-12-11,24.478815915784576,24.61430717031427,24.343324661254883,24.343324661254883
2014-12-12,24.388488495911798,24.388488495911798,23.93684982006158,24.20783233642578
2014-12-15,24.388490209039652,24.388490209039652,23.936851501464844,23.936851501464844
2014-12-16,23.936851024627686,24.162670373916626,23.485212326049805,23.485212326049805
2014-12-17,23.756194190166486,25.6079138361512,23.485211667761337,25.51758575439453
2014-12-18,26.14988086885828,26.646682739257812,25.743405358266024,26.646682739257812
2014-12-19,27.09832235483023,29.537172055910926,27.05315917338482,29.356515884399414
2014-12-22,30.259790007381074,31.072740967960726,29.808151350554493,30.6662654876709
2014-12-23,30.756592542336136,31.298561010328633,30.30495387520718,30.440446853637695
2014-12-24,30.98728140371817,30.98728140371817,29.893611952956956,30.75943374633789
2014-12-26,31.306268307877602,31.670825968692636,30.941714123742088,31.078420639038086
2014-12-29,31.57968712911987,32.399936620734266,30.941712984522415,31.260698318481445
2014-12-30,31.351837594178946,31.57968524100676,30.2581681940696,31.53411293029785
2014-12-31,31.944244343779786,32.308802025910914,31.215132456197257,32.26323318481445
2015-01-02,32.399937028648885,32.399937028648885,31.670825201363453,32.08095169067383
2015-01-05,31.80753596066815,32.217658983235665,30.98728296217409,31.078420639038086
2015-01-06,31.032848636007166,31.123989780256494,29.346777449204982,30.121458053588867
2015-01-07,30.07589110163332,30.7138652445796,29.75690576849987,29.84804344177246
2015-01-08,29.848044216184686,30.394877223366663,29.756906540547515,30.303739547729492
2015-01-09,30.531584511012937,30.6227221785831,29.48348395056023,30.121458053588867
2015-01-12,30.12146031268443,30.258170300972026,29.39234848740258,29.802474975585938
2015-01-13,29.75690708815751,30.075892435437307,28.708806415644702,28.799945831298828
2015-01-14,28.708807189931424,28.799946608043612,27.113873457157457,28.116403579711914
2015-01-15,28.07083200338113,28.07083200338113,24.78982697472237,24.83539581298828
2015-01-16,24.561979094305308,24.926535012299244,23.559449016067177,24.01514434814453
2015-01-20,23.878435311831524,23.969572984581518,23.42273999472283,23.5594482421875
2015-01-21,22.329072016856596,22.55691969049799,18.77464865571881,19.91388702392578
2015-01-22,20.050594905532677,20.460721405754477,19.640468405310877,19.959455490112305
2015-01-23,19.959454152353857,20.23287238028945,19.594898253446043,19.868314743041992
2015-01-26,19.822745934543875,20.916415371095948,19.822745934543875,20.46072006225586
2015-01-27,20.141733723191475,20.73413729833305,19.686038397953386,19.777177810668945
2015-01-28,19.68603739640999,19.731606231279564,18.774646792301564,19.048063278198242
2015-01-29,19.04806499046681,19.45819149451854,18.911356735229493,19.36705207824707
2015-01-30,19.367051296923535,19.367051296923535,18.8202165596954,18.91135597229004
2015-02-02,18.8202165596954,19.32148245979607,18.8202165596954,18.91135597229004
2015-02-03,18.82021696491983,20.506290050035112,18.82021696491983,20.2784423828125
2015-02-04,20.32401238738572,20.460722386237343,19.50376108597524,19.549331665039062
2015-02-05,19.367051700529416,20.05059470172457,19.367051700529416,20.00502586364746
2015-02-06,19.91388644915349,20.415150621360706,19.86831587273663,20.00502586364746
2015-02-09,19.913887602167108,20.50629122316845,19.777179341680622,20.09616470336914
2015-02-10,20.23287315544109,20.23287315544109,19.777177829763044,20.050594329833984
2015-02-11,19.91388702392578,20.41515121060093,19.73160818967675,19.91388702392578
2015-02-12,20.278442011724295,20.506289674777374,20.096163185945944,20.324010848999023
2015-02-13,20.32401254646374,20.916417910551313,20.32401254646374,20.64299964904785
2015-02-17,20.7341361437914,21.053123201363803,20.00502435934557,20.232872009277344
2015-02-18,20.232872407835814,20.597428307239955,19.95945417952797,20.46072006225586
2015-02-19,20.18730354309082,20.324011799649217,19.913887029974024,20.18730354309082
2015-02-20,20.46072160538217,20.82527753228074,20.278442772762993,20.779706954956055
2015-02-23,20.32401082990493,20.55185849274395,20.050594329833984,20.050594329833984
2015-02-24,20.05059528653242,20.278442960243016,20.05059528653242,20.18730354309082
2015-02-25,20.096163185945944,20.369581424613468,20.096163185945944,20.324010848999023
2015-02-26,20.232873343030974,20.278442180685385,19.73160743713379,19.73160743713379
2015-02-27,19.59489789413253,20.232872009277344,19.59489789413253,20.232872009277344
2015-03-02,19.913887602167108,20.141735282424534,19.64046934285429,20.09616470336914
2015-03-03,20.096164304972728,21.23540268367503,20.096164304972728,21.00755500793457
2015-03-04,21.007555752339204,21.280974015920243,20.87084748971862,21.189834594726562
2015-03-05,21.05312441840689,21.144263831316128,20.77970617967918,20.91641616821289
2015-03-06,21.00755383815827,21.00755383815827,20.324010848999023,20.324010848999023
2015-03-09,20.278441243383963,20.73413655222405,20.187301833948016,20.46072006225586
2015-03-10,20.460722384319023,20.506291225038726,19.686039923705145,19.8227481842041
2015-03-11,19.59489956677057,19.959455490112305,19.59489956677057,19.959455490112305
2015-03-12,19.822747040609695,19.868315878700486,19.412620544433597,19.412620544433594
2015-03-13,19.36705265700063,19.458192075995658,19.00249671936035,19.00249671936035
2015-03-16,19.093634322298506,19.093634322298506,17.544269561767578,17.544269561767578
2015-03-17,17.407562831692644,17.68097934814768,16.99743631867027,17.043006896972656
2015-03-18,16.860728471713394,17.088576153763576,16.63288078966321,16.678449630737305
2015-03-19,16.63288078966321,16.906297312787487,16.450601948687126,16.678449630737305
2015-03-20,16.678447796004967,18.091104312319057,16.54173954948158,17.817686080932617
2015-03-23,17.49870257948468,19.321484025750173,17.49870257948468,18.956926345825195
2015-03-24,19.00249444332867,19.321481502434544,18.729076219092367,19.048063278198242
2015-03-25,18.91135730036532,19.139204978682976,18.820217881370294,19.00249671936035
2015-03-26,18.911356547937213,19.13920421718947,18.68350887868496,18.82021713256836
2015-03-27,18.683507662724328,18.683507662724328,17.77211704503046,17.863256454467773
2015-03-30,17.908823796425033,18.455658469103405,17.863254964676628,18.091102600097656
2015-03-31,17.954397218662034,18.68350907249673,17.954397218662034,18.501230239868164
2015-04-01,18.683509267239348,18.683509267239348,17.772118571276454,17.90882682800293
2015-04-02,17.77211819033511,18.182244690063364,17.54427052122825,17.680978775024414
2015-04-06,17.680979154012206,18.136674501993653,17.54427089728573,17.90882682800293
2015-04-07,17.86325816608057,19.002496547356884,17.54427107165524,18.72907829284668
2015-04-08,18.729079028396594,19.321484400597754,18.729079028396594,19.18477439880371
2015-04-09,18.865786397887007,19.50375878443809,18.774646988854098,19.321481704711914
2015-04-10,19.27591116093661,19.868314713060307,19.230342325519263,19.594898223876953
2015-04-13,19.36705265700063,19.868316853963538,19.00249671936035,19.00249671936035
2015-04-14,19.18477172199273,19.686037602503912,19.18477172199273,19.321481704711914
2015-04-15,19.549330529517356,20.324011206866736,19.549330529517356,20.00502586364746
2015-04-16,19.913885845463778,19.95945468215947,19.18477228995485,19.230342864990234
2015-04-17,19.139204978682976,19.139204978682976,18.91135730036532,19.00249671936035
2015-04-20,18.911357505004496,19.093636344966985,18.911357505004496,18.956926345825195
2015-04-21,19.093637103284472,19.093637103284472,18.820218832481736,18.86578941345215
2015-04-22,18.8202165596954,19.09363479747932,18.455660647656543,18.91135597229004
2015-04-23,18.820217881877795,19.32148381719405,18.820217881877795,19.27591323852539
2015-04-24,19.36705057011094,19.59489822387695,19.184771751762273,19.594898223876953
2015-04-27,19.412619375405182,19.731606437850544,19.18477172199273,19.321481704711914
2015-04-28,19.321482276721312,19.367051113417006,19.093634616563467,19.230342864990234
2015-04-29,19.18477439880371,19.27591382055311,19.18477439880371,19.18477439880371
2015-04-30,19.18477228995485,19.275911701685928,19.048064041528082,19.230342864990234
2015-05-01,19.13920402526856,19.275912277781096,19.048064610813615,19.139204025268555
2015-05-04,19.13920497919908,19.594900335846678,18.956926141204107,19.27591323852539
2015-05-05,19.367052657522876,19.594900335846678,19.13920497919908,19.27591323852539
2015-05-06,19.321484025750173,19.321484025750173,18.911357505004496,18.956926345825195
2015-05-07,18.82021640289979,19.503759384155273,18.546799905733472,19.503759384155273
2015-05-08,19.230342325519263,19.95945412223464,19.230342325519263,19.594898223876953
2015-05-11,19.822747606801265,19.91388702392578,19.27591284239396,19.91388702392578
2015-05-12,19.367051504397757,19.686038582726372,19.23034325321113,19.45819091796875
2015-05-13,19.45819131280989,20.27844257491373,19.412620735929824,19.959455490112305
2015-05-14,19.73160818967675,20.506290627725445,19.686039350284386,19.91388702392578
2015-05-15,19.594899742191338,22.78476714208295,19.594899742191338,22.511350631713867
2015-05-18,22.329070651654117,22.96704479418011,21.645527672521848,22.10122299194336
2015-05-19,21.554388020364577,22.237930991866666,21.09869270602985,21.28097152709961
2015-05-20,21.28097267858891,21.28097267858891,21.00755443218992,21.09869384765625
2015-05-21,21.007553470877454,21.23540112994701,20.870845223103654,20.961984634399414
2015-05-22,21.05312441840689,21.05312441840689,20.825276755303655,20.91641616821289
2015-05-26,20.961986164470293,21.189833840171058,20.597430231017036,20.73413848876953
2015-05-27,20.551859473359812,20.870846564222607,20.14173470368462,20.18730354309082
2015-05-28,20.05059586448231,20.141735284261564,19.73160876442485,19.8227481842041
2015-05-29,19.731608004993177,19.777178582298802,19.2759126619756,19.36705207824707
2015-06-01,19.36705207824707,19.731608004993177,19.36705207824707,19.36705207824707
2015-06-02,19.367050599336206,20.05059356166572,19.367050599336206,19.868314743041992
2015-06-03,19.82274703465952,20.05059470172457,19.82274703465952,20.00502586364746
2015-06-04,19.686037856843274,20.825276138624254,19.686037856843274,20.141733169555664
2015-06-05,19.95945417952797,20.50628889780401,19.868314770092024,20.46072006225586
2015-06-08,19.868315886475898,20.506290050035112,19.868315886475898,20.2784423828125
2015-06-09,20.096163539801683,20.324011206866736,19.9594552872306,20.00502586364746
2015-06-10,20.05059319399608,20.506288493859625,20.05059319399608,20.232872009277344
2015-06-11,20.18730428884472,20.870847335227772,20.18730428884472,20.369583129882812
2015-06-12,20.41514948836806,20.73413655222405,20.187301833948016,20.46072006225586
2015-06-15,20.141732862586327,21.1442628829425,20.05059345376492,21.053123474121094
2015-06-16,20.961985571084455,20.961985571084455,19.640468394093226,19.686038970947266
2015-06-17,19.640467028817636,19.640467028817636,19.230342295679005,19.321481704711914
2015-06-18,19.412620530293637,19.594899359203524,19.13920402526856,19.139204025268555
2015-06-19,19.18477439880371,19.321484400597754,19.139205557098954,19.18477439880371
2015-06-22,19.18477172199273,19.50375878443809,19.139202886646096,19.321481704711914
2015-06-23,19.32148140955025,20.460719659209115,19.32148140955025,20.232872009277344
2015-06-24,20.324010051261666,20.460720034399287,19.822745907555884,19.868314743041992
2015-06-25,19.868315878700486,20.00502586965235,19.13920403920936,19.412620544433594
2015-06-26,19.503759361843777,19.731607022001622,19.18477228995485,19.230342864990234
2015-06-29,19.002494163089978,19.230341810756908,18.227811813354492,18.227811813354492
2015-06-30,18.31895162239847,18.683507519003786,18.22781221366223,18.455659866333008
2015-07-01,18.50122730085181,18.729074936272838,17.999963198261344,18.091102600097656
2015-07-02,18.09110509640496,18.911356349435415,18.09110509640496,18.27338218688965
2015-07-06,18.136673366880817,18.364521026611328,18.136673366880817,18.364521026611328
2015-07-07,18.364519640766314,18.364519640766314,17.863255522522046,17.999963760375977
2015-07-08,17.77211819033511,17.954397020956502,17.635409936538945,17.680978775024414
2015-07-09,17.68097763559314,18.410091172752026,17.68097763559314,17.863256454467773
2015-07-10,17.81768720802716,18.22781371188038,17.81768720802716,17.954397201538086
2015-07-13,17.908824355693504,18.27338023608384,17.908824355693504,17.999963760375977
2015-07-14,17.999967199382098,18.182246043572555,17.8632589354092,18.045536041259766
2015-07-15,17.999967199382098,18.318954307545454,17.999967199382098,18.045536041259766
2015-07-16,18.091105866744513,18.182245285037546,17.544271095326124,17.589839935302734
2015-07-17,17.772119531149883,17.772119531149883,17.453132422666393,17.498703002929688
2015-07-20,17.134143799102507,17.954396787912305,16.587310791015625,16.587310791015625
2015-07-21,16.405030835646983,16.90629497140035,16.359462000883813,16.450599670410156
2015-07-22,16.63287925720215,16.67844809407778,16.268323347177986,16.63287925720215
2015-07-23,16.450600990332838,16.72401923586858,16.17718448313685,16.26832389831543
2015-07-24,16.541739614773647,16.541739614773647,15.94933605194092,15.949336051940918
2015-07-27,15.949335277947014,16.086043518375785,15.675918797089473,15.767056465148926
2015-07-28,15.812628565130318,15.812628565130318,15.539210319519045,15.539210319519043
2015-07-29,15.76705762424731,16.359462940221345,15.721488786867639,16.313892364501953
2015-07-30,16.405030571602644,16.496169978001685,15.767056465148926,15.767056465148926
2015-07-31,15.903767394785216,15.903767394785216,15.539209747392558,15.630349159240723
2015-08-03,15.949336274029458,16.63287925720215,15.858196861938492,16.63287925720215
2015-08-04,16.405033107613033,17.088576153763576,16.405033107613033,16.678449630737305
2015-08-05,16.81515698965364,16.81515698965364,15.493639945983885,15.493639945983887
2015-08-06,15.630349159240723,15.767057407843122,15.539209747392558,15.630349159240723
2015-08-07,15.493641481087044,15.72148914992656,15.402502065883287,15.539210319519043
2015-08-10,15.5392103135195,15.584780890273665,15.35693322152212,15.402502059936523
2015-08-11,15.402502638808706,15.58478147599643,15.311363220214842,15.311363220214844
2015-08-12,15.265794378338438,15.448073215505273,15.037946701049805,15.037946701049805
2015-08-13,14.946806903308607,15.083515158545925,14.810098648071289,14.810098648071289
2015-08-14,15.037944690635756,16.405030571602644,15.037944690635756,15.767056465148926
2015-08-17,15.721487851210044,16.177183151245117,15.53920903586017,16.177183151245117
2015-08-18,15.949335277947014,16.3138911652036,15.584779390690429,15.767056465148926
2015-08-19,15.721489734717311,15.76705857484433,15.129086121366942,15.311363220214844
2015-08-20,15.31136205380439,15.493640877106222,15.083514393846945,15.220224380493164
2015-08-21,15.174654579228836,15.265793995526803,14.855667491355844,14.946806907653809
2015-08-24,13.989846402380865,13.989846402380865,13.57971992693941,13.670859336853027
2015-08-25,13.67085990259203,13.89870756763523,13.443012237548828,13.443012237548828
2015-08-26,13.443012237548828,13.579720488906803,12.941747200619815,13.443012237548828
2015-08-27,13.30630366721038,14.764529036198038,13.21516425570996,14.491110801696777
2015-08-28,14.399972677581834,16.086044885949125,14.399972677581834,15.994905471801758
2015-08-31,15.675920126417838,17.08857496120851,15.675920126417838,16.587310791015625
2015-09-01,16.131615642945324,16.7695880724458,15.311362644767955,15.402502059936523
2015-09-02,15.721489131387708,15.721489131387708,14.901237872200648,15.129085540771484
2015-09-03,14.992377484972682,15.448072828122736,14.855667491355844,14.946806907653809
2015-09-04,14.673389487362085,14.810097734163351,13.898707104368683,13.944276809692383
2015-09-08,14.172125156481979,14.491111370923898,14.172125156481979,14.263263702392578
2015-09-09,14.308833406585057,15.12908553460782,14.080985738107048,14.992377281188965
2015-09-10,14.946807101915065,15.265794193933882,14.354403495788576,14.354403495788574
2015-09-11,14.308832713942316,14.308832713942316,13.898707104368683,13.944276809692383
2015-09-14,14.035415649414062,14.126555061998122,13.8531376934158,14.035415649414062
2015-09-15,13.989846914224724,14.354402828877477,13.898707500976606,14.308833122253418
2015-09-16,14.172124986053737,14.855667114257812,14.172124986053737,14.855667114257812
2015-09-17,14.855667487037135,15.265793991088866,14.764529809105444,14.810098648071289
2015-09-18,14.399972670743027,15.858197212219238,14.399972670743027,15.858197212219238
2015-09-21,15.812627759714957,15.858196595825909,15.083514213562012,15.083514213562012
2015-09-22,15.265793167241581,15.402501415101181,14.080985165502296,14.217694282531738
2015-09-23,14.308833007828667,14.491110963697405,13.853137683571894,13.898707389831543
2015-09-24,13.853137673532418,13.989846792212287,13.443012055832515,13.761999130249023
2015-09-25,13.716428108220656,14.217693090288012,13.670858406365484,13.80756664276123
2015-09-28,13.807567735704598,13.989846557553637,13.032886219525533,13.078455924987793
2015-09-29,13.169594195384551,13.44301155335454,12.713898888491176,13.260733604431152
2015-09-30,13.351872712013328,13.53415153785681,12.941747092205214,13.032886505126953
2015-10-01,13.351872026214169,13.443011434454668,12.850607888400862,12.987316131591797
2015-10-02,12.80503820027379,13.169594095351481,12.71389879191946,13.124024391174316
2015-10-05,13.21516436560437,13.21516436560437,12.713899336523337,12.896177291870117
2015-10-06,12.896177691204668,14.445542532553537,12.850608852834307,14.263263702392578
2015-10-07,14.354403300802971,14.99237747617457,14.354403300802971,14.67339038848877
2015-10-08,14.718959227441122,14.94680689888244,14.582250972244289,14.67339038848877
2015-10-09,14.764529430813322,15.129085348218892,14.627819440738966,14.718958854675293
2015-10-12,14.764529804733254,14.764529804733254,14.263263884558489,14.67339038848877
2015-10-13,14.445542136872472,14.491110973994648,13.89870739970783,14.035415649414062
2015-10-14,14.217694578175161,14.491111079579795,14.035415751678922,14.308833122253418
2015-10-15,14.263264078306085,14.49111175284241,13.989847564198413,14.354403495788574
2015-10-16,14.126554774639965,14.126554774639965,13.807567706254353,14.080985069274902
2015-10-19,14.035415922294499,14.126555336650515,13.57972058885416,13.716429710388184
2015-10-20,13.534151651234055,13.67085990259203,13.397442530706215,13.443012237548828
2015-10-21,13.443012237548828,13.579720488906803,13.124025158820402,13.443012237548828
2015-10-22,13.443011568588615,14.080984825128347,13.260733619458666,13.397441864013672
2015-10-23,13.30630370308721,13.579720199985974,13.30630370308721,13.488581657409668
2015-10-26,13.351872202195173,13.579719856629698,12.531620993898816,12.668329238891602
2015-10-27,12.531621625579197,12.531621625579197,11.483522710016885,11.574661254882812
2015-10-28,11.620230663534779,11.848078323604089,11.255674755091823,11.483522415161133
2015-10-29,11.529092096857601,12.531622222310398,11.529092096857601,12.486052513122559
2015-10-30,12.577190859880245,12.577190859880245,11.984786429252976,12.212634086608887
2015-11-02,12.349343004639099,13.5341509777385,12.258203595489213,13.397441864013672
2015-11-03,13.306303713959704,13.670859622902498,13.306303713959704,13.625289916992188
2015-11-04,13.48858195256079,13.670859910871773,13.032886622198395,13.579720497131348
2015-11-05,13.625290081608691,13.625290081608691,12.896177385744343,13.032886505126953
2015-11-06,13.032886243665843,13.579720102716324,12.440481809898854,13.351872444152832
2015-11-09,13.078456211587824,13.3974424184742,12.85060854845333,13.032886505126953
2015-11-10,13.032886007488734,13.351872202195173,12.577190698619686,12.668329238891602
2015-11-11,12.713899799697128,12.713899799697128,12.12149620594607,12.258204460144043
2015-11-12,11.893648724886006,12.075926689765469,11.665801051494206,11.802509307861328
2015-11-13,11.893648812271014,12.030357069642559,11.437953462139328,11.939218521118164
2015-11-16,11.756938735788022,11.756938735788022,9.797449236213296,10.207574844360352
2015-11-17,9.979727352496132,10.344284130667633,9.56960173757681,9.751879692077637
2015-11-18,9.615171386569353,10.617700564973505,9.569601680921473,10.480992317199707
2015-11-19,10.754410273546487,10.754410273546487,10.070867258734252,10.389853477478027
2015-11-20,10.344284634166979,10.526562597540032,10.070867254522454,10.253145217895508
2015-11-23,10.162005414952464,10.207575121354239,9.888588914881522,10.025297164916992
2015-11-24,9.979727174567422,10.207574830923617,9.61517127206544,10.070866584777832
2015-11-25,9.979727076176928,10.116436190144725,9.569601472613185,9.934157371520996
2015-11-27,9.797449397995306,10.07086676433147,9.706309986159969,9.751879692077637
2015-11-30,9.56960190218642,9.660741315589474,9.022767160107822,9.159476280212402
2015-12-01,9.205045995476949,9.38732395328276,9.113906581989113,9.296184539794922
2015-12-02,9.296185417745626,9.387324839840854,9.022768020629883,9.022768020629883
2015-12-03,9.068337731677499,9.250615706698012,8.9316294677046,9.022768020629883
2015-12-04,9.113905906677246,9.250614147609486,8.840488555642969,9.113905906677246
2015-12-07,8.931628997896668,8.931628997896668,8.248085975646973,8.248085975646973
2015-12-08,8.293655292485424,8.612641499630334,7.655681139855885,8.020237922668457
2015-12-09,7.792390901830813,8.430364237891304,7.792390901830813,8.202516555786133
2015-12-10,7.974668507079585,8.248085886870577,7.974668507079585,8.111376762390137
2015-12-11,7.837960245249261,8.020238208568337,7.291125486122144,7.336695194244385
2015-12-14,7.336694889051038,7.427833432334432,6.835429858897889,6.880999565124512
2015-12-15,6.880999806790088,7.518973108859327,6.880999806790088,7.199986457824707
2015-12-16,7.291125305322065,7.473403264121142,7.199986325922525,7.427833557128906
2015-12-17,7.382264659662075,7.518972910364393,7.1088472890875805,7.154416561126709
2015-12-18,6.926568753144867,7.1544164123574285,6.835429776376827,7.108847141265869
2015-12-21,7.108847152767602,7.427833354679384,7.108847152767602,7.245555400848389
2015-12-22,7.245555600775424,7.974668305387701,7.19998632835274,7.7923903465271
2015-12-23,7.655681248466383,8.612641621817149,7.564542703347659,8.567071914672852
2015-12-24,9.1594755763121,9.1594755763121,7.792389695345214,7.883528232574463
2015-12-28,8.156946470550283,8.20251617871043,7.974668507079585,8.111376762390137
2015-12-29,8.111376466494207,8.111376466494207,7.8379599658471,8.020237922668457
2015-12-30,8.020237922668457,8.612641499630334,7.9290985096728495,8.020237922668457
2015-12-31,8.020237866642464,8.886058807373047,8.020237866642464,8.886058807373047
2016-01-04,8.6126423681848,8.840490054481593,8.475934104074701,8.749351501464844
2016-01-05,8.74935074325004,8.886058995513062,8.24808570300251,8.567071914672852
2016-01-06,8.29365597429456,8.475933946100719,8.29365597429456,8.339224815368652
2016-01-07,8.248085975646973,8.339224523778325,8.065808010214367,8.248085975646973
2016-01-08,8.384794232428952,8.430363941079579,8.202516266996346,8.248085975646973
2016-01-11,8.430363941079579,8.612641906512184,8.202516266996346,8.248085975646973
2016-01-12,8.4303635523783,8.52150296547736,8.020237931772245,8.156946182250977
2016-01-13,8.1569455826018,8.794918819885721,7.792389695345214,7.883528232574463
2016-01-14,7.883529090759291,8.52150326666157,7.837960251769034,8.111376762390137
2016-01-15,7.929098608166776,8.293655395507812,7.837960063208919,8.293655395507812
2016-01-19,8.24808538926627,8.521502752562084,7.97466802597046,7.974668025970459
2016-01-20,8.248086268099247,8.293655978365637,7.83796061404159,8.065808296203613
2016-01-21,8.15694692298149,8.521503739313195,8.065808370776017,8.475934028625488
2016-01-22,8.567071914672852,8.886058995513062,8.293655410146807,8.567071914672852
2016-01-25,8.47593395026127,8.47593395026127,7.929099165404441,8.065808296203613
2016-01-26,8.339224248121234,8.612641621817149,8.293655410146807,8.567071914672852
2016-01-27,8.567071066359446,8.977197520877434,8.384793125001332,8.703780174255371
2016-01-28,8.612642162052364,9.296185204583026,8.475933901214201,9.205046653747559
2016-01-29,9.06833681567869,10.2075751309441,9.06833681567869,10.162005424499512
2016-02-01,10.025296750147955,10.162004994527498,9.569601443323048,9.660740852355957
2016-02-02,9.52403288542658,9.569602595429275,9.113907233742168,9.205046653747559
2016-02-03,9.341754130828074,9.341754130828074,8.202515822190504,8.886058807373047
2016-02-04,8.840489050403654,9.797449397995306,8.749350507738166,9.751879692077637
2016-02-05,9.75187942206709,10.116436190144725,9.75187942206709,9.934157371520996
2016-02-08,9.797449111938475,9.888588521112808,9.569601458172464,9.797449111938477
2016-02-09,9.70631046316571,9.70631046316571,8.703781229558064,9.250615119934082
2016-02-10,9.341754536248365,9.341754536248365,9.02276744831827,9.250615119934082
2016-02-11,9.15947676883126,9.29618502705878,8.339224611956425,8.521503448486328
2016-02-12,8.658211709381725,9.022767644214044,8.658211709381725,8.794919967651367
2016-02-16,8.977198972904006,9.341754914585723,8.521503611216897,9.205046653747559
2016-02-17,8.977197931952546,9.341753831362164,8.248085263963485,8.931628227233887
2016-02-18,9.068337881492386,9.524033261157028,9.068337881492386,9.432894706726074
2016-02-19,9.432893083475237,9.478461918264061,9.341753675557968,9.387323379516602
2016-02-22,9.478463172912598,9.569602592893842,9.4328943320919,9.478463172912598
2016-02-23,9.432893660026677,9.478462497600733,9.250614833051005,9.296184539794922
2016-02-24,9.250614548966796,9.341753959655762,8.886058644550603,9.341753959655762
2016-02-25,9.296184531147121,9.56960190218642,9.022767160107822,9.159476280212402
2016-02-26,9.205046280946831,9.432893952562646,9.02276744831827,9.250615119934082
2016-02-29,9.205045313411938,9.432892961078869,9.022766499942554,9.113905906677246
2016-03-01,9.113906573510876,9.20504598691393,8.931628615874631,9.159476280212402
2016-03-02,8.977198322576157,9.20504598691393,8.977198322576157,9.159476280212402
2016-03-03,9.068337881492386,9.432894706726074,9.068337881492386,9.432894706726074
2016-03-04,9.25061511558888,10.253145217895508,9.25061511558888,10.253145217895508
2016-03-07,10.253145217895508,11.392383575439453,10.253145217895508,11.392383575439453
2016-03-08,11.11896577271033,11.11896577271033,9.79744950207797,10.025297164916992
2016-03-09,10.025297174335606,10.298714543833276,9.93415776144643,10.162005424499512
2016-03-10,10.070866300818356,10.253144246929812,9.615171000954808,10.116436004638672
2016-03-11,10.116435466139457,10.480991338957015,10.025296063350188,10.344283103942871
2016-03-14,10.207575509759772,10.435423181268561,9.79744987487793,10.253145217895508
2016-03-15,10.116436577720545,10.207575121354239,9.79744950207797,10.025297164916992
2016-03-16,10.070865764744823,10.389851936167744,9.84301812694141,10.344283103942871
2016-03-17,10.253145311684001,10.936688332462936,9.979727929538448,10.663270950317383
2016-03-18,10.799979136176853,10.799979136176853,9.797449111938475,9.797449111938477
2016-03-21,9.751880166742193,10.480992889404297,9.615171911504877,10.253145217895508
2016-03-22,10.025297174335606,10.253144837388687,9.706310098393349,10.162005424499512
2016-03-23,10.162004994527498,10.162004994527498,9.615171147839503,9.660740852355957
2016-03-24,9.615171816222714,10.298714823975468,9.432893854655957,9.843019485473633
2016-03-28,9.79744950207797,10.025297164916992,9.70631008927442,10.025297164916992
2016-03-29,9.979727076176928,10.02529678083286,9.660740881925049,9.934157371520996
2016-03-30,9.979727076176928,10.02529678083286,9.341753818503348,9.934157371520996
2016-03-31,9.797450500929497,9.797450500929497,8.658212070588856,9.022768020629883
2016-04-01,8.9316294677046,9.250615706698012,8.749351492684086,9.022768020629883
2016-04-04,9.113906581989113,9.296184539794922,8.886058917439385,9.296184539794922
2016-04-05,9.250615633636727,9.296185344324433,8.475934028625488,8.475934028625488
2016-04-06,8.567071907234661,9.022767239942246,8.156946281631807,8.430363655090332
2016-04-07,8.339224815368652,8.475933946100719,8.29365597429456,8.339224815368652
2016-04-08,8.43036366240983,8.886058995513062,8.43036366240983,8.567071914672852
2016-04-11,8.612641804423578,8.658211512534052,7.837960243225098,7.837960243225098
2016-04-12,7.792390073496531,8.020237731381402,7.56454241561166,7.974668025970459
2016-04-13,8.065806944917076,9.022766354339625,7.883528134389178,8.703780174255371
2016-04-14,8.703781630251495,9.022767863696775,8.020238583935983,8.202516555786133
2016-04-15,8.248086341186376,8.840489972389014,8.248086341186376,8.612642288208008
2016-04-18,8.61264199758137,8.61264199758137,8.111376935463955,8.521503448486328
2016-04-19,8.521503076698425,8.74935074325004,8.156946288713915,8.567071914672852
2016-04-20,8.61264076899142,8.93162781824546,8.61264076899142,8.703780174255371
2016-04-21,8.658211998878198,8.886059683059202,8.56707257753782,8.612642288208008
2016-04-22,8.7037816281509,8.840489889713037,8.248086264050539,8.339224815368652
2016-04-25,8.202515888800507,8.293655301899568,8.156946182250977,8.156946182250977
2016-04-26,8.202515981380087,8.339224233401806,8.156946274316223,8.293655395507812
2016-04-27,8.293655395507812,8.339224233401806,8.11137656725236,8.293655395507812
2016-04-28,8.202516555786133,8.475933948146324,8.111377135276093,8.202516555786133
2016-04-29,8.248085695841272,8.567071907234661,8.248085695841272,8.430363655090332
2016-05-02,8.384794527636284,8.384794527636284,7.564543219725643,8.202516555786133
2016-05-03,8.156946847566465,8.293655978365637,7.564543221613175,8.065808296203613
2016-05-04,8.020238585937223,8.384794529728488,7.929099165404441,8.065808296203613
2016-05-05,8.111376466494207,8.384793836311173,7.974668216170653,8.020237922668457
2016-05-06,8.384794527636284,8.384794527636284,7.929099163425943,8.202516555786133
2016-05-09,8.020238213274926,8.248085884849953,7.382264906698828,7.473403453826904
2016-05-10,7.427833745677922,7.473403453826904,7.1088475269748175,7.473403453826904
2016-05-11,7.382264902366627,7.47340344944122,7.108847522803068,7.336695194244385
2016-05-12,7.518973157563461,7.518973157563461,7.291125486122144,7.336695194244385
2016-05-13,7.427833741318978,7.427833741318978,7.291125486122144,7.336695194244385
2016-05-16,7.291125774383544,7.473403744909148,7.291125774383544,7.291125774383545
2016-05-17,7.291125486122144,7.427833741318978,7.291125486122144,7.336695194244385
2016-05-18,7.336695382527978,7.655681609230117,7.336695382527978,7.518973350524902
2016-05-19,7.518972863963898,7.655681113822572,7.291125201419538,7.382264614105225
2016-05-20,7.427833559636026,7.792390346527099,7.427833559636026,7.7923903465271
2016-05-23,7.792390346527099,7.929098598380084,7.746820639519481,7.7923903465271
2016-05-24,7.792389676078795,8.065807025430116,7.7468199729919425,7.746819972991943
2016-05-25,7.746820561644923,8.248085595350037,7.746820561644923,8.156946182250977
2016-05-26,8.156945562434029,8.20251526552088,7.610111732901179,7.746819972991943
2016-05-27,7.746819992145692,8.1569455826018,7.701250288946171,7.883528232574463
2016-05-31,7.97466802597046,8.156945978444389,7.7012506626746475,7.974668025970459
2016-06-01,7.974668875670832,8.156946847566465,7.655681772976027,8.065808296203613
2016-06-02,8.065808292244379,8.430364235856697,7.837960610194198,8.339224815368652
2016-06-03,8.384794525612675,8.567072497418833,8.202516553806516,8.339224815368652
2016-06-06,8.339224425517319,9.068337147826512,8.202516170346172,8.977198600769043
2016-06-07,9.113907061125104,9.113907061125104,8.430364031540721,8.658211708068848
2016-06-08,8.567072291088689,8.977198804237435,8.567072291088689,8.794919967651367
2016-06-09,8.567071066359446,8.886058115613485,8.567071066359446,8.703780174255371
2016-06-10,8.658211321444126,8.703781028548859,8.430363655090332,8.430363655090332
2016-06-13,8.430364317937784,8.567072580830962,8.339224896562373,8.475934028625488
2016-06-14,8.521503358380832,8.612641906512184,8.202516266996346,8.248085975646973
2016-06-15,8.339224526563646,8.521503361227031,8.293655687067698,8.384794235229492
2016-06-16,8.3847939479856,8.703781028548859,8.248085695841272,8.430363655090332
2016-06-17,8.475933740680327,8.840489675457368,8.339224613261505,8.658211708068848
2016-06-20,8.703781417208456,8.931629093736584,8.430364031540721,8.658211708068848
2016-06-21,8.61264076899142,8.794918710349535,8.61264076899142,8.703780174255371
2016-06-22,8.70378095153686,9.296184531147121,8.70378095153686,9.159476280212402
2016-06-23,9.432893083475237,9.432893083475237,9.296183971599332,9.387323379516602
2016-06-24,8.74935075921929,9.706310265146818,8.74935075921929,9.569602012634277
2016-06-27,9.706310265146818,9.706310265146818,9.250614931211853,9.569602012634277
2016-06-28,9.478462269625712,10.480992317199707,9.478462269625712,10.480992317199707
2016-06-29,10.480992073236509,10.480992073236509,9.797449111938475,9.797449111938477
2016-06-30,9.797449783385286,10.663270753199312,9.797449783385286,9.979727745056152
2016-07-01,9.934156660560918,10.52656104035165,9.934156660560918,10.344283103942871
2016-07-05,10.253144536028824,10.435422487279814,10.025296879672627,10.070866584777832
2016-07-06,10.025296879672627,10.116436289883039,9.79744922331643,10.070866584777832
2016-07-07,9.979727022471758,10.663269981122836,9.979727022471758,10.526561737060547
2016-07-08,10.34428444992521,10.845548622980633,10.34428444992521,10.708840370178223
2016-07-11,10.572132123984995,10.936688044465908,10.572132123984995,10.845548629760742
2016-07-12,10.754409693877912,11.073395895428158,10.617700576782227,10.617700576782227
2016-07-13,10.526562022847587,10.845548224043066,10.480992317199707,10.480992317199707
2016-07-14,10.435422889167018,10.572132009747552,10.298714637756348,10.298714637756348
2016-07-15,10.298714742601115,11.073396290431234,10.298714742601115,10.708840370178223
2016-07-18,10.708838976760427,10.708838976760427,10.070865764744823,10.344283103942871
2016-07-19,10.389851936167744,10.43542163756238,10.162004298364332,10.344283103942871
2016-07-20,10.344283654570445,10.344283654570445,10.02529659699804,10.116436004638672
2016-07-21,10.025296063350188,10.43542163756238,10.025296063350188,10.344283103942871
2016-07-22,10.298714241134029,10.298714241134029,10.025296879672627,10.070866584777832
2016-07-25,10.070866300818356,10.116436004638672,10.02529659699804,10.116436004638672
2016-07-26,10.070866470291653,10.162005010296165,9.797449111938475,9.797449111938477
2016-07-27,9.615171162759632,9.888588521112808,9.615171162759632,9.797449111938477
2016-07-28,9.569601443323048,9.751879392219045,9.341753789910594,9.660740852355957
2016-07-29,9.569601839238947,10.025297164916992,9.478462426435396,10.025297164916992
2016-08-01,10.025297164916992,10.025297164916992,9.93415775211344,10.025297164916992
2016-08-02,9.979727352496132,10.0252970584138,9.706309986159969,9.751879692077637
2016-08-03,9.660740881925049,10.02529678083286,9.615171177269117,9.934157371520996
2016-08-04,9.97972706111732,9.97972706111732,9.341753804406453,9.797449111938477
2016-08-05,9.79744950207797,10.025297164916992,9.70631008927442,10.025297164916992
2016-08-08,9.97972773935623,10.02529744704039,9.751880070105313,9.843019485473633
2016-08-09,9.843019491095472,10.025297452766338,9.751880075675098,9.979727745056152
2016-08-10,9.88858919880566,10.025297452766338,9.843019491095472,9.979727745056152
2016-08-11,9.979727467891017,10.389853087552593,9.979727467891017,10.162005424499512
2016-08-12,10.116436679485501,10.435422889167018,10.116436679485501,10.298714637756348
2016-08-15,10.480992317199707,10.617700564973505,10.389852905903947,10.480992317199707
2016-08-16,10.38985262382844,10.75440938994424,10.253144379766153,10.526561737060547
2016-08-17,10.48099298527698,10.663270950317383,10.38985356817183,10.663270950317383
2016-08-18,10.617700576782227,10.845548236105191,10.617700576782227,10.617700576782227
2016-08-19,10.48099260423473,10.617700855752455,10.389853190443004,10.435422897338867
2016-08-22,10.389852782174609,10.389852782174609,10.025296879672627,10.070866584777832
2016-08-23,10.207575224035992,10.344284344616527,10.162005517175814,10.298714637756348
2016-08-24,10.435423185632821,10.480992893787615,10.344284638493123,10.389853477478027
2016-08-25,10.38985318230684,10.708840261158223,10.298714637756348,10.298714637756348
2016-08-26,10.344283510170234,10.845547637686932,10.344283510170234,10.572131156921387
2016-08-29,10.435422897338867,10.845548521061906,10.344284352717008,10.435422897338867
2016-08-30,10.344284069425909,10.936687635338826,10.344284069425909,10.480992317199707
2016-08-31,10.389853477478027,10.480992893787615,10.253145222183537,10.389853477478027
2016-09-01,10.344284069425909,10.526562022847587,10.344284069425909,10.480992317199707
2016-09-02,10.48099260423473,10.845548521061906,10.435422897338867,10.435422897338867
2016-09-06,10.526562601942409,10.572132310097203,10.253145222183537,10.389853477478027
2016-09-07,10.43542163756238,10.845547211774571,10.070865764744823,10.344283103942871
2016-09-08,10.116436687407557,10.845548521061906,10.070866980511694,10.435422897338867
2016-09-09,10.480992192385019,10.480992192385019,10.025296879672627,10.070866584777832
2016-09-12,10.02529678083286,10.61770033385051,9.843018831378954,9.934157371520996
2016-09-13,10.116437776223037,10.116437776223037,9.387324994925619,9.432894706726074
2016-09-14,9.52403288542658,9.751880566270135,9.159476943744863,9.205046653747559
2016-09-15,9.29618408539414,10.298714108076863,9.29618408539414,9.660740852355957
2016-09-16,9.387323665000245,9.615171322552824,9.341753959655762,9.341753959655762
2016-09-19,9.797450186330712,9.797450186330712,9.022767730906363,9.068337440490723
2016-09-20,9.15947685965944,9.387324538411317,9.022767730906363,9.068337440490723
2016-09-21,9.341753675557968,9.706309568887427,9.022766617017332,9.387323379516602
2016-09-22,9.569601326181331,9.751879272846061,9.341753675557968,9.387323379516602
2016-09-23,9.296184254311278,9.478462206519374,9.296184254311278,9.341753959655762
2016-09-26,9.250614147609486,9.296183850976831,9.022766499942554,9.113905906677246
2016-09-27,9.068337731677499,9.159477153772727,9.022768020629883,9.022768020629883
2016-09-28,9.0683365967587,9.341753959655762,9.0683365967587,9.341753959655762
2016-09-29,9.205046280946831,9.432893952562646,9.159476572789691,9.250615119934082
2016-09-30,9.205045712792149,9.387323665000245,9.113906302103182,9.341753959655762
2016-10-03,9.296184254311278,9.478462206519374,9.296184254311278,9.341753959655762
2016-10-04,9.387324994925619,9.432894706726074,9.341755283125163,9.432894706726074
2016-10-05,9.387323665000245,9.478462206519374,9.341753959655762,9.341753959655762
2016-10-06,9.387323665000245,9.524031911863858,9.341753959655762,9.341753959655762
2016-10-07,9.341755283125163,9.524033261157028,9.25061585952425,9.432894706726074
2016-10-10,9.524032882903219,10.025297954460216,9.341754912110655,9.478463172912598
2016-10-11,9.387323665000245,9.660741027897307,9.296184254311278,9.341753959655762
2016-10-12,9.432893766992562,9.751879979477462,9.341754352471236,9.706310272216797
2016-10-13,9.569601472613185,9.979727076176928,9.524031767957252,9.934157371520996
2016-10-14,9.97972706111732,9.97972706111732,9.615171162759632,9.797449111938477
2016-10-17,9.660742012875087,9.84301998366765,9.4328943320919,9.478463172912598
2016-10-18,9.341755283125163,9.478463549356572,9.296185571324706,9.432894706726074
2016-10-19,9.296184638439325,9.797449679601762,9.296184638439325,9.569602012634277
2016-10-20,9.387323494427049,9.706309687702591,9.387323494427049,9.660740852355957
2016-10-21,9.660741027897307,9.888588685449887,9.250614548966796,9.341753959655762
2016-10-24,9.296183988072015,9.615171047177888,9.296183988072015,9.524031639099121
2016-10-25,9.387323665000245,9.660741027897307,9.341753959655762,9.341753959655762
2016-10-26,9.341753789910594,9.751879392219045,9.341753789910594,9.660740852355957
2016-10-27,9.56960172662958,9.660741138360656,9.56960172662958,9.615171432495117
2016-10-28,9.524033261157028,9.84302037459026,9.296185571324706,9.432894706726074
2016-10-31,9.341753675557968,9.432893083475237,9.296183971599332,9.387323379516602
2016-11-01,9.341754912110655,9.478463172912598,9.296185202120032,9.478463172912598
2016-11-02,9.478462206519374,9.478462206519374,9.341753959655762,9.341753959655762
2016-11-03,9.341755283125163,9.432894706726074,9.341755283125163,9.432894706726074
2016-11-04,9.341754536248365,9.61517191602132,9.250615119934082,9.250615119934082
2016-11-07,9.341754536248365,9.387324244405505,9.250615119934082,9.250615119934082
2016-11-08,9.250614267640696,9.569601326181331,9.205045432851872,9.387323379516602
2016-11-09,9.250614284032629,9.615171047177888,9.159475745123673,9.524031639099121
2016-11-10,9.56960201960468,9.751879979477462,9.56960201960468,9.706310272216797
2016-11-11,9.660741242715428,9.934157742522398,9.569601829999868,9.888588905334473
2016-11-14,9.84301998366765,9.93415853447897,9.387324622101277,9.478463172912598
2016-11-15,9.387324235452374,9.569602198737199,8.977198600769043,8.977198600769043
2016-11-16,8.97719880287619,8.97719880287619,8.658211708068848,8.658211708068848
2016-11-17,8.703780261136671,8.703780261136671,7.564542029814326,7.746819972991943
2016-11-18,7.883528803175046,8.065807629166262,7.883528803175046,8.020237922668457
2016-11-21,7.9746689494006056,8.612642291518666,7.9746689494006056,8.475934028625488
2016-11-22,8.475933652561185,8.56707220072298,8.248085978401852,8.384794235229492
2016-11-23,8.248085688443949,8.430363647529534,8.202515981380087,8.293655395507812
2016-11-25,8.339223918756478,9.478462206519374,8.339223918756478,9.341753959655762
2016-11-28,9.296184539794922,9.52403220434465,8.886058917439385,9.296184539794922
2016-11-29,9.296184828091222,9.569602207864177,9.205046280946831,9.250615119934082
2016-11-30,9.296184638439325,9.797449679601762,9.205046093154255,9.569602012634277
2016-12-01,9.524031639099121,9.797448994165611,9.432893100190165,9.524031639099121
2016-12-02,9.569601911088569,9.615171617832488,9.159476288733032,9.296184539794922
2016-12-05,9.250614147609486,9.569601202011109,8.977197665745008,9.113905906677246
2016-12-06,9.113906024934602,9.843018680763333,9.022766617017332,9.387323379516602
2016-12-07,9.432893213580787,9.843018816525642,9.296184099819287,9.797449111938477
2016-12-08,9.706309986159969,9.797449397995306,9.56960173757681,9.751879692077637
2016-12-09,9.660742396558396,9.75188095098935,9.25061585952425,9.432894706726074
2016-12-12,9.341754536248365,9.569602207864177,9.11390686463255,9.250615119934082
2016-12-13,9.296184736912993,10.253145122147393,9.250615029202805,9.979727745056152
2016-12-14,9.934157469462216,10.298714241134029,9.61517127206544,10.070866584777832
2016-12-15,9.934157371520996,10.02529678083286,9.660740881925049,9.934157371520996
2016-12-16,10.025296765704487,10.253144419470498,9.660740867346798,9.797449111938477
2016-12-19,9.706309568887427,9.888588384721967,9.341753675557968,9.387323379516602
2016-12-20,9.387323379516602,9.706309568887427,9.250614267640696,9.387323379516602
2016-12-21,9.296184254311278,9.478462206519374,9.296184254311278,9.341753959655762
2016-12-22,9.250614824445595,9.797449566524191,9.159476280212402,9.159476280212402
2016-12-23,9.205045313411938,9.296183850976831,9.0683362033099,9.113905906677246
2016-12-27,9.022767439712833,9.387324235452374,8.931628892655365,8.977198600769043
2016-12-28,8.794918710349535,9.113905759603574,8.430362827633306,8.703780174255371
2016-12-29,8.521502896276965,8.977198219731992,8.521502896276965,8.886058807373047
2016-12-30,9.068336762921087,9.113906469100561,8.7949193950141,8.886058807373047
2017-01-03,9.022767160107822,9.159476280212402,9.022767160107822,9.159476280212402
2017-01-04,9.159476122657487,9.797449397995306,9.159476122657487,9.751879692077637
2017-01-05,9.888589693658274,10.025297954460216,9.341754912110655,9.478463172912598
2017-01-06,9.432893370344727,9.79744927476092,9.205045712792149,9.341753959655762
2017-01-09,9.432893952562646,9.432893952562646,9.205046280946831,9.250615119934082
2017-01-10,9.706309586086844,9.706309586086844,9.250614284032629,9.524031639099121
2017-01-11,9.478462497600733,9.660741324576405,9.296184539794922,9.296184539794922
2017-01-12,9.296184645210571,9.797449686738124,9.296184645210571,9.706310272216797
2017-01-13,9.569601472613185,10.02529678083286,9.341753818503348,9.934157371520996
2017-01-17,9.88858850576841,10.253144403560409,9.660740852355957,9.660740852355957
2017-01-18,9.706311239188892,9.888590086390717,9.341755283125163,9.432894706726074
2017-01-19,9.797450662789805,9.797450662789805,9.159477305093297,9.432894706726074
2017-01-20,9.387323508993621,10.025296765704487,9.387323508993621,9.797449111938477
2017-01-23,9.615171047177888,9.843018698204995,9.478461935059737,9.524031639099121
2017-01-24,9.47846188949386,10.207574543109496,9.47846188949386,10.116436004638672
2017-01-25,10.16200570092299,10.207575408607148,9.797449777789472,9.843019485473633
2017-01-26,9.797449111938475,9.97972706111732,9.751879407351309,9.797449111938477
2017-01-27,9.660741529424607,10.344284537567766,9.569602114004232,9.979727745056152
2017-01-30,10.0252970584138,10.253144718832296,9.706309986159969,9.751879692077637
2017-01-31,9.843019485473633,9.97972773935623,9.569602108538554,9.843019485473633
2017-02-01,9.797449492618913,10.207575111499223,9.797449492618913,9.888588905334473
2017-02-02,9.751879407351309,9.934157356530154,9.751879407351309,9.797449111938477
2017-02-03,9.797449492618913,10.070866861595738,9.660741242715428,9.888588905334473
2017-02-06,9.751879392219045,9.843018801251956,9.660740852355957,9.660740852355957
2017-02-07,9.797449686738124,10.02529735387157,9.615171726865343,9.706310272216797
2017-02-08,9.615171432495117,9.751879680921888,9.38732377233727,9.615171432495117
2017-02-09,9.660741252042499,10.025297164916992,9.660741252042499,10.025297164916992
2017-02-10,9.934158031672071,9.934158031672071,9.524032400854395,9.843019485473633
2017-02-13,9.751879979477462,9.84301939399879,9.706310272216799,9.706310272216797
2017-02-14,9.660741434126008,10.02529735387157,9.524032312344017,9.706310272216797
2017-02-15,9.615171147839503,9.797449096735502,9.341753789910594,9.660740852355957
2017-02-16,9.615171147839503,9.660740852355957,9.387323494427049,9.660740852355957
2017-02-17,9.660741434126008,9.706310272216799,9.296184645210571,9.706310272216797
2017-02-21,9.569601617208342,9.660741027897307,9.296184254311278,9.341753959655762
2017-02-22,9.250615119934082,9.296184828091222,9.11390686463255,9.250615119934082
2017-02-23,9.11390686463255,9.61517191602132,9.11390686463255,9.250615119934082
2017-02-24,9.113907233742168,9.25061549458033,9.113907233742168,9.205046653747559
2017-02-27,9.341754828826959,9.432894247995677,9.022767730906363,9.068337440490723
2017-02-28,8.93162796237766,9.205045313411938,8.93162796237766,9.113905906677246
2017-03-01,9.113907233742168,9.25061549458033,9.068337523739471,9.205046653747559
2017-03-02,9.205046653747559,9.205046653747559,9.113907233742168,9.205046653747559
2017-03-03,9.06833765657002,9.159477077910395,8.56707257753782,8.612642288208008
2017-03-06,8.703781709548386,8.886059683059202,8.52150373603757,8.612642288208008
2017-03-07,8.567071899551253,8.840489272764563,8.11137656725236,8.293655395507812
2017-03-08,8.430363943895339,8.521503361227031,8.384794235229492,8.384794235229492
2017-03-09,8.384793260309108,9.250614147609486,8.384793260309108,9.113905906677246
2017-03-10,9.02276802968504,9.20504687405843,8.749351501464844,8.749351501464844
2017-03-13,8.794920343388245,8.886059765574942,8.6126423681848,8.749351501464844
2017-03-14,8.703781709548386,8.703781709548386,8.47593402536738,8.612642288208008
2017-03-15,8.43036366240983,8.612641621817149,8.43036366240983,8.567071914672852
2017-03-16,8.52150345111208,8.886059385944401,8.52150345111208,8.794919967651367
2017-03-17,8.74935084137139,8.931628802822903,8.74935084137139,8.840489387512207
2017-03-20,8.749351423581782,8.840489975787255,8.475934028625488,8.475934028625488
2017-03-21,8.567072197861558,8.658211615162811,8.202516266996346,8.248085975646973
2017-03-22,8.248084989000843,8.248084989000843,7.883528232574463,7.883528232574463
2017-03-23,7.792389695345214,8.1569455826018,7.746819992145692,7.883528232574463
2017-03-24,7.883528899057579,7.929098606109619,7.837960061175407,7.929098606109619
2017-03-27,7.792390073496531,7.97466802597046,7.792390073496531,7.974668025970459
2017-03-28,7.97466831316166,8.111376565147912,7.655681232967246,7.929098606109619
2017-03-29,7.974667619256412,7.974667619256412,7.7468199729919425,7.746819972991943
2017-03-30,7.929098392685097,7.974668098510555,7.564542484421124,7.610112190246582
2017-03-31,7.610112580138188,8.20251617871043,7.291125492187049,8.111376762390137
2017-04-03,8.202515842450522,8.293655255034581,6.5164432284193445,7.017707824707031
2017-04-04,7.518972855579645,7.564542561871675,6.8354298687087685,7.017707824707031
2017-04-05,6.97213855299993,7.108847237291091,6.8354298687087685,7.017707824707031
2017-04-06,7.017708061101395,7.336695146720956,6.835430098963024,7.199986457824707
2017-04-07,7.199986118033909,7.199986118033909,7.108847141265869,7.108847141265869
2017-04-10,7.154416796340365,7.564542865685702,7.154416796340365,7.336695194244385
2017-04-11,7.336695484307426,7.473403744909148,7.15441707919686,7.291125774383545
2017-04-12,7.336695146720956,7.382264854548019,7.108847476755522,7.199986457824707
2017-04-13,7.1544164123574285,7.199986118033909,7.108847141265869,7.108847141265869
2017-04-17,7.1088472890875805,7.154416561126709,7.1088472890875805,7.154416561126709
2017-04-18,7.1544164123574285,7.199986118033909,7.108847141265869,7.108847141265869
2017-04-19,7.291125438893893,7.291125438893893,7.108847476755522,7.199986457824707
2017-04-20,7.1544164123574285,7.199986118033909,7.108847141265869,7.108847141265869
2017-04-21,7.0632781982421875,7.1544171848508995,7.0632781982421875,7.0632781982421875
2017-04-24,7.0632781982421875,7.1544171848508995,7.0632781982421875,7.0632781982421875
2017-04-25,7.063277435589388,7.1544164123574285,7.063277435589388,7.108847141265869
2017-04-26,7.063277995947636,7.61011276910832,7.063277995947636,7.518973350524902
2017-04-27,7.518973163817894,8.111376762390137,7.518973163817894,8.111376762390137
2017-04-28,8.065807815075559,8.065807815075559,7.518973062837599,7.564542770385742
2017-05-01,7.564543059816612,7.655681609230117,7.518973350524902,7.518973350524902
2017-05-02,7.518973350524902,7.655681609230117,7.518973350524902,7.518973350524902
2017-05-03,7.473403355289457,7.564542770385742,7.473403355289457,7.564542770385742
2017-05-04,7.518972971113379,7.518972971113379,7.427833557128906,7.427833557128906
2017-05-05,7.382264719306537,7.473403264121142,7.382264719306537,7.427833557128906
2017-05-08,7.427832920553769,7.7468199729919425,7.427832920553769,7.746819972991943
2017-05-09,7.610112477933885,7.7012510238602925,7.564542770385742,7.564542770385742
2017-05-10,7.473403072770208,7.792390144378569,7.473403072770208,7.610112190246582
2017-05-11,7.655681026902195,7.655681026902195,7.610112190246582,7.610112190246582
2017-05-12,7.7012510238602925,7.7012510238602925,7.564542770385742,7.564542770385742
2017-05-15,7.701250732727653,7.746820438553111,7.610112190246582,7.610112190246582
2017-05-16,7.655681610107421,7.792390737998215,7.655681610107421,7.655681610107422
2017-05-17,7.564542770385742,7.610112477933885,7.564542770385742,7.564542770385742
2017-05-18,7.518973062837599,7.7012510238602925,7.518973062837599,7.564542770385742
2017-05-19,7.564543059816612,7.61011276910832,7.382265091819687,7.518973350524902
2017-05-22,7.473403264121142,7.518972971113379,7.427833557128906,7.427833557128906
2017-05-23,7.473403264121142,7.518972971113379,7.427833557128906,7.427833557128906
2017-05-24,7.427833557128906,7.427833557128906,7.427833557128906,7.427833557128906
2017-05-25,7.382264719306537,7.473403264121142,7.382264719306537,7.427833557128906
2017-05-26,7.336695194244386,7.47340344944122,7.336695194244386,7.336695194244385
2017-05-30,7.291125201419538,7.382264614105225,7.291125201419538,7.382264614105225
2017-05-31,7.336694907762381,7.473403157621055,7.336694907762381,7.382264614105225
2017-06-01,7.336695194244386,7.382264902366627,7.336695194244386,7.336695194244385
2017-06-02,7.291125201419538,7.427833451278212,7.291125201419538,7.382264614105225
2017-06-05,7.291125486122144,7.336695194244386,7.291125486122144,7.336695194244385
2017-06-06,7.336695146720956,7.336695146720956,7.063277768928458,7.199986457824707
2017-06-07,7.1544164123574285,7.199986118033909,7.063277435589388,7.108847141265869
2017-06-08,7.1544164357467706,7.610112190246582,7.1544164357467706,7.610112190246582
2017-06-09,7.610112483969572,7.7468207375525475,7.610112483969572,7.701251029968262
2017-06-12,7.655681610107421,7.883529287422165,7.655681610107421,7.655681610107422
2017-06-13,7.655681026902195,7.655681026902195,7.610112190246582,7.610112190246582
2017-06-14,7.610112276649585,7.655681113822572,7.291125201419538,7.382264614105225
2017-06-15,7.336695146720956,7.336695146720956,7.154416749997644,7.199986457824707
2017-06-16,7.1999862233187795,7.382264614105225,7.154416516975936,7.382264614105225
2017-06-19,7.564542865685702,7.564542865685702,7.291125486122144,7.336695194244385
2017-06-20,7.291125094801949,7.427833342661549,7.108847141265869,7.108847141265869
2017-06-21,7.10884780385794,7.336695484307426,7.10884780385794,7.291125774383545
2017-06-22,7.2911251065985985,7.2911251065985985,7.15441642393289,7.245555400848389
2017-06-23,7.154416749997644,7.199986457824707,7.108847476755522,7.199986457824707
2017-06-26,7.1544171848508995,7.1544171848508995,6.9721392116334755,7.0632781982421875
2017-06-27,6.926569501036636,7.291125882056452,6.926569501036636,7.0632781982421875
2017-06-28,7.017708061101395,7.382264854548019,7.017708061101395,7.199986457824707
2017-06-29,7.3822640866367095,7.7468199729919425,7.291124680463005,7.746819972991943
2017-06-30,7.610112580138188,8.248085886870577,7.610112580138188,8.111376762390137
2017-07-03,8.293655687067698,8.384794235229492,8.293655687067698,8.384794235229492
2017-07-05,8.384794235229492,8.56707220072298,8.293655687067698,8.384794235229492
2017-07-06,8.339224129813369,8.384793836311173,7.974668216170653,8.020237922668457
2017-07-07,7.9746682252227155,8.202515888800507,7.746820561644923,8.156946182250977
2017-07-10,7.974668507079585,8.156946470550283,7.974668507079585,8.111376762390137
2017-07-11,8.065807638321775,8.202515888800507,8.020237931772245,8.156946182250977
2017-07-12,8.065807923399879,8.20251617871043,8.020238215239733,8.111376762390137
2017-07-13,8.20251568385533,8.20251568385533,7.837959778907472,7.974668025970459
2017-07-14,8.393908034193302,8.393908034193302,8.093149185180664,8.093149185180664
2017-07-17,8.084035166896324,8.557958734156747,7.992896621079234,8.36656665802002
2017-07-18,8.348338642130795,8.439478059462488,8.084035374872764,8.384794235229492
2017-07-19,8.36656665802002,8.430363727008968,8.330111065859208,8.36656665802002
2017-07-20,8.330110836303623,8.393907903534496,8.202515832672022,8.284541130065918
2017-07-21,8.284541049154,8.339224000769295,8.211629867553711,8.211629867553711
2017-07-24,8.156946272199953,8.156946272199953,7.810617715442262,7.929098606109619
2017-07-25,8.047579556151371,8.229857516534496,8.047579556151371,8.166060447692871
2017-07-26,8.093148912370973,8.20251568385533,7.929098320559518,7.974668025970459
2017-07-27,7.919984490865237,8.166060387444334,7.919984490865237,7.929098606109619
2017-07-28,7.901756885185738,8.011123657226562,7.901756885185738,8.011123657226562
2017-07-31,8.084034400349516,8.111375874585073,8.0111232229415,8.047578811645508
2017-08-01,8.03846549987793,8.1296049153238,8.029352253669247,8.03846549987793
2017-08-02,7.97466831316166,7.992896543650423,7.774162123634603,7.929098606109619
2017-08-03,8.156945851626157,8.156945851626157,7.783275837571691,7.865301132202148
2017-08-04,7.90175724029541,8.02935224799549,7.856187532604676,7.90175724029541
2017-08-07,7.837959902272997,7.910871084410154,7.427833416289178,7.783276081085205
2017-08-08,7.765049270208374,7.810618110394784,7.655681620085233,7.719479560852051
2017-08-09,7.72859211039662,7.810617406006697,7.564542388346298,7.7741618156433105
2017-08-10,7.792390785935987,7.801504901685424,7.746821076358716,7.755935192108154
2017-08-11,7.7559346050762334,7.801504311204419,7.7559346050762334,7.783276081085205
2017-08-14,7.801504461762596,7.801504461762596,7.783276231291602,7.7923903465271
2017-08-15,7.783276231291602,7.801504461762596,7.783276231291602,7.7923903465271
2017-08-16,7.792390020277924,7.810617380815914,7.746820315178204,7.801504135131836
2017-08-17,7.783276231291602,7.819731823063722,7.774162116056105,7.7923903465271
2017-08-18,7.765048720135841,7.783276081085204,7.765048720135841,7.783276081085205
2017-08-21,7.792389911210491,7.828845500946044,7.755934321474937,7.828845500946045
2017-08-22,7.92909938155912,7.992897325339231,7.92909938155912,7.947327613830566
2017-08-23,7.947327098747481,7.956440345122601,7.837960319716952,7.910871505737305
2017-08-24,7.9017571295463425,8.002009789724935,7.9017571295463425,7.929098606109619
2017-08-25,7.9382124895987936,8.047579261828819,7.78327601164713,7.847073078155518
2017-08-28,7.810617707828225,7.837960053534717,7.774162116056105,7.7923903465271
2017-08-29,7.792390535114625,7.837960243225098,7.755934942460224,7.837960243225098
2017-08-30,7.828845426125291,8.065807191726641,7.828845426125291,8.056693077087402
2017-08-31,8.056693077087402,8.056693077087402,7.965553669034633,8.056693077087402
2017-09-01,7.929098587839275,8.120490661680941,7.929098587839275,8.093149185180664
2017-09-05,8.102263450622559,8.184287881644146,8.102263450622559,8.102263450622559
2017-09-06,8.138720069810256,8.184288914181295,8.138720069810256,8.175175666809082
2017-09-07,8.111376912197697,8.147832505565129,8.111376912197697,8.120491027832031
2017-09-08,8.102263606007062,8.384794235229492,8.020238304242518,8.384794235229492
2017-09-11,8.384794102093094,8.576186180114746,8.384794102093094,8.576186180114746
2017-09-12,8.585299939071337,8.722008188052088,8.585299939071337,8.685552597045898
2017-09-13,8.767578184518085,8.767578184518085,8.630869931009034,8.639983177185059
2017-09-14,8.612641404352631,8.658211110346318,8.503274631469692,8.548844337463379
2017-09-15,8.576186404109372,8.576186404109372,8.512389332825851,8.521503448486328
2017-09-18,8.475933739353852,8.567072288448895,8.475933739353852,8.521503448486328
2017-09-19,8.530615998080712,8.55795834282845,8.26631274970811,8.275426864624023
2017-09-20,8.293655395507812,8.38479394046567,8.293655395507812,8.293655395507812
2017-09-21,8.339224815368652,8.348338931251442,8.339224815368652,8.339224815368652
2017-09-22,8.339224526563646,8.393908350796641,8.175174792204457,8.384794235229492
2017-09-25,8.421248738083502,8.475932555236938,8.384793149704475,8.43947696685791
2017-09-26,8.366566516343381,8.494160652160645,8.366566516343381,8.494160652160645
2017-09-27,8.521502997695656,8.521502997695656,8.293655333256412,8.494160652160645
2017-09-28,8.412134939418058,8.612641117612942,8.412134939418058,8.594413757324219
2017-09-29,8.612642515490919,8.62175663169946,8.55795955657959,8.55795955657959
2017-10-02,8.521503448486328,8.521503448486328,8.430364030221376,8.521503448486328
2017-10-03,8.494161241445564,8.494161241445564,8.457705647372963,8.466819763183594
2017-10-04,8.56707220072298,8.630870140523124,8.375680119662343,8.384794235229492
2017-10-05,8.38479263111763,8.430362331065444,8.284539986568227,8.403020858764648
2017-10-06,8.40302246636379,8.42124982832819,8.330111280166395,8.384794235229492
2017-10-09,8.202516553806516,8.393908641495464,8.202516553806516,8.339224815368652
2017-10-10,8.475933804212422,8.557959107444562,8.466819688482204,8.530616760253906
2017-10-11,8.53061647217247,8.658211480576867,8.457705287132782,8.576186180114746
2017-10-12,8.403023057714222,8.658212227363666,8.403023057714222,8.55795955657959
2017-10-13,8.548844553317055,8.621755737079983,8.548844553317055,8.567071914672852
2017-10-16,8.567072354004866,8.612642063486044,8.503275282233165,8.530616760253906
2017-10-17,8.48504785501433,8.54884492629785,8.475933739353852,8.521503448486328
2017-10-18,8.548844553317055,8.585300145198518,8.494160730909924,8.567071914672852
2017-10-19,8.521501730961072,8.567070561739152,8.38479263111763,8.403020858764648
2017-10-20,8.403021878446902,8.412135124206543,8.403021878446902,8.412135124206543
2017-10-23,8.430362852470706,8.567071091599614,8.366565790099855,8.43947696685791
2017-10-24,8.430362811891856,8.439476926235189,8.156945465780325,8.238970756530762
2017-10-25,8.202515902677012,8.339224153387017,8.202515902677012,8.220744132995605
2017-10-26,8.202515968236625,8.320996858744872,8.202515968236625,8.229857444763184
2017-10-27,8.202516266996346,8.257200091211079,8.202516266996346,8.248085975646973
2017-10-30,8.229857744518762,8.320997161820015,8.229857744518762,8.248085975646973
2017-10-31,8.248085975646973,8.257200091211079,8.120490965259199,8.248085975646973
2017-11-01,8.257200241402796,8.457705572440739,8.257200241402796,8.393908500671387
2017-11-02,8.430362852470706,8.494159914841559,8.412134623696298,8.43947696685791
2017-11-03,8.311881932937865,8.466818400095407,8.20251516832721,8.238970756530762
2017-11-06,8.202515832672022,8.302768491059089,8.202515832672022,8.284541130065918
2017-11-07,8.220743397013878,8.25719898521743,8.102262518059888,8.238970756530762
2017-11-08,8.20251516832721,8.238970756530762,8.20251516832721,8.238970756530762
2017-11-09,8.202515300207768,8.202515300207768,8.166059711418082,8.184287071228027
2017-11-10,8.038465159375638,8.211629867553711,8.038465159375638,8.211629867553711
2017-11-13,8.193401622518016,8.193401622518016,8.147831916809082,8.147831916809082
2017-11-14,8.093149772676043,8.211630671671124,8.093149772676043,8.202516555786133
2017-11-15,8.202516100012542,8.211630215391105,7.983782545946313,8.03846549987793
2017-11-16,8.175174563004497,8.19340192445787,8.047579556151371,8.166060447692871
2017-11-17,8.202516555786133,8.202516555786133,8.093149772676043,8.202516555786133
2017-11-20,8.202515902677012,8.311882677078989,8.074920897956442,8.220744132995605
2017-11-21,8.348338268546314,8.430363566640262,8.184287672358419,8.220744132995605
2017-11-22,8.23897274426453,8.275428341263355,8.074922123184818,8.175175666809082
2017-11-24,8.193401053983877,8.238970756530762,8.175173694466991,8.238970756530762
2017-11-27,8.20251568385533,8.211629798771485,7.97466802597046,7.974668025970459
2017-11-28,8.020237570311656,8.147831699896024,7.983781980549004,8.12960433959961
2017-11-29,8.211630294176437,8.211630294176437,8.047579692467863,8.111376762390137
2017-11-30,8.093149548327872,8.15694661941444,7.819732163547017,7.983782768249512
2017-12-01,7.919984881025727,8.020238415312958,7.37315097697229,7.655681610107422
2017-12-04,7.628339596129942,7.664795187171657,7.34580898284912,7.345808982849121
2017-12-05,7.354922294616699,7.446061707622326,7.31846670324842,7.354922294616699
2017-12-06,7.37315003424924,7.37315003424924,6.698720769645223,7.054162979125977
2017-12-07,7.017707796974758,7.263783253892447,6.95391072991994,7.081505298614502
2017-12-08,7.081505176121172,7.108847086232376,6.972138404846191,6.972138404846191
2017-12-11,6.972138404846191,7.063277380908675,6.972138404846191,6.972138404846191
2017-12-12,7.045049795188061,7.0632775909425805,6.826315811548901,6.8536577224731445
2017-12-13,6.844544070643901,6.926568934591378,6.707835384618197,6.789860248565674
2017-12-14,6.771632699309287,6.880999912863186,6.49821575188691,6.571126937866211
2017-12-15,6.55289875937379,6.7807464195693266,6.479987577644807,6.744290828704834
2017-12-18,6.826316060614945,6.9903666629761245,6.771632671356201,6.771632671356201
2017-12-19,6.662265451294405,6.771632222563566,6.6531517709811006,6.671379566192627
2017-12-20,6.707835224721812,6.7351767005242476,6.634924043135421,6.64403772354126
2017-12-21,6.607582321321194,6.726063212072855,6.607582321321194,6.689607620239258
2017-12-22,6.662265900171403,6.899227688471715,6.662265900171403,6.871885776519775
2017-12-26,6.753404427711314,7.026821790483682,6.744290747397525,6.972138404846191
2017-12-27,6.917455224906427,6.944796701245741,6.8445440418883505,6.8536577224731445
2017-12-28,6.926568955994378,7.154416621879621,6.880999683568291,6.990366458892822
2017-12-29,7.108847468049361,7.108847468049361,6.999480256315338,7.099733352661133
2018-01-02,7.108847086232376,7.127074881444872,6.935682814421199,6.972138404846191
2018-01-03,6.935683250427246,6.990366639502363,6.926569134955588,6.935683250427246
2018-01-04,6.9447970303229845,6.9447970303229845,6.698721558684294,6.707835674285889
2018-01-05,6.6622652840259775,6.762518372464796,6.534670720748785,6.562012195587158
2018-01-08,6.562012263523477,6.607581968172424,6.3797343140975125,6.498215198516846
2018-01-09,6.479987661228752,6.516443252563477,6.4617598655613895,6.516443252563477
2018-01-10,6.470873546102607,6.534671048230839,6.470873546102607,6.516443252563477
2018-01-11,6.58024032010678,6.58024032010678,6.452645750435244,6.516443252563477
2018-01-12,6.470873156246425,6.6075818328077025,6.470873156246425,6.589354038238525
2018-01-16,6.69872134016744,6.890113415708076,6.671379863424456,6.726063251495361
2018-01-17,6.698721230136873,6.798974323912616,6.589354455791479,6.75340461730957
2018-01-18,6.680493582877059,6.789860359652973,6.680493582877059,6.762518882751465
2018-01-19,6.75340485225858,6.990366639502363,6.75340485225858,6.935683250427246
2018-01-22,6.871885931915535,7.163531116129826,6.871885931915535,7.117961406707764
2018-01-23,7.291124741836412,7.291124741836412,7.0359351846547815,7.054162979125977
2018-01-24,7.0177081939263966,7.072392018187856,6.97213891982178,7.008594512939453
2018-01-25,7.045049585696178,7.045049585696178,6.917455019208702,6.972138404846191
2018-01-26,7.008593801630609,7.008593801630609,6.8536573293126715,6.926568508148193
2018-01-29,6.926569047915336,6.953910959401785,6.762518882751465,6.762518882751465
2018-01-30,6.653151783478589,6.808087825775146,6.653151783478589,6.8080878257751465
2018-01-31,6.73517664521322,6.744290760129132,6.16100087764321,6.206570148468018
2018-02-01,6.151886655249689,6.215684154791735,6.151886655249689,6.197456359863281
2018-02-02,6.106317242546468,6.133659153538676,5.83290030554905,5.851128101348877
2018-02-05,5.860241506745321,5.93315312110546,5.723533261959225,5.732646942138672
2018-02-06,5.7235334621087866,5.960494804664716,5.7235334621087866,5.9149250984191895
2018-02-07,5.83290030554905,5.896697373555981,5.83290030554905,5.851128101348877
2018-02-08,5.7235330024431486,5.7326466822093645,5.650621391388963,5.714418888092041
2018-02-09,5.714419629707937,5.832900524139404,5.5685972578445595,5.832900524139404
2018-02-12,5.832900195813288,5.951381083575625,5.832900195813288,5.878469467163086
2018-02-13,5.851128365224455,5.987837057180951,5.851128365224455,5.969609260559082
2018-02-14,6.1974566182215804,6.215684413909911,6.170114707396619,6.215684413909912
2018-02-15,6.243026141323064,6.288595849669744,6.0425203806845555,6.133659362792969
2018-02-16,6.0972031410347975,6.270367406471694,5.5959381392656296,5.623280048370361
2018-02-20,5.641508450312324,5.7053059553689405,5.313407678654651,5.331635475158691
2018-02-21,5.3863183575426135,5.44100174190623,5.286065703501771,5.395432472229004
2018-02-22,5.358977167539065,5.5139136487649285,5.349863052368164,5.349863052368164
2018-02-23,5.3680904786803225,5.46834356573592,5.295179300670761,5.322521209716797
2018-02-26,5.6141665782651184,5.6141665782651184,5.331635513146966,5.368091106414795
2018-02-27,5.3316352566112934,5.422774235395646,5.18581289055633,5.349863052368164
2018-02-28,5.322522086486333,5.395433276506424,5.322522086486333,5.386319160461426
2018-03-01,5.677963345709809,5.851127608515216,5.477457608800067,5.550368785858154
2018-03-02,5.4592299929297186,5.5959386825561515,5.3772051268218135,5.595938682556152
2018-03-05,5.541255186759766,5.659736077790107,5.468344002921075,5.586824893951416
2018-03-06,5.605052511657021,5.659735897796978,5.541255010534612,5.641508102416992
2018-03-07,5.605052524621996,5.750874887999179,5.605052524621996,5.741761207580566
2018-03-08,5.732647411503955,5.732647411503955,5.577710924503587,5.632394313812256
2018-03-09,5.650622367858886,5.687077962393333,5.650622367858886,5.650622367858887
2018-03-12,5.650622148508717,5.696191857200299,5.632394351949074,5.668849945068359
2018-03-13,5.6597364837849815,5.7144198755866515,5.650622367858886,5.650622367858887
2018-03-14,5.659735679626465,5.659735679626465,5.65062156499534,5.659735679626465
2018-03-15,5.623280090271778,5.659735679626465,5.623280090271778,5.659735679626465
2018-03-16,5.668849945068359,5.677964060640656,5.668849945068359,5.668849945068359
2018-03-19,5.677963991382422,5.7144195840570315,5.650622079583991,5.696191787719727
2018-03-20,5.659735679626465,5.705305383612276,5.65062156499534,5.659735679626465
2018-03-21,5.650622367858886,5.677964281052205,5.650622367858886,5.650622367858887
2018-03-22,5.650622367858886,5.650622367858886,5.650622367858886,5.650622367858887
2018-03-23,5.659735938163107,5.696191529183085,5.6506218231156495,5.677963733673096
2018-03-26,5.705305644230542,5.705305644230542,5.677963733673096,5.677963733673096
2018-03-27,5.7144196537599425,5.723533769332239,5.650622148508717,5.668849945068359
2018-03-28,5.650622079583991,5.696191787719727,5.650622079583991,5.696191787719727
2018-03-29,5.696191857200299,5.696191857200299,5.650622148508717,5.668849945068359
2018-04-02,5.650621782814524,5.659735897796978,5.623280307037007,5.641508102416992
2018-04-03,5.66885016512611,5.66885016512611,5.650622367858886,5.650622367858887
2018-04-04,5.650622148508717,5.668849945068359,5.650622148508717,5.668849945068359
2018-04-05,5.632394086194114,5.72353349927702,5.368090831257517,5.513913631439209
2018-04-06,5.459230279260556,5.66885016512611,5.459230279260556,5.650622367858887
2018-04-09,5.650622367858886,5.6597364837849815,5.623280889250535,5.650622367858887
2018-04-10,5.650622330898779,5.659736446765259,5.614166736602783,5.614166736602783
2018-04-11,5.668849591307052,5.741761207580566,5.5685969337777,5.741761207580566
2018-04-12,5.741760863010398,5.741760863010398,5.614165868127573,5.687077045440674
2018-04-13,5.6961911598972605,5.705305274353846,5.659735571240709,5.687077045440674
2018-04-16,5.7144195840570315,5.7144195840570315,5.696191787719727,5.696191787719727
2018-04-17,5.705306194245524,5.759989586047194,5.650622367858886,5.650622367858887
2018-04-18,5.668849359672684,5.668849359672684,5.65062156499534,5.659735679626465
2018-04-19,5.650622367858886,5.687077962393333,5.650622367858886,5.650622367858887
2018-04-20,5.650622110248479,5.659736225759064,5.632394313812256,5.632394313812256
2018-04-23,5.632393662455848,5.741760863010398,5.632393662455848,5.687077045440674
2018-04-24,5.805557987339071,5.896696959945473,5.805557987339071,5.823785781860352
2018-04-25,5.5959384365856835,5.860241688772985,5.5959384365856835,5.677963733673096
2018-04-26,5.7144195840570315,5.741761495855462,5.687077672258601,5.696191787719727
2018-04-27,5.887583279977283,5.887583279977283,5.823785781860352,5.823785781860352
2018-04-30,5.778216451666948,5.787330131538638,5.641507776912435,5.687077045440674
2018-05-01,5.632393662455848,5.6961911598972605,5.632393662455848,5.687077045440674
2018-05-02,5.732646748553811,5.805557925866912,5.687077045440675,5.687077045440674
2018-05-03,5.769102270444011,5.860241241030629,5.68707697962361,5.714418888092041
2018-05-04,5.696191501732735,5.787330478843474,5.687077386729199,5.741761207580566
2018-05-07,5.7144192566785215,5.7235333716175,5.650621755860433,5.705305576324463
2018-05-08,5.650622011317786,5.732647311137169,5.650622011317786,5.723533630371094
2018-05-09,5.741760863010398,5.741760863010398,5.659735571240709,5.687077045440674
2018-05-10,5.68707760355197,5.732647311137169,5.68707760355197,5.723533630371094
2018-05-11,5.687077386729199,5.741761207580566,5.687077386729199,5.741761207580566
2018-05-14,5.732646942138672,5.741761056903031,5.696191352251058,5.732646942138672
2018-05-15,5.741761207580566,5.924039161802044,5.741761207580566,5.741761207580566
2018-05-16,5.687077532752991,5.832900334459304,5.687077532752991,5.787330627441406
2018-05-17,5.723533452187781,5.77821683883667,5.668849630953966,5.77821683883667
2018-05-18,5.759988893149976,5.787330368469289,5.696191393096724,5.769102573394775
2018-05-21,5.769102337210362,5.769102337210362,5.687077045440675,5.687077045440674
2018-05-22,5.68707697962361,5.769102270444011,5.586824329270778,5.714418888092041
2018-05-23,5.668849251112399,5.723533068682122,5.668849251112399,5.687077045440674
2018-05-24,5.714419324693074,5.714419324693074,5.6506218231156495,5.677963733673096
2018-05-25,5.659735938163107,5.705305644230542,5.659735938163107,5.677963733673096
2018-05-29,5.677964281052205,5.696192078319428,5.650622367858886,5.650622367858887
2018-05-30,5.687077154350027,5.687077154350027,5.59593818096331,5.659735679626465
2018-05-31,5.677964060640656,5.696191857200299,5.659736264081014,5.668849945068359
2018-06-01,5.687077672258601,5.696191787719727,5.632394283246685,5.696191787719727
2018-06-04,5.687077672258601,5.7144195840570315,5.677963991382422,5.696191787719727
2018-06-05,5.696191787719727,5.705305903180852,5.668849875921296,5.696191787719727
2018-06-06,5.687077962393333,5.696192078319428,5.605053091983311,5.650622367858887
2018-06-07,5.6050521882558835,5.6961911598972605,5.6050521882558835,5.687077045440674
2018-06-08,5.6506218231156495,5.6870774141356275,5.6506218231156495,5.677963733673096
2018-06-11,5.677963365568985,5.705305274353846,5.668849251112399,5.687077045440674
2018-06-12,5.696191529183085,5.696191529183085,5.605052551633141,5.677963733673096
2018-06-13,5.605052295594435,5.659735679626465,5.605052295594435,5.659735679626465
2018-06-14,5.6323941665581305,5.650621962517803,5.559482982719439,5.586824893951416
2018-06-15,5.559483528137208,5.577711325885134,5.340749955162094,5.559483528137207
2018-06-18,5.459229752968304,5.814672417290475,5.459229752968304,5.677963733673096
2018-06-19,5.659735571240709,5.705305274353846,5.659735571240709,5.687077045440674
2018-06-20,5.650621755860433,5.705305576324463,5.486571598223103,5.705305576324463
2018-06-21,5.605052484920301,5.77821675749661,5.605052484920301,5.705305576324463
2018-06-22,5.677963474303809,5.8420136263999,5.65062156499534,5.659735679626465
2018-06-25,5.6961911598972605,5.6961911598972605,5.6506214567841235,5.687077045440674
2018-06-26,5.6870774141356275,5.6870774141356275,5.6506218231156495,5.677963733673096
2018-06-27,5.677964430791216,5.677964430791216,5.559483528137208,5.559483528137207
2018-06-28,5.605052689911089,5.623280485870762,5.495685914153052,5.586824893951416
2018-06-29,5.641507919157729,5.641507919157729,5.395432472229004,5.395432472229004
2018-07-02,5.395433024957583,5.468344211578369,5.395433024957583,5.468344211578369
2018-07-03,5.413660006000431,5.450115593818491,5.377204418182372,5.377204418182373
2018-07-05,5.322521036455284,5.377204418182372,5.249609860819166,5.377204418182373
2018-07-06,5.377204974354313,5.468343953326095,5.349863063370313,5.450116157531738
2018-07-09,5.431888118967906,5.586824593587765,5.3772047340288225,5.532141208648682
2018-07-10,5.486572083376059,5.586825183645153,5.468344286471219,5.541255474090576
2018-07-11,5.468344061506423,5.523027449971295,5.459229946136475,5.459229946136475
2018-07-12,5.504799804888762,5.550369513819229,5.468344211578369,5.468344211578369
2018-07-13,5.450115994257958,5.632393946740866,5.450115994257958,5.605052471160889
2018-07-16,5.595938369981323,5.705305576324463,5.595938369981323,5.705305576324463
2018-07-17,5.8329001816946615,6.069861522060845,5.8329001816946615,6.042520046234131
2018-07-18,5.951380947505973,6.015178012854047,5.741761087251767,5.93315315246582
2018-07-19,5.978722913137399,6.170114994049072,5.951381435627131,6.170114994049072
2018-07-20,6.188342070585997,6.288595157157664,6.188342070585997,6.252139568328857
2018-07-23,6.252140153003726,6.325051337479698,6.224798241532767,6.261253833770752
2018-07-24,6.288595334505553,6.325050924362462,6.188342245106598,6.197456359863281
2018-07-25,6.215684015945232,6.215684015945232,5.823785781860352,5.823785781860352
2018-07-26,5.987836837768554,5.987836837768554,5.987836837768554,5.987836837768555
2018-07-27,5.93315315246582,5.94226683269344,5.905811242613136,5.93315315246582
2018-07-30,5.969609330453122,5.969609330453122,5.942267417907715,5.942267417907715
2018-07-31,5.942267091303268,5.951381206512451,5.942267091303268,5.951381206512451
2018-08-01,5.951381206512451,6.015178274637,5.951381206512451,5.951381206512451
2018-08-02,5.9696086329251985,5.978722312985462,5.96049451828003,5.960494518280029
2018-08-03,5.951381352960831,6.015178422655264,5.951381352960831,5.996950626373291
2018-08-06,5.99695073819941,5.99695073819941,5.951381463937213,5.969609260559082
2018-08-07,5.96960889187107,5.996950367822766,5.9513810963749645,5.97872257232666
2018-08-08,5.951381206512451,5.951381206512451,5.933153410679019,5.951381206512451
2018-08-09,5.924039506554015,5.924039506554015,5.586825054327481,5.832900524139404
2018-08-10,5.914925219367826,5.99695051845306,5.914925219367826,5.987836837768555
2018-08-13,5.978722941577541,5.987837057180951,5.869356161846325,5.969609260559082
2018-08-14,5.933153667315343,5.969609260559082,5.924039551711933,5.969609260559082
2018-08-15,5.869355786727096,5.887583582184,5.63239401120242,5.878469467163086
2018-08-16,5.805557987339071,5.842013576381632,5.741760923807041,5.823785781860352
2018-08-17,5.696191512594046,5.887583582184,5.696191512594046,5.878469467163086
2018-08-20,5.924039295469836,5.987836798179317,5.924039295469836,5.951381206512451
2018-08-21,5.924039363861084,5.969609071263221,5.924039363861084,5.924039363861084
2018-08-22,5.924039334637269,5.987836837768554,5.924039334637269,5.987836837768555
2018-08-23,5.924039363861084,5.942267159904952,5.924039363861084,5.924039363861084
2018-08-24,5.969609260559082,5.969609260559082,5.951381463937213,5.969609260559082
2018-08-27,5.924039037653287,5.951380947505973,5.924039037653287,5.93315315246582
2018-08-28,5.951380947505973,5.951380947505973,5.842013742680146,5.93315315246582
2018-08-29,5.93315315246582,5.93315315246582,5.93315315246582,5.93315315246582
2018-08-30,5.842014037386836,5.842014037386836,5.286066043324347,5.586824893951416
2018-08-31,5.659736446765259,5.659736446765259,5.595938939454786,5.614166736602783
2018-09-04,5.586825001693026,5.6050527980042215,5.550369409070637,5.595938682556152
2018-09-05,5.559482805914597,5.677963693176963,5.267838079834831,5.641508102416992
2018-09-06,5.577710808212506,5.595938604268694,5.468344031875384,5.523027420043945
2018-09-07,5.523027420043945,5.523027420043945,5.523027420043945,5.523027420043945
2018-09-10,5.486571488268324,5.495685603024649,5.422773988728783,5.431888103485107
2018-09-11,5.404546705992705,5.5230276015439586,5.404546705992705,5.468344211578369
2018-09-12,5.468343667836038,5.495685577392578,5.4592295531222215,5.495685577392578
2018-09-13,5.559483270995415,5.559483270995415,5.504799880280897,5.541255474090576
2018-09-14,5.486571462678762,5.495685577392578,5.486571462678762,5.495685577392578
2018-09-17,5.422774044400896,5.568596839904786,5.422774044400896,5.568596839904785
2018-09-18,5.513913996025797,5.541255474090576,5.431888692661541,5.541255474090576
2018-09-19,5.495686453311955,5.559483528137208,5.495686453311955,5.559483528137207
2018-09-20,5.504799623987759,5.523027420043945,5.504799623987759,5.523027420043945
2018-09-21,5.541255730389281,5.559483528137208,5.541255730389281,5.559483528137207
2018-09-24,5.559483528137208,5.559483528137208,5.441002625483199,5.559483528137207
2018-09-25,5.513914251059881,5.559483528137208,5.495686453311955,5.559483528137207
2018-09-26,5.577711325885134,5.577711325885134,5.559483528137208,5.559483528137207
2018-09-27,5.532141290167726,5.605052471160889,5.532141290167726,5.605052471160889
2018-09-28,5.641508835295364,5.641508835295364,5.559483528137208,5.559483528137207
2018-10-01,5.687077771440726,5.687077771440726,5.4592300959582944,5.468344211578369
2018-10-02,5.4136606150420565,5.586824893951416,5.4136606150420565,5.586824893951416
2018-10-03,5.523027242102753,5.5777106285095215,5.3316351723866,5.5777106285095215
2018-10-04,5.441001799165297,5.532141208648682,5.3225213490897385,5.532141208648682
2018-10-05,5.532141357129676,5.5777106285095215,5.368090763324445,5.5777106285095215
2018-10-08,5.4501163120665925,5.623280594315416,5.4501163120665925,5.595938682556152
2018-10-09,5.568596580122676,5.568596580122676,5.550368785858154,5.550368785858154
2018-10-10,5.5594831948543515,5.5594831948543515,5.41366082161278,5.468344211578369
2018-10-11,5.441002214881609,5.441002214881609,5.204040862040699,5.295179843902588
2018-10-12,5.368091252340197,5.368091252340197,4.98530707803749,5.276952266693115
2018-10-15,5.286065932848298,5.286065932848298,5.213154315948486,5.213154315948486
2018-10-16,5.149357337426754,5.213154405758889,4.8759399644506685,4.985306739807129
2018-10-17,4.939737833551603,5.021763138441969,4.939737833551603,4.976193428039551
2018-10-18,5.003534906613029,5.0126490225274996,4.976193428039551,4.976193428039551
2018-10-19,4.948850764390888,4.976192673402948,4.857711791992187,4.8577117919921875
2018-10-22,4.9306235285537605,4.939737644118716,4.620750987289434,4.793915271759033
2018-10-23,4.657206716892126,4.766573499367665,4.657206716892126,4.739231586456299
2018-10-24,4.739231166563836,4.766573077052728,4.4840420300638195,4.575181007385254
2018-10-25,4.611637193730334,4.611637193730334,4.256194918992506,4.347333908081055
2018-10-26,4.429358815690557,4.429358815690557,3.9280937690780355,4.019232749938965
2018-10-29,4.028346521051913,4.210624467196156,3.6455623995640973,3.928093433380127
2018-10-30,3.846068403525285,4.046574592590332,3.8004991311631806,4.046574592590332
2018-10-31,4.001004987792477,4.001004987792477,3.8825245289581485,3.918980121612549
2018-11-01,3.9098657744332224,4.310877704450081,3.900752094102229,4.137713432312012
2018-11-02,4.174169204037998,4.174169204037998,4.037460516458185,4.0830302238464355
2018-11-05,4.07391610853481,4.19239700007631,4.001004924381561,4.0830302238464355
2018-11-06,4.064802614192548,4.183283511166782,4.064802614192548,4.128600120544434
2018-11-07,4.1832833902095015,4.192397071090564,4.055688381195068,4.055688381195068
2018-11-08,4.119485512011564,4.119485512011564,3.9918909491565557,4.028346538543701
2018-11-09,4.101257717317991,4.101257717317991,3.9645490398237437,4.028346538543701
2018-11-12,4.0101189613342285,4.0101189613342285,4.0101189613342285,4.0101189613342285
2018-11-13,4.0101189613342285,4.019232641882832,3.946321459154289,4.0101189613342285
2018-11-14,4.046574700314006,4.092143973889208,4.046574700314006,4.055688381195068
2018-11-15,3.991891604601754,4.028347199974694,3.94632189309309,3.973663806915283
2018-11-16,3.9827771958067886,4.101258089355215,3.9827771958067886,4.055688381195068
2018-11-19,4.010119180804483,4.028346977484209,3.946321675132962,3.991891384124756
2018-11-20,3.9280935954718266,4.073915958404541,3.9280935954718266,4.073915958404541
2018-11-21,4.019232749938965,4.101258050006271,4.010119069145342,4.019232749938965
2018-11-23,4.028346903966936,4.055688381195068,4.028346903966936,4.055688381195068
2018-11-26,4.037460551367858,4.037460551367858,3.7458158122331686,3.800499200820923
2018-11-27,3.782271908480127,3.9372084140777583,3.7731577918755606,3.937208414077759
2018-11-28,3.8734103624818617,4.821256628181216,3.8734103624818617,4.721003532409668
2018-11-29,4.76657282551654,4.8941673870332725,4.648091943958551,4.657206058502197
2018-11-30,4.657206385080218,4.766573159763704,4.502269903652814,4.648092269897461
2018-12-03,4.78480141223266,4.82125700727335,4.675434627110593,4.812143325805664
2018-12-04,4.693662026447133,4.78480100631714,4.693662026447133,4.784801006317139
2018-12-06,4.748345453082786,4.821256637573241,4.739231337729009,4.821256637573242
2018-12-07,4.839484621732487,4.866826534271239,4.748345637578242,4.86682653427124
2018-12-10,4.793915412279031,4.830371006437543,4.739231586456299,4.739231586456299
2018-12-11,4.739231248800366,4.739231248800366,4.584295201957894,4.648092269897461
2018-12-12,4.593408368065246,4.730117038399842,4.566066894749256,4.611636161804199
2018-12-13,4.602522917874146,4.6754340997312935,4.575181007385254,4.575181007385254
2018-12-14,4.575181007385254,4.575181007385254,4.292649960396345,4.575181007385254
2018-12-17,4.484042343607143,4.493156024684092,4.329105854034424,4.329105854034424
2018-12-18,4.392903177784034,4.529611430365051,4.329105674550606,4.3837890625
2018-12-19,4.365561266516869,4.46581436171656,4.329105674550606,4.3837890625
2018-12-20,4.4202448705302935,4.43847266740441,4.119486004814896,4.128600120544434
2018-12-21,4.137713417950926,4.292649894304339,3.900752080563583,4.0374603271484375
2018-12-24,4.019232641882832,4.247080305201994,3.8825243915592784,4.0101189613342285
2018-12-26,4.010118726437488,4.10125769950961,3.8278403457083408,3.928093433380127
2018-12-27,3.9280933860604215,4.18328294217313,3.9280933860604215,4.092143535614014
2018-12-28,4.010118785155828,4.064802169799805,3.937207605630525,4.064802169799805
2018-12-31,4.055688544106738,4.766573499367665,4.055688544106738,4.739231586456299
2019-01-02,4.730117484208287,5.951381083575625,4.730117484208287,5.878469467163086
2019-01-03,5.878469606892268,5.987836816818237,5.7417613550084425,5.787330627441406
2019-01-04,5.942267221211844,6.379734765362989,5.8784697171076346,6.2977094650268555
2019-01-07,6.306823171317403,6.3250509663669074,6.115431106005148,6.233911991119385
2019-01-08,6.215684848848443,6.215684848848443,5.787330968321482,6.078976154327393
2019-01-09,6.161001235903299,6.17011491676425,6.042520342616325,6.097203731536865
2019-01-10,6.106317563582721,6.315937443593857,6.069861970066432,6.243026256561279
2019-01-11,6.288595627740182,6.981252301904661,6.288595627740182,6.55289888381958
2019-01-14,6.370620914472651,6.562013000147234,6.2977097265175646,6.4161906242370605
2019-01-15,6.416189996375656,6.452645586785808,6.106317043304443,6.106317043304443
2019-01-16,6.078975240491406,6.31593656539917,6.078975240491406,6.31593656539917
2019-01-17,6.315937523506336,6.434418421225832,6.097203959641076,6.4161906242370605
2019-01-18,6.407076275465964,6.470873340987009,6.215684209732996,6.370620250701904
2019-01-22,6.206569913309628,6.29770888609103,6.033405647732514,6.124544620513916
2019-01-23,6.1063173242997575,6.2156845351479,5.924039363861084,5.924039363861084
2019-01-24,5.924038961544636,6.161000728607178,5.914924846849196,6.161000728607178
2019-01-25,6.097203145971946,6.334164475203591,6.097203145971946,6.124544620513916
2019-01-28,6.124545154459165,6.361506938934326,6.124545154459165,6.361506938934326
2019-01-29,6.32505121713048,6.32505121713048,6.133659144230276,6.151886940002441
2019-01-30,6.151886529640787,6.334164475203591,6.124544620513915,6.124544620513916
2019-01-31,6.124544745564552,6.243025629891961,6.124544745564552,6.197456359863281
2019-02-01,6.179228438767659,6.261253296978469,6.124544620513915,6.124544620513916
2019-02-04,6.142772772909584,6.188342479247342,6.015178203582764,6.015178203582764
2019-02-05,6.069861670237214,6.124545057810485,6.015178282663943,6.088089466094971
2019-02-06,6.033406149768691,6.142772926206718,6.024292469024658,6.024292469024658
2019-02-07,5.96049451828003,5.987836427630631,5.924038928869166,5.960494518280029
2019-02-08,5.869355946775424,6.015178314407009,5.851128150821476,5.987836837768555
2019-02-11,5.978722761549678,6.142772926206718,5.978722761549678,6.024292469024658
2019-02-12,6.015178163318872,6.115431255839915,5.97872257232666,5.97872257232666
2019-02-13,5.978722436636262,6.133658912129253,5.978722436636262,6.06986141204834
2019-02-14,6.106316825957635,6.233911822436499,6.106316825957635,6.124544620513916
2019-02-15,6.197456646725321,6.252140034041818,6.088089437507397,6.151886940002441
2019-02-19,6.069861412048341,6.069861412048341,6.069861412048341,6.06986141204834
2019-02-20,6.106317043304443,6.106317043304443,6.097203362994365,6.106317043304443
2019-02-21,6.133659400978749,6.170114994049072,6.133659400978749,6.170114994049072
2019-02-22,6.133658912129253,6.133658912129253,6.069861412048341,6.06986141204834
2019-02-25,6.097203731536864,6.097203731536864,6.097203731536864,6.097203731536865
2019-02-26,6.133658912129253,6.206570092458916,6.0425199367171745,6.06986141204834
2019-02-27,6.088089155707642,6.206570040035053,6.088089155707642,6.197456359863281
2019-02-28,6.124544866172605,6.315936933982835,6.124544866172605,6.306823253631592
2019-03-01,6.315937192369199,6.334164988402309,6.306823511645113,6.325051307678223
2019-03-04,6.270367703270467,6.343278884887694,6.270367703270467,6.343278884887695
2019-03-05,6.343278583197104,6.343278583197104,6.243025495949059,6.288595199584961
2019-03-06,6.243025570101724,6.7442905777109114,6.243025570101724,6.562012195587158
2019-03-07,6.634923877878774,6.634923877878774,6.498215198516845,6.498215198516846
2019-03-08,6.470873465921056,6.470873465921056,6.443531990051269,6.4435319900512695
2019-03-11,6.397962042802197,6.562012195587158,6.397962042802197,6.562012195587158
2019-03-12,6.507329097347509,6.507329097347509,6.4708735062373774,6.479987621307373
2019-03-13,6.470874015203375,6.543785203158461,6.2977097265175646,6.4161906242370605
2019-03-14,6.425304324080785,6.662265669595084,6.425304324080785,6.653151988983154
2019-03-15,6.63492433063824,6.817202292502639,6.598468303680419,6.59846830368042
2019-03-18,6.5893546400255945,6.798974514007568,6.5893546400255945,6.798974514007568
2019-03-19,6.771632514306482,6.771632514306482,6.616696465625837,6.625810146331787
2019-03-20,6.625810583028262,6.644038380226463,6.489101886749267,6.489101886749268
2019-03-21,6.552899000962343,6.662265777587891,6.416190312887939,6.662265777587891
2019-03-22,6.525556933104693,6.552898843898201,6.516443252563477,6.516443252563477
2019-03-25,6.48910152656178,6.598468303680419,6.461760049574591,6.59846830368042
2019-03-26,6.607582160134471,6.707835252523738,6.562012454161643,6.580240249633789
2019-03-27,6.5437846183776855,6.58935432406979,6.5437846183776855,6.5437846183776855
2019-03-28,6.5984682060703275,6.689607620239258,6.580240410153529,6.689607620239258
2019-03-29,6.616696072190814,6.698720932006836,6.443531803224907,6.698720932006836
2019-04-01,6.6440375472678515,6.698720932006836,6.6440375472678515,6.698720932006836
2019-04-02,6.6075825308558604,6.680493716835161,6.489101636347023,6.571126937866211
2019-04-03,6.616696678035614,6.616696678035614,6.50732946395874,6.50732946395874
2019-04-04,6.489101245377717,6.644037723541259,6.489101245377717,6.64403772354126
2019-04-05,6.562012426964108,6.644037723541259,6.534670951161672,6.64403772354126
2019-04-08,6.552899055711731,6.935683211684244,6.552899055711731,6.899227619171143
2019-04-09,6.935682946433176,7.272897381575274,6.935682946433176,7.181758403778076
2019-04-10,7.117960752804263,7.172644138336182,7.026821776917733,7.172644138336182
2019-04-11,7.145302981375338,7.145302981375338,6.853657810953,7.026822090148926
2019-04-12,7.026821804594555,7.16353048625527,7.026821804594555,7.072391510009766
2019-04-15,7.008594049528564,7.1544164123574285,6.990366254174956,7.108847141265869
2019-04-16,7.081505503895225,7.50985892850809,7.081505503895225,7.364036560058594
2019-04-17,7.473403688065014,7.755935192108154,7.354922790832078,7.755935192108154
2019-04-18,7.683023249540494,7.947326496115076,7.683023249540494,7.801504135131836
2019-04-22,7.883528456824348,8.175174044095378,7.837959621498399,8.12960433959961
2019-04-23,8.056693664852919,8.14783221038477,8.029352188110352,8.029352188110352
2019-04-24,7.983782340366593,8.156946182250977,7.9746682252227155,8.156946182250977
2019-04-25,8.10226343835799,8.111376684566672,8.020238138290685,8.03846549987793
2019-04-26,7.974668873680963,8.202516555786133,7.974668873680963,8.202516555786133
2019-04-29,8.156946504615775,8.658211558131022,8.156946504615775,8.649097442626953
2019-04-30,8.55795904329764,8.931629093736584,8.55795904329764,8.658211708068848
2019-05-01,9.569602049314058,13.169595027364895,9.569602049314058,11.848078727722168
2019-05-02,11.620230141562985,12.75035427614169,11.602001912374712,11.984786033630371
2019-05-03,12.021241943488326,12.759468731078295,12.021241943488326,12.741240501403809
2019-05-06,12.741241469598785,12.941747665405273,12.63187469075067,12.941747665405273
2019-05-07,12.941747025679366,14.09921356565427,12.905291434532039,13.761999130249023
2019-05-08,13.76199992117608,14.336175297452932,13.333646048699315,13.552379608154297
2019-05-09,13.588835092134032,13.816682765360076,12.595419097801301,12.941747665405273
2019-05-10,13.069342358702908,13.078456474011931,12.212634641391935,12.650102615356445
2019-05-13,12.622761310937,12.622761310937,11.975673891049553,11.993901252746582
2019-05-14,11.99390103690612,12.094154566530237,11.902762491721315,11.97567367553711
2019-05-15,11.875419348837553,12.167064933695407,11.866306103349661,12.057697296142578
2019-05-16,11.966559567401116,12.112381935119629,11.802508969132857,12.112381935119629
2019-05-17,12.12149546359918,12.577190775244489,12.039470168435852,12.13972282409668
2019-05-20,11.957445883155081,12.09415500969653,11.674915252808582,11.939218521118164
2019-05-21,12.030356608126406,12.030356608126406,11.70225628151955,11.775167465209961
2019-05-22,11.747825861392801,11.966559410095215,11.25567494222744,11.966559410095215
2019-05-23,11.711370982564231,11.756939822772644,10.964030008601458,11.74782657623291
2019-05-24,11.75693950218556,11.829850687534782,11.22833297381876,11.392383575439453
2019-05-28,11.337698502224798,11.437952022907657,11.16453467339863,11.374154090881348
2019-05-29,11.25567429517468,11.374154308700055,11.21010459118887,11.31947135925293
2019-05-30,11.355926599714788,11.674913648645287,11.355926599714788,11.428837776184082
2019-05-31,11.392384156638856,11.702257144766623,11.237447662574974,11.301244735717773
2019-06-03,11.310358174175017,11.756939397765114,10.982257843017576,10.982257843017578
2019-06-04,11.656687808244985,11.656687808244985,11.392384522099086,11.529092788696289
2019-06-05,11.638459192375818,11.638459192375818,11.310357997182846,11.574661254882812
2019-06-06,11.620232212541067,11.656687808244985,11.392384522099086,11.529092788696289
2019-06-07,11.45618064532755,11.45618064532755,11.328586505551357,11.392383575439453
2019-06-10,11.437953283575188,11.538205946137897,11.255675320202135,11.392383575439453
2019-06-11,11.3923833466484,11.3923833466484,11.17364979499352,11.310358047485352
2019-06-12,11.39238318618463,11.39238318618463,11.164535522460936,11.164535522460938
2019-06-13,11.283017373035516,11.346814446178314,10.964030268981654,11.301244735717773
2019-06-14,11.228333323419864,11.228333323419864,10.77263796621393,11.082510948181152
2019-06-17,10.964029750525414,11.100738875442474,10.927574157714844,10.927574157714844
2019-06-18,11.064282863323662,11.501749960471619,11.064282863323662,11.164535522460938
2019-06-19,11.073395960116427,11.37415480264612,11.073395960116427,11.155421257019043
2019-06-20,11.128079045820645,11.374154051099245,11.100737571716309,11.100737571716309
2019-06-21,11.118967119734714,11.529092788696289,11.118967119734714,11.529092788696289
2019-06-24,11.738712621839458,13.07845722862182,11.738712621839458,12.56807804107666
2019-06-25,12.79592460406275,13.370100813951636,12.759469013077892,13.224278450012207
2019-06-26,13.22427815254762,13.515922873866272,12.139722824096681,12.13972282409668
2019-06-27,12.303774240914809,12.513393681151069,12.094154800678547,12.19440746307373
2019-06-28,12.085040608180266,12.239977093093081,12.085040608180266,12.121496200561523
2019-07-01,12.121495145032997,12.30377309106669,11.984786033630373,11.984786033630371
2019-07-02,12.121495468358347,12.887063731290217,12.121495468358347,12.741240501403809
2019-07-03,12.82326656824635,13.196936607360838,12.759469498886281,13.19693660736084
2019-07-05,13.014658180137985,13.196936135484766,12.896177291870115,12.896177291870117
2019-07-08,12.85060854845333,13.032886505126953,12.85060854845333,13.032886505126953
2019-07-09,13.032886693083325,13.114911992061865,12.695672251081454,12.713899612426758
2019-07-10,12.713899336523337,13.060227886267144,12.713899336523337,12.896177291870117
2019-07-11,13.014659738303223,13.014659738303223,12.76858468641648,12.868837356567383
2019-07-12,12.80503904699879,12.996431121862711,12.80503904699879,12.914405822753906
2019-07-15,12.823266203074894,13.060227981335533,12.75946913553159,13.032886505126953
2019-07-16,12.905291190382554,13.488581506874644,12.905291190382554,13.479467391967773
2019-07-17,13.443013051171096,13.497696876525877,13.379215979232116,13.497696876525879
2019-07-18,13.497695886920319,14.181238873305476,13.415670589486924,13.898707389831543
2019-07-19,13.944276809692383,14.12655476181735,13.716429152243716,13.944276809692383
2019-07-22,14.035416526193929,14.080986235332658,13.825797080993652,13.825797080993652
2019-07-23,13.944276809692383,13.944276809692383,13.670859446920016,13.944276809692383
2019-07-24,13.807569291476431,14.126556396484375,13.807569291476431,14.126556396484375
2019-07-25,13.96250418299367,14.135668889546945,13.926048592535585,14.080985069274902
2019-07-26,13.652630522823804,13.944276100562073,13.652630522823804,13.698200225830078
2019-07-29,13.65263138171496,13.698201087588036,13.488581657409668,13.488581657409668
2019-07-30,13.406556795639167,13.534151802389548,13.379215318896183,13.452126502990723
2019-07-31,13.206049300721418,13.206049300721418,12.63187313079834,12.63187313079834
2019-08-01,12.404026724352592,12.4313690702958,11.848078727722168,11.848078727722168
2019-08-02,12.030356688160841,12.030356688160841,11.848078727722168,11.848078727722168
2019-08-05,11.684027618777337,11.802508505183686,11.210104942321777,11.210104942321777
2019-08-06,11.428838513357043,11.702255877337514,11.39238292277097,11.410611152648926
2019-08-07,11.39238401417942,11.492636680603026,11.14630810227158,11.492636680603027
2019-08-08,11.492635881681188,12.303773880004883,11.228332625692323,12.303773880004883
2019-08-09,12.103267205868702,12.303773385895289,11.86630630493164,11.86630630493164
2019-08-12,12.103267205868702,12.303773385895289,11.86630630493164,11.86630630493164
2019-08-13,11.693141961362974,11.902762262677067,11.693141961362974,11.893648147583008
2019-08-14,11.592888832092287,11.592888832092287,11.592888832092287,11.592888832092285
2019-08-15,11.711370663219714,11.711370663219714,11.392383575439453,11.392383575439453
2019-08-16,11.60200299940666,11.60200299940666,11.191877365112303,11.191877365112305
2019-08-19,11.456180640904943,11.711370658698591,11.182764130535858,11.255675315856934
2019-08-20,11.082510144864468,11.1098516209474,11.082510144864468,11.09162425994873
2019-08-21,11.073397344612111,11.146308535603815,11.073397344612111,11.118967056274414
2019-08-22,11.073395931700498,11.565546842683412,11.073395931700498,11.483522415161133
2019-08-23,11.26478898492859,11.26478898492859,10.799980378354268,10.818207740783691
2019-08-26,10.799978517282156,11.018712043762205,10.799978517282156,11.018712043762207
2019-08-27,10.936688423156738,10.954916654396886,10.918460191916589,10.936688423156738
2019-08-28,10.827321340346147,10.827321340346147,10.581245440507201,10.78175163269043
2019-08-29,10.508333504990704,11.328585576668,10.508333504990704,10.991371154785156
2019-08-30,11.018713574326217,11.018713574326217,10.927574157714844,10.927574157714844
2019-09-03,10.863776453970154,10.973143226023161,10.335169954462366,10.480992317199707
2019-09-04,10.4809926176339,10.517448209363224,10.4809926176339,10.499220848083496
2019-09-05,10.663270950317383,10.836435668983189,10.408081799260819,10.663270950317383
2019-09-06,10.60858843322707,10.745296695357109,10.60858843322707,10.626815795898438
2019-09-09,10.66327131616273,10.66327131616273,10.517448939127398,10.55390453338623
2019-09-10,10.55390324393761,10.727067947387695,10.55390324393761,10.727067947387695
2019-09-11,10.790866049915167,10.954916654396886,10.736182225364624,10.936688423156738
2019-09-12,10.973144752374052,10.991372984836666,10.854663848876953,10.854663848876953
2019-09-13,11.08251050468988,11.08251050468988,10.954916366046927,10.982257843017578
2019-09-16,10.845547609596245,10.964028489900347,10.836434364318848,10.836434364318848
2019-09-17,10.681499332592493,10.991372312132073,10.681499332592493,10.809093475341797
2019-09-18,10.827320982513935,10.918459525643453,10.827320982513935,10.891118049621582
2019-09-19,10.900232315063477,10.945802021841834,10.891118199873834,10.900232315063477
2019-09-20,10.845548629760742,10.845548629760742,10.845548629760742,10.845548629760742
2019-09-23,10.89111871422627,11.000485494157449,10.89111871422627,10.936688423156738
2019-09-24,11.064283051219165,11.064283051219165,10.845548629760742,10.845548629760742
2019-09-25,10.845548470791291,10.845548470791291,10.699726104736328,10.699726104736328
2019-09-26,10.57213224859458,10.663270795204085,10.490106948227105,10.517448425292969
2019-09-27,10.918458546961125,10.918458546961125,10.754408836364744,10.754408836364746
2019-09-30,10.845548236105191,10.845548236105191,10.590359101031028,10.617700576782227
2019-10-01,10.763523469568653,10.854662008923105,10.61770024209586,10.790864944458008
2019-10-02,10.772637635306472,10.772637635306472,10.389853477478027,10.389853477478027
2019-10-03,10.353398108002567,10.408081932801254,10.271373674559397,10.33517074584961
2019-10-04,10.371626480058056,10.371626480058056,10.280487060546875,10.280487060546875
2019-10-07,10.34428493625779,10.34428493625779,10.271373748779297,10.271373748779297
2019-10-08,10.043525911015239,10.098208866170188,10.043525911015239,10.061753273010254
2019-10-09,10.034410895598011,10.043525010363162,9.815677356253325,9.934157371520996
2019-10-10,9.533145918808083,9.925044163494793,9.533145918808083,9.669854164123535
2019-10-11,9.8885890422522,9.979727587059811,9.788335513042998,9.833905220031738
2019-10-14,9.578715691630016,9.65162687220512,9.578715691630016,9.606057167053223
2019-10-15,9.633398559677657,9.633398559677657,9.533145904541016,9.533145904541016
2019-10-16,9.214159241489842,9.633398979028136,9.214159241489842,9.296184539794922
2019-10-17,9.533146319527408,9.533146319527408,9.277957178599273,9.296184539794922
2019-10-18,9.40555177112153,9.460235595703125,9.40555177112153,9.460235595703125
2019-10-21,9.478462034290137,9.660740852355957,9.396437609164304,9.660740852355957
2019-10-22,9.533146190808802,9.569601781877731,9.487576484680176,9.487576484680176
2019-10-23,9.487576484680176,9.487576484680176,9.487576484680176,9.487576484680176
2019-10-24,9.478463172912598,9.478463172912598,9.478463172912598,9.478463172912598
2019-10-25,9.578715086707074,9.578715086707074,9.496689796447754,9.496689796447754
2019-10-28,9.47846295778372,9.48757707340897,9.387324409040936,9.460235595703125
2019-10-29,9.38732512914421,9.542261629979045,9.38732512914421,9.51491928100586
2019-10-30,9.524032882903219,9.53314699873533,9.478463172912598,9.478463172912598
2019-10-31,9.478463172912598,9.524032882903219,9.478463172912598,9.478463172912598
2019-11-01,9.478461935059737,9.624285161819728,9.478461935059737,9.524031639099121
2019-11-04,9.560487211555643,9.587829555432709,9.387323379516602,9.387323379516602
2019-11-05,9.423779487609863,9.423779487609863,9.396438011397512,9.423779487609863
2019-11-06,9.396439111119703,9.478463549356572,9.396439111119703,9.432894706726074
2019-11-07,9.396438598632812,9.405551845159895,9.396438598632812,9.396438598632812
2019-11-08,9.39643749414229,9.414664854223858,9.323525446306588,9.387323379516602
2019-11-11,9.305298410829874,9.305298410829874,9.0774507522583,9.0774507522583
2019-11-12,9.168591342901442,9.168591342901442,9.09567928314209,9.09567928314209
2019-11-13,9.095678768279955,9.104792883880211,9.022767581817703,9.059223175048828
2019-11-14,9.059222808923332,9.059222808923332,9.031881332397461,9.031881332397461
2019-11-15,9.050109562861287,9.050109562861287,9.031881332397461,9.031881332397461
2019-11-18,9.159476338134642,9.159476338134642,9.031881332397461,9.031881332397461
2019-11-19,9.059222808923332,9.113906631144944,9.022767217165548,9.031881332397461
2019-11-20,9.068336924155245,9.104792515913031,9.022767217165548,9.031881332397461
2019-11-21,9.113906260572584,9.24150126112174,8.977198014331929,9.004539489746094
2019-11-22,9.040995747746793,9.405551677426141,9.013654270313316,9.05010986328125
2019-11-25,9.050110511941382,9.387324988356857,9.03188227956597,9.369096755981445
2019-11-26,9.405551513915512,9.979727745056152,9.39643826770938,9.979727745056152
2019-11-27,10.079981017329601,11.073396100250012,10.070866902187339,11.027827262878418
2019-11-29,11.073395434292099,11.984786033630373,11.073395434292099,11.984786033630371
2019-12-02,12.030356134558126,12.258203791914037,12.030356134558126,12.212634086608887
2019-12-03,11.93010426376038,11.93010426376038,10.927574157714844,10.927574157714844
2019-12-04,10.863777450612133,10.882004813041558,10.654157133069273,10.818207740783691
2019-12-05,10.918459813856925,10.918459813856925,10.78175156096905,10.845548629760742
2019-12-06,10.672383546481669,10.799978538429762,8.685551837473009,10.754408836364746
2019-12-09,10.508334462740565,10.781751844886118,10.508334462740565,10.663270950317383
2019-12-10,10.526562410051715,10.77263743893003,10.526562410051715,10.708840370178223
2019-12-11,10.727068600775809,10.754410077502317,10.708840370178223,10.708840370178223
2019-12-12,10.690612139580635,10.754410077502317,10.663270662854128,10.708840370178223
2019-12-13,10.57213276510061,10.57213276510061,10.490107460725756,10.55390453338623
2019-12-16,10.499220547126797,10.5083337929205,10.207574952482268,10.480992317199707
2019-12-17,10.572132550871446,10.717954924951895,10.572132550871446,10.672385215759277
2019-12-18,10.699726908824578,10.872891633405635,10.672385430427017,10.69061279296875
2019-12-19,10.681498893451714,10.809093030955331,10.681498893451714,10.708840370178223
2019-12-20,10.799979414842657,10.799979414842657,10.681498527526855,10.681498527526855
2019-12-23,10.68149977241428,10.717955367439451,10.508335044167262,10.635930061340332
2019-12-24,10.708840581518102,10.708840581518102,10.544789979581758,10.590359687805176
2019-12-26,10.626814077882424,10.863775838490627,10.526561426472703,10.836434364318848
2019-12-27,10.772636432358304,11.200990250508548,10.672383780948584,10.836434364318848
2019-12-30,10.872890433351472,11.155421040339528,10.727068072432498,11.13719367980957
2019-12-31,11.255675894427164,11.301244735717772,11.064283805828834,11.301244735717773
2020-01-02,11.109852405525432,11.328586837145465,10.544790267944336,10.544790267944336
2020-01-03,10.56301821053908,10.635929396028592,10.517448502315665,10.590359687805176
2020-01-06,10.480992971054487,10.480992971054487,10.253145297770695,10.462764739990234
2020-01-07,10.335170023251234,10.435422681007958,10.298714432324257,10.417195320129395
2020-01-08,10.289599288435356,10.380738691224627,10.289599288435356,10.344283103942871
2020-01-09,10.435422245261075,10.599472832167214,10.335169591690551,10.45365047454834
2020-01-10,10.526562540704884,10.663270795204085,10.480992832815188,10.517448425292969
2020-01-13,10.508334094138426,10.508334094138426,10.4809926176339,10.499220848083496
2020-01-14,10.380739957670729,10.508334094138426,10.1255499463956,10.499220848083496
2020-01-15,10.143777530023325,10.480991949309425,10.143777530023325,10.45365047454834
2020-01-16,10.262259260924806,10.389853399800428,10.125550137482502,10.31694221496582
2020-01-17,10.344284344616527,10.344284344616527,10.18934786279384,10.298714637756348
2020-01-21,10.21668954778159,10.21668954778159,10.125550132200926,10.1802339553833
2020-01-22,10.034410777338314,10.12554931640625,10.034410777338314,10.12554931640625
2020-01-23,10.089093726945114,10.12554931640625,10.089093726945114,10.12554931640625
2020-01-24,10.171120128956467,10.244031315824477,10.134664535522461,10.134664535522461
2020-01-27,9.934157238136878,10.02529664622503,9.934157238136878,9.98884105682373
2020-01-28,9.9250442763262,9.961499866769417,9.9250442763262,9.94327163696289
2020-01-29,9.833905220031738,9.934157880071071,9.833905220031738,9.833905220031738
2020-01-30,9.624286276038198,9.633399522565279,9.396438598632812,9.396438598632812
2020-01-31,9.277958201614267,9.369096755981445,9.277958201614267,9.369096755981445
2020-02-03,9.31441379719513,9.369096755981445,9.31441379719513,9.369096755981445
2020-02-04,9.3052978515625,9.451120205216913,9.168589612303936,9.3052978515625
2020-02-05,9.296183737166652,9.496689908026363,9.141247269116393,9.3052978515625
2020-02-06,9.35998249053955,9.35998249053955,9.35998249053955,9.35998249053955
2020-02-07,9.305298369214142,9.341753959655762,9.18681748298642,9.341753959655762
2020-02-10,9.305298369214142,9.350868074558626,9.305298369214142,9.341753959655762
2020-02-11,9.296184254311278,9.341753959655762,9.296184254311278,9.341753959655762
2020-02-12,9.542259735511935,9.578715324401855,9.542259735511935,9.578715324401855
2020-02-13,9.496690506859762,9.496690506859762,9.27795696258545,9.27795696258545
2020-02-14,9.350868944577813,9.350868944577813,9.068337440490723,9.068337440490723
2020-02-18,9.022767439712833,9.022767439712833,8.913400661741937,8.977198600769043
2020-02-19,8.913401171445342,9.013654708862305,8.886059692681597,9.013654708862305
2020-02-20,8.785806785680542,8.794920032240846,8.384794385250066,8.530616760253906
2020-02-21,8.448591417501811,8.448591417501811,8.257199353602003,8.266312599182129
2020-02-24,8.093148403716555,8.238970756530762,8.093148403716555,8.238970756530762
2020-02-25,8.084034999439673,8.202515888800507,7.992896455510471,8.156946182250977
2020-02-26,8.275427223922746,8.275427223922746,8.156946332381246,8.166060447692871
2020-02-27,8.156946392289607,8.156946392289607,8.020238138290685,8.03846549987793
2020-02-28,7.974667971506975,7.974667971506975,7.792390020277924,7.801504135131836
2020-03-02,7.99289608001709,8.102262849096173,7.938212260892639,7.99289608001709
2020-03-03,7.892642327534036,7.929097916169559,7.7468199729919425,7.746819972991943
2020-03-04,7.792390445136832,7.792390445136832,7.6374539608521905,7.701251029968262
2020-03-05,7.537201223675699,7.537201223675699,7.0268220683720894,7.227327823638916
2020-03-06,7.108847164506235,7.974668098510555,7.108847164506235,7.610112190246582
2020-03-09,7.30935333656662,7.464288945445584,7.063277447017392,7.245555400848389
2020-03-10,7.473403744909148,7.473403744909148,7.2637838615122226,7.291125774383545
2020-03-11,7.291125151454939,7.300239266495021,6.93568292200529,6.981252193450928
2020-03-12,6.671379381853312,6.744290560684783,6.17011437550958,6.425303936004639
2020-03-13,6.388849065211388,6.507329526846848,6.24302625656128,6.243026256561279
2020-03-16,6.17922860280033,6.17922860280033,5.924039037653287,5.93315315246582
2020-03-17,5.71441974017416,6.10631758942529,5.71441974017416,5.942267417907715
2020-03-18,6.097203741725389,6.097203741725389,5.696191787719727,5.696191787719727
2020-03-19,5.924039119840904,6.024292211245067,5.705305576324463,5.705305576324463
2020-03-20,5.860241711675513,5.914925098419189,5.814672440014913,5.9149250984191895
2020-03-23,5.75087531666835,5.75087531666835,5.504799842834473,5.504799842834473
2020-03-24,5.787330301322175,6.033405749265483,5.741761031457065,5.796444416046143
2020-03-25,5.832900265768287,6.097203520355692,5.741761287390721,5.814672470092773
2020-03-26,6.1245450952605385,6.862771918476102,6.069861707352892,6.525557041168213
2020-03-27,7.127074651651341,7.190871715545654,6.8809992069242245,7.190871715545654
2020-03-30,7.436947923247827,7.436947923247827,6.0425204049313335,6.571126937866211
2020-03-31,6.862771987915039,6.862771987915039,6.862771987915039,6.862771987915039
2020-04-01,6.4799876279189785,6.880999565124513,6.4799876279189785,6.880999565124512
2020-04-02,6.90834109825801,6.90834109825801,6.388848702824923,6.75340461730957
2020-04-03,6.279481752425965,6.507329425652008,6.279481752425965,6.470873832702637
2020-04-06,6.826315436810939,6.826315436810939,6.534670720748785,6.562012195587158
2020-04-07,6.479987870685528,6.9174554154276935,6.479987870685528,6.899227619171143
2020-04-08,7.154416508998192,7.163530624090569,7.017707824707031,7.017707824707031
2020-04-09,7.00859480627696,7.0632781982421875,7.00859480627696,7.0632781982421875
2020-04-13,6.890113572959419,7.05416374091621,6.771632678809263,6.871885776519775
2020-04-14,7.081505326598887,7.081505326598887,6.97213855299993,7.017707824707031
2020-04-15,6.926568926115038,6.953910837120692,6.653151988983154,6.653151988983154
2020-04-16,6.835429668426515,6.835429668426515,6.835429668426515,6.835429668426514
2020-04-17,6.990366284332616,7.054163351053015,6.744290828704834,6.744290828704834
2020-04-20,6.871885443033754,6.88099955810375,6.479987621307373,6.479987621307373
2020-04-21,6.789860375175736,6.835430082895684,6.407076655584928,6.4617600440979
2020-04-22,6.407076383385488,6.644037723541259,6.407076383385488,6.64403772354126
2020-04-23,6.82631569085748,6.82631569085748,6.726063033272588,6.744290828704834
2020-04-24,6.789860655376907,6.835430364977407,6.762519177284575,6.817202568054199
2020-04-27,6.835430338211868,7.218214506685326,6.817202541360035,7.117961406707764
2020-04-28,6.999480509878369,7.29112569409266,6.99036682874493,7.117961406707764
2020-04-29,7.199985964138765,8.038464967067696,7.199985964138765,7.865301132202148
2020-04-30,7.95643983662123,8.047579247906839,7.901756885185738,8.011123657226562
2020-05-01,8.03846491818055,8.03846491818055,7.327580484322973,7.5280866622924805
2020-05-04,7.3549228467750245,7.3549228467750245,7.291125774383544,7.291125774383545
2020-05-05,7.11796120367655,7.47340344944122,7.11796120367655,7.336695194244385
2020-05-06,7.336695194244386,7.336695194244386,7.336695194244386,7.336695194244385
2020-05-07,7.136188496161714,7.473402921785634,7.127074815931699,7.300239086151123
2020-05-08,7.418720245361328,7.4278334913431685,7.418720245361328,7.418720245361328
2020-05-11,7.145303397963061,7.300239890202305,7.1361892821443,7.291125774383545
2020-05-12,7.172644471366887,7.364036546907522,6.726063251495361,6.726063251495361
2020-05-13,6.753404338372118,6.771632133343483,6.334164619445801,6.334164619445801
2020-05-14,6.288595091356106,6.3250506798034545,6.170114211609777,6.31593656539917
2020-05-15,6.315937163204991,6.64403792487088,6.297709367256049,6.388848781585693
2020-05-18,6.525556983736676,6.653151988983154,6.3706205020694755,6.653151988983154
2020-05-19,6.7716324527345755,6.8263158402278705,6.580240379215576,6.789860248565674
2020-05-20,6.835429445471636,7.108846797124461,6.789859742001198,7.054162979125977
2020-05-21,7.108847231427944,7.336694893530315,6.908341045410299,7.318466663360596
2020-05-22,6.926569363276588,7.254670143127441,6.908341566317372,7.254670143127441
2020-05-26,6.8901135037503956,7.063277785480101,6.8901135037503956,6.899227619171143
2020-05-27,6.899227033377326,7.02682159633949,6.899227033377326,6.926568508148193
2020-05-28,7.39137783541917,7.39137783541917,7.181758403778075,7.181758403778076
2020-05-29,7.099732775175012,7.41871983445778,6.926568508148193,6.926568508148193
2020-06-01,7.081505378196159,7.190872152591984,6.8992274208697815,7.154416561126709
2020-06-02,7.145302812659196,7.2273276753842115,7.108847221540317,7.181758403778076
2020-06-03,7.291125737045874,7.291125737045874,7.199986752249792,7.254670143127441
2020-06-04,7.364036354087844,7.500744603393073,7.364036354087844,7.482517242431641
2020-06-05,7.546314134241333,7.974667971506975,7.546314134241333,7.801504135131836
2020-06-08,7.91998561864731,8.175175666809082,7.847074424649659,8.175175666809082
2020-06-09,8.12049074674764,8.348338414699796,8.12049074674764,8.30276870727539
2020-06-10,8.166060311209685,8.220744132995605,8.166060311209685,8.220744132995605
2020-06-11,8.020237322343265,8.047578796527459,7.7468199729919425,7.746819972991943
2020-06-12,8.184287454023018,8.184287454023018,7.97466802597046,7.974668025970459
2020-06-15,7.783276121085376,7.938212601215554,7.765048760042338,7.819731712341309
2020-06-16,7.965554197917277,7.965554197917277,7.810617715442262,7.929098606109619
2020-06-17,7.947326145072218,7.956439390353753,7.7468199729919425,7.746819972991943
2020-06-18,7.7468199729919425,7.7468199729919425,7.70125026990509,7.746819972991943
2020-06-19,7.837960146504722,7.837960146504722,7.555428655042138,7.564542770385742
2020-06-22,7.3731503484337955,7.6739091873168945,7.3731503484337955,7.6739091873168945
2020-06-23,7.555428231041878,7.819731476984917,7.436947345733643,7.436947345733643
2020-06-24,7.373151187296777,7.373151187296777,7.0632781982421875,7.0632781982421875
2020-06-25,7.0632781982421875,7.190872779494384,7.0632781982421875,7.0632781982421875
2020-06-26,7.291125648047711,7.291125648047711,6.8080883826471705,6.844544410705566
2020-06-29,6.9083410411925446,7.00859413414016,6.880999565124513,6.880999565124512
2020-06-30,7.017707481692597,7.017707481692597,6.926568508148193,6.926568508148193
2020-07-01,7.108847141265869,7.108847141265869,7.108847141265869,7.108847141265869
2020-07-02,7.172644029889845,7.172644029889845,7.163530349731444,7.163530349731445
2020-07-06,7.108847141265869,7.108847141265869,7.108847141265869,7.108847141265869
2020-07-07,6.9721386819012965,7.054163546324532,6.826315879821777,6.826315879821777
2020-07-08,7.163530613808767,7.163530613808767,6.835429858897889,6.880999565124512
2020-07-09,6.83542972309637,6.953910609263754,6.634923975769573,6.671379566192627
2020-07-10,6.789860248565674,6.789860248565674,6.789860248565674,6.789860248565674
2020-07-13,6.880999565124513,6.880999565124513,6.880999565124513,6.880999565124512
2020-07-14,6.88099951173914,6.926568783027293,6.707835237840342,6.744290828704834
2020-07-15,7.017707935431489,7.017707935431489,6.935683071230557,6.990366458892822
2020-07-16,6.972138987862615,7.008594581336057,6.844544410705566,6.844544410705566
2020-07-17,6.844544453930264,7.117961406707764,6.835430338211868,7.117961406707764
2020-07-20,6.972138663005401,6.990366458892823,6.972138663005401,6.990366458892822
2020-07-21,7.035935671572099,7.282011131255173,7.035935671572099,7.154416561126709
2020-07-22,7.254669433926518,7.272897229103824,6.963024276504703,7.172644138336182
2020-07-23,7.172644138336182,7.172644138336182,7.172644138336182,7.172644138336182
2020-07-24,6.935682801031202,7.172644138336182,6.92656868615009,7.172644138336182
2020-07-27,7.054162979125977,7.054162979125977,7.054162979125977,7.054162979125977
2020-07-28,7.054162979125977,7.054162979125977,7.054162979125977,7.054162979125977
2020-07-29,6.999480435259297,7.045050144195556,6.999480435259297,7.045050144195557
2020-07-30,6.981252233507379,7.026821939799408,6.963024437907553,7.017707824707031
2020-07-31,7.154416540212195,7.154416540212195,6.835429898531064,6.917455196380615
2020-08-03,6.908340713439313,6.953910417503967,6.908340713439313,6.926568508148193
2020-08-04,6.944796302857074,6.944796302857074,6.926568508148193,6.926568508148193
2020-08-05,6.890113134887169,7.537200953815143,6.862771659258544,7.209099769592285
2020-08-06,7.336694883325777,7.336694883325777,7.045049719789814,7.181758403778076
2020-08-07,7.054163104707653,7.127074718475342,7.054163104707653,7.127074718475342
2020-08-10,7.3275808183829545,7.354922294616699,7.3275808183829545,7.354922294616699
2020-08-11,7.291125774383544,7.291125774383544,7.291125774383544,7.291125774383545
2020-08-12,7.455175916929117,7.455175916929117,7.0906195640563965,7.0906195640563965
2020-08-13,7.145302386066851,7.282010627308364,7.054162979125977,7.054162979125977
2020-08-14,7.2364420890808105,7.2364420890808105,7.2364420890808105,7.2364420890808105
2020-08-17,7.291125774383544,7.373151078412547,7.291125774383544,7.291125774383545
2020-08-18,7.427833741318978,7.427833741318978,7.291125486122144,7.336695194244385
2020-08-19,7.291125486122144,7.3640366714497745,7.291125486122144,7.336695194244385
2020-08-20,7.318466663360596,7.327580778445455,7.199986209351907,7.318466663360596
2020-08-21,7.291124971336194,7.336694676241011,7.291124971336194,7.300239086151123
2020-08-24,7.263783196231488,7.272897311215499,7.2364417204492995,7.245555400848389
2020-08-25,7.291125774383544,7.291125774383544,7.291125774383544,7.291125774383545
2020-08-26,7.29112551674538,7.300239632242086,7.263783604840208,7.272897720336914
2020-08-27,7.318467074857595,7.3640367836742975,7.309353828430177,7.309353828430176
2020-08-28,7.309353828430177,7.309353828430177,7.309353828430177,7.309353828430176
2020-08-31,7.236442050252381,7.336695146720956,7.18175866161087,7.199986457824707
2020-09-01,7.081505162449651,7.172644138336182,7.008593981740426,7.172644138336182
2020-09-02,7.063277760278106,7.163530856623901,7.008594371703565,7.099733352661133
2020-09-03,7.117961040635513,7.199986339542732,7.0906195640563965,7.0906195640563965
2020-09-04,7.108847141265869,7.108847141265869,7.035935525266515,7.108847141265869
2020-09-08,7.045050219300431,7.199986709833492,6.926569322471035,7.117961406707764
2020-09-09,7.0177077323188986,7.0177077323188986,6.461759756550789,6.5437846183776855
2020-09-10,6.534671048230839,6.607582230900288,6.470873546102607,6.516443252563477
2020-09-11,6.507329237961348,6.52555703391029,6.343279074420871,6.388848781585693
2020-09-14,6.37062063552145,6.37062063552145,5.741761449652288,6.060748100280762
2020-09-15,5.9696093126234375,6.015178587283071,5.504799842834473,5.504799842834473
2020-09-16,5.696191704322945,5.750875092534252,5.012648699804191,5.122015476226807
2020-09-17,5.122014802508147,5.304293173821656,4.957964659452381,5.039989948272705
2020-09-18,5.012648446434709,5.176698602776548,4.939737265838336,5.103787422180176
2020-09-21,5.103787694766227,5.103787694766227,4.657206472469717,4.821256637573242
2020-09-22,4.812143246739069,4.948851508602962,4.657206753069359,4.775687217712402
2020-09-23,4.875939527425591,4.875939527425591,4.465813939305501,4.5204973220825195
2020-09-24,4.584295492553705,4.657206680297827,4.374675610496877,4.566067695617676
2020-09-25,4.684547575132612,4.766572868424193,4.675433895091828,4.693661689758301
2020-09-28,4.8030282802017945,4.903281364453755,4.648091813971916,4.748344898223877
2020-09-29,4.638978263999807,4.657206058502197,4.465813998934648,4.657206058502197
2020-09-30,4.602522904691142,4.80302865422399,4.47492790222168,4.47492790222168
2020-10-01,4.474928379967893,4.474928379967893,4.174169506266951,4.237967014312744
2020-10-02,4.110371835409167,4.110371835409167,3.2172088082117565,3.4632842540740967
2020-10-05,3.508854282053623,5.094674404663491,3.508854282053623,4.374675750732422
2020-10-06,4.547839684075861,4.5842957142962595,4.146828132086249,4.347333908081055
2020-10-07,4.593409090610012,4.593409090610012,4.301763910325982,4.3929033279418945
2020-10-08,4.465814623520118,4.465814623520118,4.228852827262845,4.402017116546631
2020-10-09,4.402016665406189,4.402016665406189,3.918979875747225,4.0374603271484375
2020-10-12,4.073916686466258,4.137714198943224,3.9280942974731925,3.937208414077759
2020-10-13,4.028346455489394,4.028346455489394,3.7549291061380723,3.8734099864959717
2020-10-14,3.782271404625005,3.8734103856045956,3.6455627158631487,3.800499200820923
2020-10-15,3.8825242990707003,3.8825242990707003,3.7731570929982765,3.8369545936584473
2020-10-16,3.754929696792816,4.165055785333101,3.754929696792816,4.101258277893066
2020-10-19,4.028346911684699,4.183283398224103,4.028346911684699,4.155941486358643
2020-10-20,4.019232406452248,4.0921435849099455,3.855182254922429,3.928093433380127
2020-10-21,3.8551825696019484,3.9918912576614383,3.782271385192871,3.782271385192871
2020-10-22,3.864296315274277,3.864296315274277,3.636448860168457,3.636448860168457
2020-10-23,3.6091072930866512,3.645562887191772,3.6091072930866512,3.6455628871917725
2020-10-26,3.5453096964730424,3.8187268458832664,3.5453096964730424,3.7913849353790283
2020-10-27,3.645562588567357,3.645562588567357,3.5544236107701583,3.590879201889038
2020-10-28,3.454170800847407,3.645562887191772,3.454170800847407,3.6455628871917725
2020-10-29,3.6546765982985314,3.6546765982985314,3.5179677009582524,3.517967700958252
2020-10-30,3.4541705548683512,3.6820182190923054,3.4268288612365723,3.4268288612365723
2020-11-02,3.563537700425823,3.563537700425823,3.381259517724334,3.4541707038879395
2020-11-03,3.3994873855654957,3.517968065566348,3.3994873855654957,3.4086012840270996
2020-11-04,3.4906261167536896,3.5088539123535156,3.408601036554471,3.5088539123535156
2020-11-05,3.4268288321542975,3.517967810153429,3.4268288321542975,3.5088539123535156
2020-11-06,3.46328442335395,3.517967810153429,3.46328442335395,3.5088539123535156
2020-11-09,3.4997400834794443,3.7822713554260083,3.48151228752063,3.663790464401245
2020-11-10,3.6455623995640973,3.946321227994551,3.6455623995640973,3.928093433380127
2020-11-11,3.8551826547981936,4.028346938889005,3.8551826547981936,3.9554357528686523
2020-11-12,3.900751895265062,3.900751895265062,3.85518219217821,3.8734099864959717
2020-11-13,3.8187266860277846,3.9827768384311484,3.809612571379589,3.9463212490081787
2020-11-16,4.010119608574291,4.092144485090391,3.9372084140777583,3.937208414077759
2020-11-17,3.8096124253130705,3.9645488917126377,3.8096124253130705,3.8187265396118164
2020-11-18,3.7731577918755606,4.155941997567356,3.7731577918755606,3.937208414077759
2020-11-19,3.937208120570945,4.019232990972341,3.8369550183192747,3.8825247287750244
2020-11-20,3.8278405699279423,4.073916028929239,3.7731571828815347,4.0101189613342285
2020-11-23,3.9827771914652774,4.092143969428479,3.827840705391603,3.918980121612549
2020-11-24,3.7731573164100025,4.092143969428479,3.7731573164100025,3.918980121612549
2020-11-25,3.855182469286756,3.9645492430545533,3.8460683541803085,3.9098658561706543
2020-11-27,3.8187269639984356,4.101258019884748,3.8187269639984356,4.0830302238464355
2020-11-30,3.973663630119272,4.474928261487452,3.973663630119272,4.265308380126953
2020-12-01,4.374675750732422,4.584295639508871,4.329106039639074,4.374675750732422
2020-12-02,4.37467564487117,4.857712484763947,4.37467564487117,4.739231586456299
2020-12-03,4.7665733756613164,4.784801172267509,4.3929033279418945,4.3929033279418945
2020-12-04,4.374675138764539,4.59340867841031,4.374675138764539,4.465814113616943
2020-12-07,4.4658145166624195,4.638978801802743,4.301763912537402,4.529611587524414
2020-12-08,4.429359029416686,4.520498014675267,4.3382200441581045,4.402017116546631
2020-12-09,4.484041775618789,4.602522656705969,4.34733310010165,4.556952953338623
2020-12-10,4.511383759932581,4.602523176969561,4.511383759932581,4.593409061431885
2020-12-11,4.593409061431885,4.593409061431885,4.556953468451072,4.593409061431885
2020-12-14,4.593408365606167,4.620750273492401,4.411130428314209,4.411130428314209
2020-12-15,4.429358885946223,4.4931559562683105,4.3564477001010085,4.4931559562683105
2020-12-16,4.429358893018227,4.593409061431885,4.392903300037415,4.593409061431885
2020-12-17,4.447586834366569,4.629864805207427,4.447586834366569,4.602523326873779
2020-12-18,4.602522479763206,4.602522479763206,4.392902634585013,4.411130428314209
2020-12-21,4.556953372566773,4.556953372566773,4.256194519510956,4.319991588592529
2020-12-22,4.347333683359092,4.429358986591231,4.247080583251472,4.265308380126953
2020-12-23,4.402017260392247,4.556953757687208,4.39290357886106,4.547839641571045
2020-12-24,4.556952953338623,4.556952953338623,4.438472072251443,4.556952953338623
2020-12-28,4.55695317143148,4.830370535551336,4.429358604315175,4.53872537612915
2020-12-29,4.438472030624544,4.547838796178581,4.4293583507874885,4.5204973220825195
2020-12-30,4.556953721362556,4.556953721362556,4.4658147338523,4.511384010314941
2020-12-31,4.511384010314941,4.529611807816993,4.474928415310839,4.511384010314941
2021-01-04,4.556953351758114,4.611636739829019,4.484042167663574,4.484042167663574
2021-01-05,4.429358885946223,4.566067576698472,4.429358885946223,4.4931559562683105
2021-01-06,4.566067597654553,4.848598661393914,4.511383773434722,4.793915271759033
2021-01-07,4.830370941230897,5.00353479385376,4.8212568255218216,5.00353479385376
2021-01-08,5.012648987480757,5.276952262962946,5.012648987480757,5.176699161529541
2021-01-11,5.1949269586460725,5.1949269586460725,5.012648987480757,5.176699161529541
2021-01-12,5.194926520369765,5.249610341690856,5.149357248715425,5.213154315948486
2021-01-13,5.231381924422284,7.00859388541625,5.2131541294954955,6.9994797706604
2021-01-14,7.108847227087775,8.038465235929564,6.589354401360962,6.880999565124512
2021-01-15,7.236441940277698,7.236441940277698,6.735176900137662,6.826315879821777
2021-01-19,6.598468213319022,6.871885586956302,6.52555702957173,6.826315879821777
2021-01-20,7.10884702899754,7.172644094435176,6.707835102966329,6.835429668426514
2021-01-21,6.981252476346266,6.981252476346266,6.798974514007568,6.798974514007568
2021-01-22,6.981252155670779,7.026821861454734,6.525556836170913,6.64403772354126
2021-01-25,6.507329405979799,6.826316060614945,6.434418220301473,6.771632671356201
2021-01-26,6.653151997124902,6.789860248565674,6.452645808397888,6.789860248565674
2021-01-27,6.826315790979932,7.172644343857173,6.616696357727051,6.616696357727051
2021-01-28,6.826316135011961,6.826316135011961,6.616696691194699,6.707835674285889
2021-01-29,6.634924422804412,7.154416838626722,6.598468395340177,6.871885776519775
2021-02-01,6.826315753616392,7.017707824707031,6.78986016241674,7.017707824707031
2021-02-02,7.099733695776131,7.555429057171697,6.981252797512893,7.491631984710693
2021-02-03,7.546314560535498,7.546314560535498,7.263783502877725,7.400492191314697
2021-02-04,7.39137786320671,7.8197317123413095,7.373150502163671,7.819731712341309
2021-02-05,7.65568237549592,8.156947489537082,7.382265830718922,7.874416828155518
2021-02-08,7.965554967136415,8.512389766228003,7.965554967136415,8.421250343322754
2021-02-09,8.339223943110374,8.603527191876445,8.339223943110374,8.412135124206543
2021-02-10,8.421250122006313,8.512389542516354,8.202516555786133,8.202516555786133
2021-02-11,7.783276594215966,8.521503448486328,7.783276594215966,8.521503448486328
2021-02-12,8.512387617137563,8.512387617137563,8.339222931169816,8.403020858764648
2021-02-16,8.238971286395602,8.567071601328362,8.229857171466122,8.412135124206543
2021-02-17,8.248084910575567,8.475932555236938,8.21162932219654,8.43947696685791
2021-02-18,8.248085609303633,8.248085609303633,8.111376489423767,8.220744132995605
2021-02-19,8.202515737493771,8.202515737493771,7.865301305919409,8.147831916809082
2021-02-22,8.047579096570525,8.047579096570525,7.983782031372221,8.002009391784668
2021-02-23,7.919984205643362,8.00200950154909,7.919984205643362,7.974668025970459
2021-02-24,7.901756844980888,8.00200950154909,7.901756844980888,7.974668025970459
2021-02-25,7.983782989565953,8.211630671671124,7.774162670060833,8.202516555786133
2021-02-26,8.184287071228027,8.184287071228027,8.184287071228027,8.184287071228027
2021-03-01,8.202515550681683,8.384793500196201,8.002009371630804,8.330110549926758
2021-03-02,8.320995572692532,8.475932031013258,8.320995572692532,8.403020858764648
2021-03-03,8.40302246636379,8.40302246636379,8.211630385303154,8.384794235229492
2021-03-04,8.211629770051564,8.403021836772261,8.074920654296875,8.074920654296875
2021-03-05,8.02023785270032,8.184287577823453,7.746820485268635,8.08403491973877
2021-03-08,7.919984629623161,8.430363793042078,7.919984629623161,8.375679969787598
2021-03-09,8.339224037560356,8.567071698358944,8.339224037560356,8.548844337463379
2021-03-10,8.548845218057842,8.548845218057842,8.421250201966254,8.475934028625488
2021-03-11,8.41213541703604,8.54884453822763,8.11137656725236,8.293655395507812
2021-03-12,8.339224233401806,8.430363647529534,8.047579498864874,8.293655395507812
2021-03-15,8.248085105999307,8.45770452685283,8.14783158370431,8.320996284484863
2021-03-16,8.375680116864848,8.375680116864848,8.202516266996346,8.248085975646973
2021-03-17,8.311883338896223,8.311883338896223,8.193402439901144,8.202516555786133
2021-03-18,8.248085975646973,8.375680116864848,8.248085975646973,8.248085975646973
2021-03-19,8.220744561469898,8.220744561469898,8.020238363364072,8.120491027832031
2021-03-22,8.02935190104207,8.175174264015437,7.701250715182151,7.847073078155518
2021-03-23,7.7285923560484875,7.7285923560484875,7.4278335086985265,7.692136764526367
2021-03-24,7.88352974839179,7.88352974839179,7.482518195304458,7.6830244064331055
2021-03-25,7.573656997313178,7.65568142910446,7.482517580874122,7.537201404571533
2021-03-26,7.537201293524808,7.683023662342962,7.518973062837599,7.564542770385742
2021-03-29,7.619225724107611,7.77416220826937,7.564542770385742,7.564542770385742
2021-03-30,7.664795241522087,8.084034976059518,7.537201106556253,7.956439971923828
2021-03-31,8.184288549169702,8.20251678144115,7.883529670050456,7.947327613830566
2021-04-01,7.947326509583712,8.029351805068254,7.719478852868799,7.9382123947143555
2021-04-05,8.129604938067141,8.384794085191658,8.020238160728063,8.375679969787598
2021-04-06,8.375680343417127,8.475933878994224,8.375680343417127,8.466819763183594
2021-04-07,8.448591878023025,8.448591878023025,8.08403509068199,8.293655395507812
2021-04-08,8.16606050766817,8.275427284701285,8.03846549987793,8.03846549987793
2021-04-09,8.065807614994338,8.065807614994338,7.90175701955843,7.956439971923828
2021-04-12,7.90175646152219,7.974667638973507,7.883528232574463,7.883528232574463
2021-04-13,7.865301629603737,7.865301629603737,7.6374539608521905,7.701251029968262
2021-04-14,7.728592542064764,8.16606052002931,7.728592542064764,8.102263450622559
2021-04-15,8.065808931001415,8.065808931001415,7.646569128061353,7.874416828155518
2021-04-16,7.938212260892639,8.175174028482227,7.801504016836241,7.99289608001709
2021-04-19,8.07492142080921,8.07492142080921,7.7285928448598415,7.755935192108154
2021-04-20,7.701250929912457,7.719479160377299,7.045049843650842,7.427833557128906
2021-04-21,7.5645421426940205,7.619225091878399,7.382264196796414,7.5554280281066895
2021-04-22,7.4551759937721265,7.673909546999359,7.318466871127698,7.564542770385742
2021-04-23,7.646568585986779,7.837960675264659,7.537201801995125,7.737707138061523
2021-04-26,7.792390126625427,7.865301308112111,7.664795124438809,7.847073078155518
2021-04-27,7.938212737425132,8.658211328961446,7.938212737425132,8.567071914672852
2021-04-28,8.649097184355783,9.050109562861287,8.649097184355783,9.031881332397461
2021-04-29,9.050110511941382,9.70631123239692,9.050110511941382,9.369096755981445
2021-04-30,9.387324349629672,10.007069432335992,9.387324349629672,9.724538803100586
2021-05-03,9.888588642504809,12.759468767531452,9.888588642504809,11.875419616699219
2021-05-04,11.875419266010157,12.157950734239735,11.210104545694724,11.984786033630371
2021-05-05,9.93415849912365,10.818207740783693,9.678969340922269,10.818207740783691
2021-05-06,12.896177541436767,14.418200019083775,12.868836064898101,13.980732917785645
2021-05-07,14.263263475220366,14.263263475220366,12.723013642915092,13.306303977966309
2021-05-10,13.570607251093197,14.381744382869542,13.424784015274545,13.579720497131348
2021-05-11,13.32453134742598,13.67085990259203,12.896177493777202,13.443012237548828
2021-05-12,13.443012465628524,13.679974249894611,13.242506273621075,13.52503776550293
2021-05-13,13.215163996174205,13.616175486726837,12.74124045635127,13.470353126525879
2021-05-14,13.342759267857234,13.46124015522758,13.10579749311654,13.28807544708252
2021-05-17,13.133139610290527,13.351873165731797,12.568077490815634,13.133139610290527
2021-05-18,12.841494788133872,13.333645719335566,12.622761234081981,12.9235200881958
2021-05-19,12.850608479304466,13.12402497825872,12.759469066873145,13.096683502197266
2021-05-20,13.032885819811856,13.889592605714148,12.950860526329441,13.853137016296387
2021-05-21,13.72554426460458,14.3544034624286,13.62529073177285,13.679974555969238
2021-05-24,14.008073888188484,14.117440659561407,13.443011801510133,13.479467391967773
2021-05-25,13.433897715419777,13.433897715419777,13.078455924987793,13.078455924987793
2021-05-26,13.078456805293007,13.670860408667298,13.051114458673347,13.142253875732422
2021-05-27,13.142254240175829,13.616176962183474,12.932633922795008,13.169595718383789
2021-05-28,12.987316147812637,13.397441747067493,12.987316147812637,13.124024391174316
2021-06-01,13.342759043114443,13.643517879384843,12.62276048519896,12.741240501403809
2021-06-02,12.48605194077642,12.640988423411015,11.766053349956193,11.775167465209961
2021-06-03,11.556433797517965,12.249090035587004,11.556433797517965,12.103267669677734
2021-06-04,11.87541971340307,12.367570620820171,11.684027645564763,12.012128829956055
2021-06-07,11.939218430107589,11.939218430107589,11.501750445347561,11.665801048278809
2021-06-08,11.665800668918608,11.838964512582779,11.574661254882812,11.574661254882812
2021-06-09,11.674914360046387,11.747825540958463,11.538205243958869,11.674914360046387
2021-06-10,11.811623084407731,12.112381935119629,11.529091595075712,12.112381935119629
2021-06-11,12.121496102965116,12.139723464424046,11.57466135247922,11.848078727722168
2021-06-14,11.829850116153787,12.157951303547907,11.647572161584748,11.756938934326172
2021-06-15,11.848078222537252,11.948330879211426,11.848078222537252,11.948330879211426
2021-06-16,11.556434137339783,11.939218293692482,11.556434137339783,11.857192993164062
2021-06-17,11.984786594829933,12.112381597613185,11.756938934326172,11.756938934326172
2021-06-18,11.939218041856128,11.939218041856128,11.538205663102469,11.574661254882812
2021-06-21,11.437953099442684,11.939218142526443,11.437953099442684,11.848078727722168
2021-06-22,11.81162430727913,12.030357881502642,11.50175130921084,11.529092788696289
2021-06-23,11.529091412092832,11.75693907532921,11.419724638039753,11.629344940185547
2021-06-24,11.583775163862187,11.829850186705489,11.583775163862187,11.69314193725586
2021-06-25,11.620230825055327,11.866306718552147,11.529091412092832,11.629344940185547
2021-06-28,11.693142357973503,11.77516765826248,11.456180572509766,11.456180572509766
2021-06-29,11.61111622866236,11.665800048007267,11.328585624694824,11.328585624694824
2021-06-30,11.365041628287592,11.365041628287592,10.854662482777059,11.09162425994873
2021-07-01,10.98225800015553,11.292130974156267,10.98225800015553,11.264788627624512
2021-07-02,11.255674569118364,11.838964012989612,11.255674569118364,11.7387113571167
2021-07-06,11.784281032172848,11.838963982811471,11.529091031959837,11.53820514678955
2021-07-07,11.483521847614082,11.829849508933506,11.483521847614082,11.647571563720703
2021-07-08,11.529090493803817,13.03288547288896,11.447066071674625,12.63187313079834
2021-07-09,12.9235211843033,13.625291613699526,12.631875551661661,12.868837356567383
2021-07-12,12.823265544426825,13.078455539832298,12.805038184280612,12.987316131591797
2021-07-13,12.923520314650668,13.114912395092247,12.905292083575329,13.005545616149902
2021-07-14,12.941746997999275,13.21516436560437,12.896177291870115,12.896177291870117
2021-07-15,12.823265730026023,12.83237984481595,12.604532190086731,12.73212718963623
2021-07-16,12.841494082334366,12.841494082334366,12.540735244750977,12.540735244750977
2021-07-19,13.39744244216553,13.406556557307793,12.896177408549264,13.233392715454102
2021-07-20,13.242506440028292,14.053644464438214,12.86883639738919,13.871366500854492
2021-07-21,13.953391603292683,14.327061640616865,13.834910711356013,14.263263702392578
2021-07-22,14.436427860822944,14.901237295313571,12.558962762048763,13.28807544708252
2021-07-23,13.397443026659973,13.488582443719046,13.03288709676347,13.142253875732422
2021-07-26,13.133139221443,13.133139221443,12.814153013161533,12.905291557312012
2021-07-27,12.896176862966604,13.042000091564063,12.394912719726562,12.394912719726562
2021-07-28,12.413140931553642,13.069342463160188,12.349343862220325,13.06022834777832
2021-07-29,12.923519938025967,13.078456420971515,12.896177592209785,12.914405822753906
2021-07-30,12.859721117485854,13.078455523150083,12.759468463885032,12.850607872009277
2021-08-02,12.759469836146614,12.759469836146614,12.294660369229067,12.75035572052002
2021-08-03,12.759468463885032,13.907820834235439,12.759468463885032,12.850607872009277
2021-08-04,12.95086139174182,13.607062914280531,12.95086139174182,13.515923500061035
2021-08-05,13.260734534651602,13.634404573449386,12.768583603449908,12.9235200881958
2021-08-06,12.777696761948558,12.777696761948558,12.121495279763758,12.322001457214355
2021-08-09,12.349343178182473,12.540735244750977,12.212634062536493,12.540735244750977
2021-08-10,12.659216925471068,12.659216925471068,11.875420380231128,12.33111572265625
2021-08-11,12.139723639568246,12.349343948974395,11.8754203758265,12.19440746307373
2021-08-12,12.413140428249308,12.413140428249308,11.620230674743652,11.620230674743652
2021-08-13,11.629344039972343,11.65668551407668,11.073395228442184,11.100737571716309
2021-08-16,10.96402932605244,11.118965806791465,10.936687849795511,11.027827262878418
2021-08-17,11.191876479113928,11.829849734085911,10.9366873509591,11.128079414367676
2021-08-18,11.246561325295842,11.246561325295842,10.936688349655096,11.00048542022705
2021-08-19,10.936688487261009,11.146307932731954,10.6632711012455,10.809093475341797
2021-08-20,10.699726104736328,10.900232292646834,10.508334031996723,10.699726104736328
2021-08-23,10.754410594219866,10.982258272617873,10.58124587190223,10.882004737854004
2021-08-24,10.772637069882965,10.845548251435789,10.672384412540293,10.681498527526855
2021-08-25,10.672385216918997,11.00048555863566,10.590359914197354,10.809093475341797
2021-08-26,10.681498527526855,10.982257368724717,10.681498527526855,10.681498527526855
2021-08-27,10.681499318454877,10.681499318454877,10.116437184994675,10.33517074584961
2021-08-30,11.164534812502529,11.164534812502529,10.198460397312493,10.380739212036133
2021-08-31,10.672385202793444,10.672385202793444,10.079981591518854,10.33517074584961
2021-09-01,10.298714787859396,10.480992748786932,10.298714787859396,10.307828903198242
2021-09-02,10.253144981360474,10.344284395529405,9.93415790093909,10.034411430358887
2021-09-03,9.934158554793894,10.46276510575827,9.934158554793894,10.353398323059082
2021-09-07,10.471878794092246,10.672384988773347,10.28048671488981,10.590359687805176
2021-09-08,10.754409709079681,10.836435005619068,10.58124500101434,10.681498527526855
2021-09-09,10.590360492208532,10.790866702119319,10.581246376037598,10.581246376037598
2021-09-10,10.818207820083142,11.70225706822343,10.809093704216663,11.228333473205566
2021-09-13,11.246560180543556,11.31947135925293,11.246560180543556,11.31947135925293
2021-09-14,11.2101056120664,11.829850687534782,11.073396487659192,11.392383575439453
2021-09-15,11.756939205871138,11.766053321102557,11.383269173081649,11.437952995300293
2021-09-16,11.401498272564952,11.474409461633845,11.237447662574974,11.301244735717773
2021-09-17,11.191877796871053,11.383269882814568,10.818207740783693,10.818207740783691
2021-09-20,10.48099250044177,10.48099250044177,10.162005424499512,10.162005424499512
2021-09-21,10.162006162850307,10.353398248487851,10.162006162850307,10.280487060546875
2021-09-22,10.180232526590089,10.344283103942871,10.180232526590089,10.344283103942871
2021-09-23,10.262259558897965,10.462764888430033,10.207575734099278,10.33517074584961
2021-09-24,10.198461618437845,10.344284861511042,10.198461618437845,10.33517074584961
2021-09-27,10.426309518895353,10.55390453338623,10.38985392463652,10.55390453338623
2021-09-28,10.480991338957015,10.51744692623877,10.344283103942871,10.344283103942871
2021-09-29,10.234916561027935,10.426308631896973,10.234916561027935,10.426308631896973
2021-09-30,10.326054875717112,10.60858632902804,10.052637536519065,10.344283103942871
2021-10-01,10.271373748779297,10.426309370293659,10.253145517324715,10.271373748779297
2021-10-04,10.244030546867647,10.244030546867647,9.751879637866384,9.879474639892578
2021-10-05,9.879476629446692,10.043527255207326,9.779223082961854,9.815679550170898
2021-10-06,9.751879692077637,10.016182943396299,9.751879692077637,9.751879692077637
2021-10-07,9.843019198976693,9.888588905334473,9.843019198976693,9.888588905334473
2021-10-08,9.833905149278742,9.89770221710205,9.75187985112314,9.89770221710205
2021-10-11,9.888589001337918,10.672384655455769,9.888589001337918,10.234916687011719
2021-10-12,10.234916986973257,10.316942287783604,10.207575509759772,10.253145217895508
2021-10-13,10.271373169351572,10.508334080704303,10.225803462455708,10.435422897338867
2021-10-14,10.891118765042714,10.891118765042714,10.38985370280855,10.471879005432129
2021-10-15,10.380739784704106,10.380739784704106,10.207575074997736,10.289600372314453
2021-10-18,10.353398249012812,10.380740596369506,10.143778800964355,10.143778800964355
2021-10-19,10.134664826052951,10.134664826052951,10.061753637094796,10.089095115661621
2021-10-20,10.207573999758967,10.344283103942871,10.207573999758967,10.344283103942871
2021-10-21,10.007069671690653,10.207575873123465,9.751880513884293,10.143778800964355
2021-10-22,10.162005424499512,10.344284250277864,10.116436587224781,10.162005424499512
2021-10-25,10.271372543420611,10.271372543420611,10.07998048145719,10.12554931640625
2021-10-26,10.11643664920562,10.11643664920562,9.915930461122898,9.96150016784668
2021-10-27,9.94327163696289,10.016182817849323,9.94327163696289,9.94327163696289
2021-10-28,9.970613706888825,10.05263900756836,9.943272229718943,10.05263900756836
2021-10-29,10.025297393313169,10.107322692871094,9.91593061695923,10.107322692871094
2021-11-01,10.262259176664978,10.48099272937286,10.016183277991205,10.107322692871094
2021-11-02,10.034411289458495,10.2075751309441,10.034411289458495,10.162005424499512
2021-11-03,10.162006304619776,10.162006304619776,10.007069810791211,10.089095115661621
2021-11-04,10.16200535862589,10.16200535862589,10.04352533947579,10.152892112731934
2021-11-05,10.098208291518937,10.16200535862589,10.034411224411983,10.152892112731934
2021-11-08,10.162004298364332,10.681497503591551,10.162004298364332,10.344283103942871
2021-11-09,10.344284634166979,10.435423181268561,10.143778439871676,10.253145217895508
2021-11-10,10.32605619306038,10.435422968858077,10.216689417262682,10.371625900268555
2021-11-11,10.435422681007958,10.435422681007958,10.244030611348867,10.417195320129395
2021-11-12,10.02529759974917,10.02529759974917,9.833905519896252,9.852133750915527
2021-11-15,10.007069813226058,10.007069813226058,9.706310941408002,9.952386856079102
2021-11-16,10.052638395260615,10.052638395260615,9.797449262488923,9.806563377380371
2021-11-17,9.906816554729527,9.906816554729527,9.815678008531089,9.843019485473633
2021-11-18,9.897702439358719,10.02529744704039,9.833905370102825,9.843019485473633
2021-11-19,9.815677990188725,9.979727720707311,9.642513275146483,9.642513275146484
2021-11-22,9.551373914612428,9.551373914612428,9.16859062843175,9.378210067749023
2021-11-23,9.277956644629562,9.369095183702283,8.968083699608721,9.12302017211914
2021-11-24,9.013653594931263,9.469348907470703,9.013653594931263,9.469348907470703
2021-11-26,9.287069890117966,9.287069890117966,9.10479194280271,9.12302017211914
2021-11-29,9.40555112433021,9.40555112433021,8.676439307847128,8.94985580444336
2021-11-30,8.76757726226916,8.940741958946882,8.43947696685791,8.43947696685791
2021-12-01,8.603526776894327,8.62175500587407,8.05669294504902,8.184287071228027
2021-12-02,8.120490877856144,8.320997072258857,7.728592604516725,8.111376762390137
2021-12-03,8.147831919080549,8.175174264015437,7.755934535882085,7.847073078155518
2021-12-06,7.910871355667533,8.084035201888465,7.5736569094279105,7.90175724029541
2021-12-07,7.783275796484148,7.837959615672387,7.591883733080037,7.828845500946045
2021-12-08,7.774161480051598,8.229856774507585,7.774161480051598,8.184287071228027
2021-12-09,8.111377423230609,8.55795955657959,8.111377423230609,8.55795955657959
2021-12-10,8.603527714829154,8.703781246807527,8.293655610920238,8.311882972717285
2021-12-13,8.220744095312728,8.220744095312728,7.837959952075513,7.956439971923828
2021-12-14,7.837960495513256,7.8470737420927765,7.655681657204177,7.755935192108154
2021-12-15,7.710364938573512,7.8197317123413095,7.610112279912161,7.819731712341309
2021-12-16,8.20251568385533,8.211629798771485,7.81973154907516,7.974668025970459
2021-12-17,7.865301105854846,7.9655537605285645,7.810617286561113,7.9655537605285645
2021-12-20,7.819731830686643,7.938212721354001,7.692136824774904,7.929098606109619
2021-12-21,7.828845836957995,8.093149091177038,7.828845836957995,7.956439971923828
2021-12-22,7.910871226562379,8.53973040108793,7.910871226562379,8.093149185180664
2021-12-23,7.974668678484465,8.658211708068848,7.427833907148996,8.658211708068848
2021-12-27,8.658210986566617,8.749350397251042,8.448591558830211,8.740236282348633
2021-12-28,8.630870109565052,9.05010986328125,8.630870109565052,9.05010986328125
2021-12-29,8.940742224803886,9.296184004776181,8.758463408318816,9.12302017211914
2021-12-30,9.113906283519205,9.141247759002209,7.7468203409913245,8.074920654296875
2021-12-31,7.938212407712021,8.193401540283006,7.82884563661017,8.074920654296875
2022-01-03,7.974668365455341,8.074921026291339,7.974668365455341,8.029352188110352
2022-01-04,7.929098584769901,7.929098584769901,7.591884144164143,7.728592395782471
2022-01-05,7.5554287663574105,7.728592614587749,7.491631696352005,7.537201404571533
2022-01-06,7.5554287663574105,7.564542881835295,7.491631696352005,7.537201404571533
2022-01-07,7.518973350524902,7.564543059816612,7.473403641233193,7.518973350524902
2022-01-10,7.473403005237538,7.473403005237538,7.33669475816636,7.37315034866333
2022-01-11,7.3549228467750245,7.3549228467750245,7.254670180278423,7.291125774383545
2022-01-12,7.1999863955529095,7.364036560058594,7.163530803440536,7.364036560058594
2022-01-13,7.345809254898993,7.600998401641847,7.2911254317262975,7.600998401641846
2022-01-14,7.719478892729147,7.719478892729147,7.336694757937961,7.6739091873168945
2022-01-18,7.373150280248373,7.491631165556608,7.373150280248373,7.436947345733643
2022-01-19,7.40960615624024,7.455175862988972,7.327580857926495,7.391377925872803
2022-01-20,7.364036233746628,7.37315034866333,7.327580643249658,7.37315034866333
2022-01-21,7.336694933517489,7.382264640020303,7.336694933517489,7.354922294616699
2022-01-24,7.336695306052237,7.336695306052237,7.20910029519945,7.309353828430176
2022-01-25,7.382264906698828,7.591884347346306,7.300239605864636,7.473403453826904
2022-01-26,7.683024180650665,8.002010416667172,7.683024180650665,7.737707138061523
2022-01-27,7.910871505737305,8.011124169222814,7.573657053100701,7.910871505737305
2022-01-28,7.436947053392697,7.910870575996054,7.427832938918834,7.883528232574463
2022-01-31,8.202515571340545,8.202515571340545,8.002009391784668,8.002009391784668
2022-02-01,7.8926425564839,7.99289608001709,7.765048427143213,7.99289608001709
2022-02-02,7.847072786233959,8.111376026583214,7.847072786233959,8.056693077087402
2022-02-03,8.020238464652419,8.020238464652419,7.5098592818928465,7.755935192108154
2022-02-04,7.910871058469219,7.929098419358812,7.582769870758057,7.582769870758057
2022-02-07,7.655680788894313,7.99289608001709,7.655680788894313,7.99289608001709
2022-02-08,7.992896532916559,8.50327481753838,7.992896532916559,8.229857444763184
2022-02-09,8.357452530018653,8.585300197970808,8.202516046277596,8.30276870727539
2022-02-10,8.639983441998632,9.460235595703125,8.539730777630599,9.460235595703125
2022-02-11,9.332640144951451,9.560487809833097,9.205046008886441,9.35998249053955
2022-02-14,9.296184531147121,9.323526007500092,8.958970092227602,9.159476280212402
2022-02-15,9.14124753226576,9.387323413018716,9.040994878534823,9.12302017211914
2022-02-16,8.95896947233043,9.314412117004395,8.95896947233043,9.314412117004395
2022-02-17,9.462849544586197,9.546345418983705,9.110311899770396,9.184530258178711
2022-02-18,9.119590220640672,9.268026950558097,9.082481038161315,9.101036071777344
2022-02-22,9.06392603986051,9.268026081993124,8.934043470978525,8.952597618103027
2022-02-23,8.95259781437401,9.203085441690952,8.64644685971062,8.71138858795166
2022-02-24,8.470177822126566,8.618614529914787,8.423791129754605,8.46090030670166
2022-02-25,8.544396228719535,8.55367374420166,8.470177874367671,8.55367374420166
2022-02-28,8.405236786040646,8.516564314264373,8.182580844840643,8.42379093170166
2022-03-01,8.331017770842175,8.590782895029566,8.331017770842175,8.50728702545166
2022-03-02,8.44234649932519,8.44234649932519,7.904262969627815,8.303186416625977
2022-03-03,8.191858291625977,8.460900037107653,8.145471600732058,8.191858291625977
2022-03-04,8.164027388032263,8.293909072875977,8.164027388032263,8.293909072875977
2022-03-07,8.303186587091462,8.303186587091462,7.802212225544955,8.154749870300293
2022-03-08,8.219690166886442,8.247522713001056,7.802211707445442,8.136195182800293
2022-03-09,8.238245102279608,8.238245102279608,7.802211617142208,7.857875823974609
2022-03-10,7.9413716079493915,7.969203268695286,7.653774831066676,7.718715667724609
2022-03-11,7.820766727494614,7.839320873459756,7.653774990045528,7.783657550811768
2022-03-14,7.681607333189401,7.783658241689692,7.4775072856941005,7.607388973236084
2022-03-15,7.579556691186343,7.792934237459016,7.022918594564453,7.449674129486084
2022-03-16,7.570279285014294,8.024866930396911,7.347624220102716,7.421842575073242
2022-03-17,7.032195776722699,7.561001777648926,7.032195776722699,7.561001777648926
2022-03-18,7.561001553447619,7.709439143900598,7.514615746480653,7.690884113311768
2022-03-21,7.8857079146185,8.256799697875977,7.672330360433601,8.256799697875977
2022-03-22,8.080531666549062,9.15669876863323,8.071254150383906,8.896934509277344
2022-03-23,8.674278913909292,8.859824802413497,7.997035314928212,8.45162296295166
2022-03-24,8.627892520572027,9.082480184400705,8.024867256026482,8.813438415527344
2022-03-25,8.674278678225582,9.101034652566412,8.535118602064026,9.026815414428711
2022-03-28,8.841269773995078,9.509235857574971,8.61861470771931,9.156698226928711
2022-03-29,9.351521543713543,9.67622750922894,8.943320592689474,9.444294929504395
2022-03-30,9.602009630166252,9.722613799015296,9.02681602537289,9.184530258178711
2022-03-31,9.277302278640725,9.314411452365189,8.934042200501317,9.110310554504395
2022-04-01,9.017539220861932,9.527791088678931,8.841269959464782,9.054648399353027
2022-04-04,9.054648451339597,9.509236111653632,9.054648451339597,9.286581039428711
2022-04-05,9.583454671529038,9.583454671529038,9.063926158694946,9.462849617004395
2022-04-06,9.258747910069479,9.611285527983801,9.230916248978298,9.314412117004395
2022-04-07,9.19380805761191,9.407186508178711,8.934043795174311,9.407186508178711
2022-04-08,9.351521280772003,9.351521280772003,8.998983663332863,9.175252914428711
2022-04-11,9.156697700188035,9.537066971049809,9.156697700188035,9.277302742004395
2022-04-12,9.323689701007295,9.481403922940698,8.767051166565567,8.887656211853027
2022-04-13,9.008260547950243,9.435016488157817,8.822714679327927,9.110310554504395
2022-04-14,8.887655490068068,9.425738950111668,8.887655490068068,8.971151351928711
2022-04-18,9.10103516654833,9.10103516654833,8.544396599971005,8.720664978027344
2022-04-19,8.535119107525285,8.813438391578279,8.479455781566253,8.767051696777344
2022-04-20,8.767051746291079,8.998984336853027,8.767051746291079,8.998984336853027
2022-04-21,9.017538972906069,9.165975682788872,8.655723829002302,8.924765586853027
2022-04-22,8.748496427443783,8.77632808685303,8.609336360892552,8.776328086853027
2022-04-25,8.442346460854157,8.998984134856649,8.405237282587324,8.822715759277344
2022-04-26,8.943319767799402,8.943319767799402,8.071252853009042,8.117639541625977
2022-04-27,8.136194570973748,8.358849614632032,7.87642946861992,8.117639541625977
2022-04-28,7.894985804922643,8.173305097945393,7.607388995690185,7.653775691986084
2022-04-29,7.8671530193951815,8.024867251200508,7.737271335380877,7.922817230224609
2022-05-02,8.08053089455442,8.61861439418929,7.978480880745239,7.997035026550293
2022-05-03,8.191858961752311,9.332967758178711,8.191858961752311,9.332967758178711
2022-05-04,9.351521320446293,9.60200892524966,9.082479569779284,9.360798835754395
2022-05-05,9.277303031208577,9.592731475830078,8.924765409852343,9.592731475830078
2022-05-06,9.592732137187141,9.592732137187141,9.054648595059856,9.091757774353027
2022-05-09,9.501982761900727,9.740486344368298,8.567048245521994,8.967734336853027
2022-05-10,8.729230761470355,9.063136141123545,8.557508800631226,8.624289512634277
2022-05-11,8.65291062343708,9.253939825910283,8.328545570373535,8.328545570373535
2022-05-12,8.175902934522496,8.214063473278696,7.861078262329101,7.861078262329102
2022-05-13,7.994640687034598,8.099581942263974,7.679816011527448,7.765677452087402
2022-05-16,7.8419991130552935,8.070962365014214,7.765678029068986,8.042342185974121
2022-05-17,8.042341068790142,8.280844650570927,7.794297125381574,7.937398910522461
2022-05-18,7.994640602885303,7.994640602885303,7.784757184816702,7.861078262329102
2022-05-19,7.889699784029436,8.090041941187954,7.889699784029436,7.956480503082275
2022-05-20,7.889699348760508,8.042341503785305,7.737056283916701,7.861078262329102
2022-05-23,8.175902953723545,8.29992493242721,7.975559897328242,8.204524040222168
2022-05-24,8.004180476310099,8.853252639247659,8.004180476310099,8.767391204833984
2022-05-25,8.528887845913559,9.120377540588379,8.471647494699207,9.120377540588379
2022-05-26,9.063136548352356,9.29209977963838,8.528888098865961,8.939114570617676
2022-05-27,8.605209956697406,8.967734612552706,8.595669594748847,8.881874084472656
2022-05-31,8.977274974501263,9.301640002200314,8.595669594748847,8.881874084472656
2022-06-01,8.643370666181559,8.834173359843833,8.299924907770457,8.547968864440918
2022-06-02,8.576589540964987,8.986816038615238,8.538429000008154,8.671991348266602
2022-06-03,8.404867214823499,8.948655128479004,8.366706675440991,8.948655128479004
2022-06-06,8.681530938615161,9.024975776672363,8.404866813836557,9.024975776672363
2022-06-07,8.452567739188915,8.977275871118655,8.433487923205169,8.929574966430664
2022-06-08,8.691070320419795,8.958194991013858,8.433486921412847,8.48118782043457
2022-06-09,8.490727795628795,8.68153140347405,8.44302780348651,8.557509422302246
2022-06-10,8.366707084452834,8.62429051042214,8.366707084452834,8.528888702392578
2022-06-13,8.586129035828527,8.614749211198644,8.137742042541504,8.137742042541504
2022-06-14,8.166363652334415,8.261764546302974,8.166363652334415,8.21406364440918
2022-06-15,8.261764452164043,8.261764452164043,8.032801217465593,8.061421394348145
2022-06-16,8.070961650588327,8.070961650588327,7.737056255340576,7.737056255340576
2022-06-17,7.765677077072294,7.765677077072294,7.679815640658705,7.698895454406738
2022-06-21,7.784756728598796,8.080501568991766,7.698895293974419,7.8133769035339355
2022-06-22,7.918319409011363,7.918319409011363,7.756136894226074,7.756136894226074
2022-06-23,7.861078233294911,7.966020396851123,7.479472847142346,7.737056255340576
2022-06-24,7.861078214345118,7.889699300601822,7.641655345291082,7.784757137298584
2022-06-27,7.794297125381574,7.937398910522461,7.794297125381574,7.937398910522461
2022-06-28,7.775216335266397,7.908778667449951,7.775216335266397,7.908778667449951
2022-06-29,7.670275153677291,7.937398910522461,7.536713275254706,7.937398910522461
2022-06-30,7.7656776229527,7.7656776229527,7.536713928058192,7.651196002960205
2022-07-01,7.651196002960206,7.651196002960206,7.651196002960206,7.651196002960205
2022-07-05,7.698895826196871,7.794297629001046,7.698895826196871,7.765677452087402
2022-07-06,7.784756728598796,7.8133769035339355,7.698895293974419,7.8133769035339355
2022-07-07,7.8229178256231515,7.8229178256231515,7.546253688576861,7.7179765701293945
2022-07-08,7.717976440942452,7.8229176946796555,7.498553116449974,7.737056255340576
2022-07-11,7.746596598775316,7.803837861469719,7.517633367635711,7.784757137298584
2022-07-12,7.632115129353128,7.784757286369147,7.536713781218116,7.7179765701293945
2022-07-13,7.632114994479027,7.698895709538636,7.431771939481192,7.613034725189209
2022-07-14,7.593954192884347,7.698895442888972,7.431771682083305,7.574873924255371
2022-07-15,7.460392493353828,7.62257455317738,7.3554507858954725,7.412691593170166
2022-07-18,7.593954210104963,7.660734923003073,7.498552866743742,7.527173042297363
2022-07-19,7.546253661787944,7.593954563140869,7.393611505313799,7.593954563140869
2022-07-20,7.632114994479027,7.6511957186783475,7.546253555220097,7.613034725189209
2022-07-21,7.756137155678136,7.861078411798266,7.708436253871158,7.794297695159912
2022-07-22,7.737056496220198,7.822917938232422,7.660735416613563,7.822917938232422
2022-07-25,7.937398878187223,8.109121747511894,7.584413687767921,8.032800674438477
2022-07-26,7.9373991516869715,8.271304540252808,7.918319337670661,8.242684364318848
2022-07-27,8.185443255752425,8.80555223489588,8.061421277959933,8.643370628356934
2022-07-28,8.70061090184792,8.70061090184792,8.299924795659878,8.44302749633789
2022-07-29,8.347625565890404,8.681530952453613,8.299924666407232,8.681530952453613
2022-08-01,8.824632954974662,9.063136548352356,8.729231153695983,8.939114570617676
2022-08-02,8.920034408569334,9.187158167991113,8.824632611009214,8.920034408569336
2022-08-03,8.958194748438055,9.034515820878552,8.834172778267511,8.910493850708008
2022-08-04,8.986815864047246,8.986815864047246,8.958195686340332,8.958195686340332
2022-08-05,8.853253344732396,9.139457845644964,8.853253344732396,8.900954246520996
2022-08-08,9.101296898144774,9.377961024332295,9.101296898144774,9.320720672607422
2022-08-09,9.320720527336979,9.358881064498464,9.053595857387618,9.16807746887207
2022-08-10,9.234859040839895,9.311180114746094,8.87233348487596,9.311180114746094
2022-08-11,9.39939129589998,9.458198224884782,8.644695207747178,8.879925727844238
2022-08-12,8.860322597659199,9.203366436399424,8.821117667636253,9.18376350402832
2022-08-15,9.066149401123354,9.066149401123354,8.438869538492616,8.487875938415527
2022-08-16,8.360459600282812,8.438869465594404,8.193838402815851,8.272248268127441
2022-08-17,8.321254964055143,8.527081101510046,8.135031760986115,8.184038162231445
2022-08-18,8.233042892995313,8.389863549909656,8.11542810134901,8.213440895080566
2022-08-19,8.046819908443668,8.11542830494541,8.046819908443668,8.076223373413086
2022-08-22,8.03701863474191,8.086025034013126,7.301925449831626,7.439143180847168
2022-08-23,7.625366697616204,7.791987423753409,7.350931708204971,7.399938106536865
2022-08-24,7.497950659297731,7.772385189528112,7.429341793060304,7.429341793060303
2022-08-25,7.4489439128619805,8.164434605848966,7.4489439128619805,7.919403553009033
2022-08-26,7.939006918691459,8.546683850695299,7.899801985488609,8.20363998413086
2022-08-29,8.066422045631175,8.409465903480474,7.919403783535368,8.34085750579834
2022-08-30,8.193838736402396,8.233043670654297,8.105628335375139,8.233043670654297
2022-08-31,8.095826471747499,8.135031404079863,7.75278261279982,7.890000343322754
2022-09-01,7.939006598844841,8.056621393714927,7.850795269012451,7.850795269012451
2022-09-02,7.664571687147487,7.899801746611275,7.566558889744443,7.840993881225586
2022-09-06,7.742981680529009,7.890000411729873,7.693975281008833,7.713577747344971
2022-09-07,7.703776736981437,7.713577736455838,7.507751606537123,7.546956539154053
2022-09-08,7.458745488967342,7.625366682125717,7.007888307724555,7.233316898345947
2022-09-09,7.115702339053137,7.68417433404665,7.115702339053137,7.595963001251221
2022-09-12,7.654770400661618,7.654770400661618,7.5567580683109545,7.595963001251221
2022-09-13,7.595962820504374,7.595962820504374,7.311726829771048,7.448944091796875
2022-09-14,7.723378885970842,7.840993678989368,7.497950299005511,7.527353763580322
2022-09-15,7.448943918738019,7.791987299512601,7.448943918738019,7.69397497177124
2022-09-16,7.507751658840412,7.546956591730467,7.390136860170249,7.429341793060303
2022-09-19,7.3411302415947315,7.399938106536865,7.272521844761663,7.399938106536865
2022-09-20,7.321527736346055,7.321527736346055,7.272521805637451,7.292124271392822
2022-09-21,7.6449691383288405,7.6449691383288405,7.321527751649678,7.45874547958374
2022-09-22,7.635167886853482,7.635167886853482,7.32152795791626,7.32152795791626
2022-09-23,7.252919585339832,7.262720584869385,7.164708252775536,7.262720584869385
2022-09-26,7.115701985492632,7.292124174957872,7.115701985492632,7.1353044509887695
2022-09-27,7.15490699545045,7.15490699545045,7.125503063201903,7.125503063201904
2022-09-28,7.164708034292602,7.243117897576626,7.164708034292602,7.233316898345947
2022-09-29,7.135304659841202,7.468546583029631,7.135304659841202,7.39013671875
2022-09-30,7.34113005756512,7.34113005756512,7.135304404865958,7.2529191970825195
2022-10-03,7.2529194183346775,7.3509317481717025,7.125503155866717,7.282322883605957
2022-10-04,7.40973906592505,7.56655879196802,7.194111942615967,7.292124271392822
2022-10-05,7.154907226562499,7.154907226562499,7.154907226562499,7.1549072265625
2022-10-06,7.390136913310483,7.390136913310483,7.154907314278692,7.311727046966553
2022-10-07,7.223515510559083,7.223515510559083,7.223515510559083,7.223515510559082
2022-10-10,7.350931579818511,7.350931579818511,7.1157019935969466,7.301925182342529
2022-10-11,7.233316786707729,7.301925182342529,7.2235153202686755,7.301925182342529
2022-10-12,7.223515367542278,7.223515367542278,7.086298108015028,7.184310436248779
2022-10-13,7.0960993094465845,7.27252197265625,7.056894377035472,7.27252197265625
2022-10-14,7.27252197265625,7.27252197265625,7.27252197265625,7.27252197265625
2022-10-17,7.135304672036918,7.292124400864216,7.135304672036918,7.164708137512207
2022-10-18,7.31172699439014,7.44894425950533,7.262720594597739,7.429341793060303
2022-10-19,7.399938160467478,7.448944091796875,7.399938160467478,7.448944091796875
2022-10-20,7.360733394182541,7.439143259962649,7.350931927280194,7.429341793060303
2022-10-21,7.429341793060304,7.44894425950533,7.262720594597739,7.429341793060303
2022-10-24,7.370534227782116,7.448944091796875,7.370534227782116,7.448944091796875
2022-10-25,7.566558889744443,7.840993881225587,7.50775149171841,7.840993881225586
2022-10-26,7.831192102039117,8.046819686889648,7.831192102039117,8.046819686889648
2022-10-27,7.625366782891575,7.948807239532471,7.625366782891575,7.948807239532471
2022-10-28,7.94880684932834,8.164434432983398,7.94880684932834,8.164434432983398
2022-10-31,8.037018505187866,8.125229835510254,8.037018505187866,8.125229835510254
2022-11-01,8.125230109234003,8.125230109234003,7.948807442645878,8.037018775939941
2022-11-02,8.144832611083984,8.144832611083984,8.144832611083984,8.144832611083984
2022-11-03,8.144832611083984,8.144832611083984,8.144832611083984,8.144832611083984
2022-11-04,7.85079547329225,8.076223602312455,7.85079547329225,7.939006805419922
2022-11-07,8.252646051831736,8.252646051831736,7.850795269012451,7.850795269012451
2022-11-08,7.840993649689568,7.840993649689568,7.635167528996445,7.81158971786499
2022-11-09,7.772385120391847,7.772385120391847,7.762584120936347,7.772385120391846
2022-11-10,7.772384874758723,7.831192271712198,7.772384874758723,7.801788806915283
2022-11-11,7.840994283550447,8.017416954040527,7.791987882334385,8.017416954040527
2022-11-14,7.939006467999335,7.9586084661282985,7.752782344818114,7.752782344818115
2022-11-15,7.801788933898904,7.988012126936093,7.801788933898904,7.899801731109619
2022-11-16,7.939006614036834,7.939006614036834,7.693975089882457,7.791987419128418
2022-11-17,7.782186419883647,7.791987419128417,7.615565226485689,7.791987419128418
2022-11-18,7.703776681064193,7.909602342129278,7.703776681064193,7.890000343322754
2022-11-21,7.909999847412109,8.0,7.739999771118164,7.840000152587891
2022-11-22,7.710000038146973,8.0,7.710000038146973,8.0
2022-11-23,7.75,7.75,7.75,7.75
2022-11-25,7.929999828338623,7.929999828338623,7.929999828338623,7.929999828338623
2022-11-28,7.710000038146973,7.789999961853027,7.710000038146973,7.789999961853027
2022-11-29,7.619999885559082,7.71999979019165,7.619999885559082,7.659999847412109
2022-11-30,7.75,7.75,7.75,7.75
