date,close_value,highest_52_weeks_value,highest_date,lowest_52_weeks_value,lowest_date,is_high52,is_low52,business_days
2016-10-05,50.25807571411133,50.25807571411133,2016-10-05,50.25807571411133,2016-10-05,true,true,0
2016-10-06,48.90987777709961,50.25807571411133,2016-10-05,48.90987777709961,2016-10-06,false,true,1
2016-10-07,49.22099685668945,50.25807571411133,2016-10-05,48.90987777709961,2016-10-06,false,false,2
2016-10-10,52.1646842956543,52.1646842956543,2016-10-10,48.90987777709961,2016-10-06,true,false,3
2016-10-11,53.04220199584961,53.04220199584961,2016-10-11,48.90987777709961,2016-10-06,true,false,4
2016-10-12,54.00748062133789,54.00748062133789,2016-10-12,48.90987777709961,2016-10-06,true,false,5
2016-10-13,53.42512512207031,54.00748062133789,2016-10-12,48.90987777709961,2016-10-06,false,false,6
2016-10-14,53.56074142456055,54.00748062133789,2016-10-12,48.90987777709961,2016-10-06,false,false,7
2016-10-17,55.0924072265625,55.0924072265625,2016-10-17,48.90987777709961,2016-10-06,true,false,8
2016-10-18,55.73859786987305,55.73859786987305,2016-10-18,48.90987777709961,2016-10-06,true,false,9
2016-10-19,56.76768112182617,56.76768112182617,2016-10-19,48.90987777709961,2016-10-06,true,false,10
2016-10-20,57.27824783325195,57.27824783325195,2016-10-20,48.90987777709961,2016-10-06,true,false,11
2016-10-21,60.62877655029297,60.62877655029297,2016-10-21,48.90987777709961,2016-10-06,true,false,12
2016-10-24,60.229896545410156,60.62877655029297,2016-10-21,48.90987777709961,2016-10-06,false,false,13
2016-10-25,60.373497009277344,60.62877655029297,2016-10-21,48.90987777709961,2016-10-06,false,false,14
2016-10-26,60.03047180175781,60.62877655029297,2016-10-21,48.90987777709961,2016-10-06,false,false,15
2016-10-27,58.570579528808594,60.62877655029297,2016-10-21,48.90987777709961,2016-10-06,false,false,16
2016-10-28,58.35520935058594,60.62877655029297,2016-10-21,48.90987777709961,2016-10-06,false,false,17
2016-10-31,58.5386848449707,60.62877655029297,2016-10-21,48.90987777709961,2016-10-06,false,false,18
2016-11-01,58.554630279541016,60.62877655029297,2016-10-21,48.90987777709961,2016-10-06,false,false,19
2016-11-02,58.147789001464844,60.62877655029297,2016-10-21,48.90987777709961,2016-10-06,false,false,20
2016-11-03,56.86341094970703,60.62877655029297,2016-10-21,48.90987777709961,2016-10-06,false,false,21
2016-11-04,54.24679946899414,60.62877655029297,2016-10-21,48.90987777709961,2016-10-06,false,false,22
2016-11-07,54.24679946899414,60.62877655029297,2016-10-21,48.90987777709961,2016-10-06,false,false,23
2016-11-08,57.054866790771484,60.62877655029297,2016-10-21,48.90987777709961,2016-10-06,false,false,24
2016-11-09,63.0140380859375,63.0140380859375,2016-11-09,48.90987777709961,2016-10-06,true,false,25
2016-11-10,67.9361343383789,67.9361343383789,2016-11-10,48.90987777709961,2016-10-06,true,false,26
2016-11-11,67.64097595214844,67.9361343383789,2016-11-10,48.90987777709961,2016-10-06,false,false,27
2016-11-14,67.55322265625,67.9361343383789,2016-11-10,48.90987777709961,2016-10-06,false,false,28
2016-11-15,66.02154541015625,67.9361343383789,2016-11-10,48.90987777709961,2016-10-06,false,false,29
2016-11-16,63.22944641113281,67.9361343383789,2016-11-10,48.90987777709961,2016-10-06,false,false,30
2016-11-17,58.99339294433594,67.9361343383789,2016-11-10,48.90987777709961,2016-10-06,false,false,31
2016-11-18,57.97228240966797,67.9361343383789,2016-11-10,48.90987777709961,2016-10-06,false,false,32
2016-11-21,57.23835372924805,67.9361343383789,2016-11-10,48.90987777709961,2016-10-06,false,false,33
2016-11-22,61.681819915771484,67.9361343383789,2016-11-10,48.90987777709961,2016-10-06,false,false,34
2016-11-23,62.70291519165039,67.9361343383789,2016-11-10,48.90987777709961,2016-10-06,false,false,35
2016-11-25,60.19800567626953,67.9361343383789,2016-11-10,48.90987777709961,2016-10-06,false,false,36
2016-11-28,60.764408111572266,67.9361343383789,2016-11-10,48.90987777709961,2016-10-06,false,false,37
2016-11-29,60.4931526184082,67.9361343383789,2016-11-10,48.90987777709961,2016-10-06,false,false,38
2016-11-30,62.24821472167969,67.9361343383789,2016-11-10,48.90987777709961,2016-10-06,false,false,39
2016-12-01,62.00090408325195,67.9361343383789,2016-11-10,48.90987777709961,2016-10-06,false,false,40
2016-12-02,63.27730178833008,67.9361343383789,2016-11-10,48.90987777709961,2016-10-06,false,false,41
2016-12-05,65.81413269042969,67.9361343383789,2016-11-10,48.90987777709961,2016-10-06,false,false,42
2016-12-06,66.63581085205078,67.9361343383789,2016-11-10,48.90987777709961,2016-10-06,false,false,43
2016-12-07,67.48942565917969,67.9361343383789,2016-11-10,48.90987777709961,2016-10-06,false,false,44
2016-12-08,66.04548645019531,67.9361343383789,2016-11-10,48.90987777709961,2016-10-06,false,false,45
2016-12-09,63.85965347290039,67.9361343383789,2016-11-10,48.90987777709961,2016-10-06,false,false,46
2016-12-12,66.76345825195312,67.9361343383789,2016-11-10,48.90987777709961,2016-10-06,false,false,47
2016-12-13,65.24773406982422,67.9361343383789,2016-11-10,48.90987777709961,2016-10-06,false,false,48
2016-12-14,63.205501556396484,67.9361343383789,2016-11-10,48.90987777709961,2016-10-06,false,false,49
2016-12-15,64.03516387939453,67.9361343383789,2016-11-10,48.90987777709961,2016-10-06,false,false,50
2016-12-16,63.02203369140625,67.9361343383789,2016-11-10,48.90987777709961,2016-10-06,false,false,51
2016-12-19,63.684146881103516,67.9361343383789,2016-11-10,48.90987777709961,2016-10-06,false,false,52
2016-12-20,66.25291442871094,67.9361343383789,2016-11-10,48.90987777709961,2016-10-06,false,false,53
2016-12-21,64.5377197265625,67.9361343383789,2016-11-10,48.90987777709961,2016-10-06,false,false,54
2016-12-22,61.785518646240234,67.9361343383789,2016-11-10,48.90987777709961,2016-10-06,false,false,55
2016-12-23,62.5353889465332,67.9361343383789,2016-11-10,48.90987777709961,2016-10-06,false,false,56
2016-12-27,63.15763473510742,67.9361343383789,2016-11-10,48.90987777709961,2016-10-06,false,false,57
2016-12-28,63.10179138183594,67.9361343383789,2016-11-10,48.90987777709961,2016-10-06,false,false,58
2016-12-29,62.32798767089844,67.9361343383789,2016-11-10,48.90987777709961,2016-10-06,false,false,59
2016-12-30,62.26416015625,67.9361343383789,2016-11-10,48.90987777709961,2016-10-06,false,false,60
2017-01-03,59.82304763793945,67.9361343383789,2016-11-10,48.90987777709961,2016-10-06,false,false,61
2017-01-04,59.942718505859375,67.9361343383789,2016-11-10,48.90987777709961,2016-10-06,false,false,62
2017-01-05,59.647544860839844,67.9361343383789,2016-11-10,48.90987777709961,2016-10-06,false,false,63
2017-01-06,57.645206451416016,67.9361343383789,2016-11-10,48.90987777709961,2016-10-06,false,false,64
2017-01-09,56.392738342285156,67.9361343383789,2016-11-10,48.90987777709961,2016-10-06,false,false,65
2017-01-10,57.42981719970703,67.9361343383789,2016-11-10,48.90987777709961,2016-10-06,false,false,66
2017-01-11,60.03047180175781,67.9361343383789,2016-11-10,48.90987777709961,2016-10-06,false,false,67
2017-01-12,60.668670654296875,67.9361343383789,2016-11-10,48.90987777709961,2016-10-06,false,false,68
2017-01-13,59.8150749206543,67.9361343383789,2016-11-10,48.90987777709961,2016-10-06,false,false,69
2017-01-17,58.267452239990234,67.9361343383789,2016-11-10,48.90987777709961,2016-10-06,false,false,70
2017-01-18,58.235530853271484,67.9361343383789,2016-11-10,48.90987777709961,2016-10-06,false,false,71
2017-01-19,57.60531234741211,67.9361343383789,2016-11-10,48.90987777709961,2016-10-06,false,false,72
2017-01-20,58.63441848754883,67.9361343383789,2016-11-10,48.90987777709961,2016-10-06,false,false,73
2017-01-23,58.93756103515625,67.9361343383789,2016-11-10,48.90987777709961,2016-10-06,false,false,74
2017-01-24,59.72732162475586,67.9361343383789,2016-11-10,48.90987777709961,2016-10-06,false,false,75
2017-01-25,59.39226150512695,67.9361343383789,2016-11-10,48.90987777709961,2016-10-06,false,false,76
2017-01-26,58.817909240722656,67.9361343383789,2016-11-10,48.90987777709961,2016-10-06,false,false,77
2017-01-27,58.75407409667969,67.9361343383789,2016-11-10,48.90987777709961,2016-10-06,false,false,78
2017-01-30,57.6771125793457,67.9361343383789,2016-11-10,48.90987777709961,2016-10-06,false,false,79
2017-01-31,57.42981719970703,67.9361343383789,2016-11-10,48.90987777709961,2016-10-06,false,false,80
2017-02-01,57.82071304321289,67.9361343383789,2016-11-10,48.90987777709961,2016-10-06,false,false,81
2017-02-02,58.67430114746094,67.9361343383789,2016-11-10,48.90987777709961,2016-10-06,false,false,82
2017-02-03,57.358009338378906,67.9361343383789,2016-11-10,48.90987777709961,2016-10-06,false,false,83
2017-02-06,56.57622146606445,67.9361343383789,2016-11-10,48.90987777709961,2016-10-06,false,false,84
2017-02-07,56.42466354370117,67.9361343383789,2016-11-10,48.90987777709961,2016-10-06,false,false,85
2017-02-08,54.908935546875,67.9361343383789,2016-11-10,48.90987777709961,2016-10-06,false,false,86
2017-02-09,56.60813522338867,67.9361343383789,2016-11-10,48.90987777709961,2016-10-06,false,false,87
2017-02-10,55.515201568603516,67.9361343383789,2016-11-10,48.90987777709961,2016-10-06,false,false,88
2017-02-13,54.94083786010742,67.9361343383789,2016-11-10,48.90987777709961,2016-10-06,false,false,89
2017-02-14,54.76533889770508,67.9361343383789,2016-11-10,48.90987777709961,2016-10-06,false,false,90
2017-02-15,55.698707580566406,67.9361343383789,2016-11-10,48.90987777709961,2016-10-06,false,false,91
2017-02-16,57.52554702758789,67.9361343383789,2016-11-10,48.90987777709961,2016-10-06,false,false,92
2017-02-17,60.7005615234375,67.9361343383789,2016-11-10,48.90987777709961,2016-10-06,false,false,93
2017-02-21,59.03329086303711,67.9361343383789,2016-11-10,48.90987777709961,2016-10-06,false,false,94
2017-02-22,58.865753173828125,67.9361343383789,2016-11-10,48.90987777709961,2016-10-06,false,false,95
2017-02-23,58.32329559326172,67.9361343383789,2016-11-10,48.90987777709961,2016-10-06,false,false,96
2017-02-24,57.42981719970703,67.9361343383789,2016-11-10,48.90987777709961,2016-10-06,false,false,97
2017-02-27,57.836673736572266,67.9361343383789,2016-11-10,48.90987777709961,2016-10-06,false,false,98
2017-02-28,57.326107025146484,67.9361343383789,2016-11-10,48.90987777709961,2016-10-06,false,false,99
2017-03-01,59.583736419677734,67.9361343383789,2016-11-10,48.90987777709961,2016-10-06,false,false,100
2017-03-02,57.038917541503906,67.9361343383789,2016-11-10,48.90987777709961,2016-10-06,false,false,101
2017-03-03,57.21442413330078,67.9361343383789,2016-11-10,48.90987777709961,2016-10-06,false,false,102
2017-03-06,57.80476379394531,67.9361343383789,2016-11-10,48.90987777709961,2016-10-06,false,false,103
2017-03-07,55.12432098388672,67.9361343383789,2016-11-10,48.90987777709961,2016-10-06,false,false,104
2017-03-08,53.33736801147461,67.9361343383789,2016-11-10,48.90987777709961,2016-10-06,false,false,105
2017-03-09,52.90658950805664,67.9361343383789,2016-11-10,48.90987777709961,2016-10-06,false,false,106
2017-03-10,51.5743522644043,67.9361343383789,2016-11-10,48.90987777709961,2016-10-06,false,false,107
2017-03-13,53.36130905151367,67.9361343383789,2016-11-10,48.90987777709961,2016-10-06,false,false,108
2017-03-14,52.3641242980957,67.9361343383789,2016-11-10,48.90987777709961,2016-10-06,false,false,109
2017-03-15,54.438262939453125,67.9361343383789,2016-11-10,48.90987777709961,2016-10-06,false,false,110
2017-03-16,54.175010681152344,67.9361343383789,2016-11-10,48.90987777709961,2016-10-06,false,false,111
2017-03-17,53.488948822021484,67.9361343383789,2016-11-10,48.90987777709961,2016-10-06,false,false,112
2017-03-20,52.6832275390625,67.9361343383789,2016-11-10,48.90987777709961,2016-10-06,false,false,113
2017-03-21,52.21254348754883,67.9361343383789,2016-11-10,48.90987777709961,2016-10-06,false,false,114
2017-03-22,53.37725830078125,67.9361343383789,2016-11-10,48.90987777709961,2016-10-06,false,false,115
2017-03-23,51.77378463745117,67.9361343383789,2016-11-10,48.90987777709961,2016-10-06,false,false,116
2017-03-24,51.67007827758789,67.9361343383789,2016-11-10,48.90987777709961,2016-10-06,false,false,117
2017-03-27,54.04737091064453,67.9361343383789,2016-11-10,48.90987777709961,2016-10-06,false,false,118
2017-03-28,55.044559478759766,67.9361343383789,2016-11-10,48.90987777709961,2016-10-06,false,false,119
2017-03-29,55.30780792236328,67.9361343383789,2016-11-10,48.90987777709961,2016-10-06,false,false,120
2017-03-30,54.97275924682617,67.9361343383789,2016-11-10,48.90987777709961,2016-10-06,false,false,121
2017-03-31,54.99667739868164,67.9361343383789,2016-11-10,48.90987777709961,2016-10-06,false,false,122
2017-04-03,57.09476089477539,67.9361343383789,2016-11-10,48.90987777709961,2016-10-06,false,false,123
2017-04-04,58.115875244140625,67.9361343383789,2016-11-10,48.90987777709961,2016-10-06,false,false,124
2017-04-05,57.5893669128418,67.9361343383789,2016-11-10,48.90987777709961,2016-10-06,false,false,125
2017-04-06,59.583736419677734,67.9361343383789,2016-11-10,48.90987777709961,2016-10-06,false,false,126
2017-04-07,59.631591796875,67.9361343383789,2016-11-10,48.90987777709961,2016-10-06,false,false,127
2017-04-10,60.51710510253906,67.9361343383789,2016-11-10,48.90987777709961,2016-10-06,false,false,128
2017-04-11,59.0412712097168,67.9361343383789,2016-11-10,48.90987777709961,2016-10-06,false,false,129
2017-04-12,56.951175689697266,67.9361343383789,2016-11-10,48.90987777709961,2016-10-06,false,false,130
2017-04-13,56.448585510253906,67.9361343383789,2016-11-10,48.90987777709961,2016-10-06,false,false,131
2017-04-17,57.1346549987793,67.9361343383789,2016-11-10,48.90987777709961,2016-10-06,false,false,132
2017-04-18,56.67195510864258,67.9361343383789,2016-11-10,48.90987777709961,2016-10-06,false,false,133
2017-04-19,56.049720764160156,67.9361343383789,2016-11-10,48.90987777709961,2016-10-06,false,false,134
2017-04-20,56.831504821777344,67.9361343383789,2016-11-10,48.90987777709961,2016-10-06,false,false,135
2017-04-21,56.304996490478516,67.9361343383789,2016-11-10,48.90987777709961,2016-10-06,false,false,136
2017-04-24,57.18251037597656,67.9361343383789,2016-11-10,48.90987777709961,2016-10-06,false,false,137
2017-04-25,56.55228042602539,67.9361343383789,2016-11-10,48.90987777709961,2016-10-06,false,false,138
2017-04-26,56.71981430053711,67.9361343383789,2016-11-10,48.90987777709961,2016-10-06,false,false,139
2017-04-27,55.80241012573242,67.9361343383789,2016-11-10,48.90987777709961,2016-10-06,false,false,140
2017-04-28,56.03375244140625,67.9361343383789,2016-11-10,48.90987777709961,2016-10-06,false,false,141
2017-05-01,55.84230041503906,67.9361343383789,2016-11-10,48.90987777709961,2016-10-06,false,false,142
2017-05-02,59.623619079589844,67.9361343383789,2016-11-10,48.90987777709961,2016-10-06,false,false,143
2017-05-03,57.90048599243164,67.9361343383789,2016-11-10,48.90987777709961,2016-10-06,false,false,144
2017-05-04,55.84230041503906,67.9361343383789,2016-11-10,48.90987777709961,2016-10-06,false,false,145
2017-05-05,56.584205627441406,67.9361343383789,2016-11-10,48.90987777709961,2016-10-06,false,false,146
2017-05-08,57.15858840942383,67.9361343383789,2016-11-10,48.90987777709961,2016-10-06,false,false,147
2017-05-09,57.358009338378906,67.9361343383789,2016-11-10,48.90987777709961,2016-10-06,false,false,148
2017-05-10,57.5893669128418,67.9361343383789,2016-11-10,48.90987777709961,2016-10-06,false,false,149
2017-05-11,58.02014923095703,67.9361343383789,2016-11-10,48.90987777709961,2016-10-06,false,false,150
2017-05-12,58.5626335144043,67.9361343383789,2016-11-10,48.90987777709961,2016-10-06,false,false,151
2017-05-15,57.860595703125,67.9361343383789,2016-11-10,48.90987777709961,2016-10-06,false,false,152
2017-05-16,59.16093063354492,67.9361343383789,2016-11-10,48.90987777709961,2016-10-06,false,false,153
2017-05-17,58.275421142578125,67.9361343383789,2016-11-10,48.90987777709961,2016-10-06,false,false,154
2017-05-18,58.179691314697266,67.9361343383789,2016-11-10,48.90987777709961,2016-10-06,false,false,155
2017-05-19,58.139808654785156,67.9361343383789,2016-11-10,48.90987777709961,2016-10-06,false,false,156
2017-05-22,57.326107025146484,67.9361343383789,2016-11-10,48.90987777709961,2016-10-06,false,false,157
2017-05-23,58.22756576538086,67.9361343383789,2016-11-10,48.90987777709961,2016-10-06,false,false,158
2017-05-24,58.195648193359375,67.9361343383789,2016-11-10,48.90987777709961,2016-10-06,false,false,159
2017-05-25,57.294193267822266,67.9361343383789,2016-11-10,48.90987777709961,2016-10-06,false,false,160
2017-05-26,57.93550491333008,67.9361343383789,2016-11-10,48.90987777709961,2016-10-06,false,false,161
2017-05-30,56.428409576416016,67.9361343383789,2016-11-10,48.90987777709961,2016-10-06,false,false,162
2017-05-31,56.73303985595703,67.9361343383789,2016-11-10,48.90987777709961,2016-10-06,false,false,163
2017-06-01,57.2220458984375,67.9361343383789,2016-11-10,48.90987777709961,2016-10-06,false,false,164
2017-06-02,55.85923385620117,67.9361343383789,2016-11-10,48.90987777709961,2016-10-06,false,false,165
2017-06-05,56.16386413574219,67.9361343383789,2016-11-10,48.90987777709961,2016-10-06,false,false,166
2017-06-06,56.13179397583008,67.9361343383789,2016-11-10,48.90987777709961,2016-10-06,false,false,167
2017-06-07,54.38419723510742,67.9361343383789,2016-11-10,48.90987777709961,2016-10-06,false,false,168
2017-06-08,55.458412170410156,67.9361343383789,2016-11-10,48.90987777709961,2016-10-06,false,false,169
2017-06-09,56.14783477783203,67.9361343383789,2016-11-10,48.90987777709961,2016-10-06,false,false,170
2017-06-12,56.5646858215332,67.9361343383789,2016-11-10,48.90987777709961,2016-10-06,false,false,171
2017-06-13,56.412376403808594,67.9361343383789,2016-11-10,48.90987777709961,2016-10-06,false,false,172
2017-06-14,55.434356689453125,67.9361343383789,2016-11-10,48.90987777709961,2016-10-06,false,false,173
2017-06-15,52.08344268798828,67.9361343383789,2016-11-10,48.90987777709961,2016-10-06,false,false,174
2017-06-16,51.06534957885742,67.9361343383789,2016-11-10,48.90987777709961,2016-10-06,false,false,175
2017-06-19,50.34385681152344,67.9361343383789,2016-11-10,48.90987777709961,2016-10-06,false,false,176
2017-06-20,48.83674621582031,67.9361343383789,2016-11-10,48.83674621582031,2017-06-20,false,true,177
2017-06-21,49.94303512573242,67.9361343383789,2016-11-10,48.83674621582031,2017-06-20,false,false,178
2017-06-22,50.103363037109375,67.9361343383789,2016-11-10,48.83674621582031,2017-06-20,false,false,179
2017-06-23,51.6585693359375,67.9361343383789,2016-11-10,48.83674621582031,2017-06-20,false,false,180
2017-06-26,52.10749053955078,67.9361343383789,2016-11-10,48.83674621582031,2017-06-20,false,false,181
2017-06-27,51.93112564086914,67.9361343383789,2016-11-10,48.83674621582031,2017-06-20,false,false,182
2017-06-28,53.502376556396484,67.9361343383789,2016-11-10,48.83674621582031,2017-06-20,false,false,183
2017-06-29,54.43230056762695,67.9361343383789,2016-11-10,48.83674621582031,2017-06-20,false,false,184
2017-06-30,54.752952575683594,67.9361343383789,2016-11-10,48.83674621582031,2017-06-20,false,false,185
2017-07-03,55.13774490356445,67.9361343383789,2016-11-10,48.83674621582031,2017-06-20,false,false,186
2017-07-05,56.03559875488281,67.9361343383789,2016-11-10,48.83674621582031,2017-06-20,false,false,187
2017-07-06,55.11369705200195,67.9361343383789,2016-11-10,48.83674621582031,2017-06-20,false,false,188
2017-07-07,55.82716751098633,67.9361343383789,2016-11-10,48.83674621582031,2017-06-20,false,false,189
2017-07-10,56.428409576416016,67.9361343383789,2016-11-10,48.83674621582031,2017-06-20,false,false,190
2017-07-11,58.48866271972656,67.9361343383789,2016-11-10,48.83674621582031,2017-06-20,false,false,191
2017-07-12,58.905517578125,67.9361343383789,2016-11-10,48.83674621582031,2017-06-20,false,false,192
2017-07-13,59.35445022583008,67.9361343383789,2016-11-10,48.83674621582031,2017-06-20,false,false,193
2017-07-14,59.76328659057617,67.9361343383789,2016-11-10,48.83674621582031,2017-06-20,false,false,194
2017-07-17,59.46666717529297,67.9361343383789,2016-11-10,48.83674621582031,2017-06-20,false,false,195
2017-07-18,59.86750411987305,67.9361343383789,2016-11-10,48.83674621582031,2017-06-20,false,false,196
2017-07-19,60.18014144897461,67.9361343383789,2016-11-10,48.83674621582031,2017-06-20,false,false,197
2017-07-20,60.84552764892578,67.9361343383789,2016-11-10,48.83674621582031,2017-06-20,false,false,198
2017-07-21,60.540889739990234,67.9361343383789,2016-11-10,48.83674621582031,2017-06-20,false,false,199
2017-07-24,60.284358978271484,67.9361343383789,2016-11-10,48.83674621582031,2017-06-20,false,false,200
2017-07-25,61.11808395385742,67.9361343383789,2016-11-10,48.83674621582031,2017-06-20,false,false,201
2017-07-26,61.013877868652344,67.9361343383789,2016-11-10,48.83674621582031,2017-06-20,false,false,202
2017-07-27,58.04776382446289,67.9361343383789,2016-11-10,48.83674621582031,2017-06-20,false,false,203
2017-07-28,58.777252197265625,67.9361343383789,2016-11-10,48.83674621582031,2017-06-20,false,false,204
2017-07-31,60.981807708740234,67.9361343383789,2016-11-10,48.83674621582031,2017-06-20,false,false,205
2017-08-01,62.11213684082031,67.9361343383789,2016-11-10,48.83674621582031,2017-06-20,false,false,206
2017-08-02,61.927738189697266,67.9361343383789,2016-11-10,48.83674621582031,2017-06-20,false,false,207
2017-08-03,59.77931594848633,67.9361343383789,2016-11-10,48.83674621582031,2017-06-20,false,false,208
2017-08-04,60.613040924072266,67.9361343383789,2016-11-10,48.83674621582031,2017-06-20,false,false,209
2017-08-07,61.33452606201172,67.9361343383789,2016-11-10,48.83674621582031,2017-06-20,false,false,210
2017-08-08,61.71133041381836,67.9361343383789,2016-11-10,48.83674621582031,2017-06-20,false,false,211
2017-08-09,61.35857009887695,67.9361343383789,2016-11-10,48.83674621582031,2017-06-20,false,false,212
2017-08-10,60.96575927734375,67.9361343383789,2016-11-10,48.83674621582031,2017-06-20,false,false,213
2017-08-11,60.29238510131836,67.9361343383789,2016-11-10,48.83674621582031,2017-06-20,false,false,214
2017-08-14,60.30842208862305,67.9361343383789,2016-11-10,48.83674621582031,2017-06-20,false,false,215
2017-08-15,59.78733444213867,67.9361343383789,2016-11-10,48.83674621582031,2017-06-20,false,false,216
2017-08-16,59.546844482421875,67.9361343383789,2016-11-10,48.83674621582031,2017-06-20,false,false,217
2017-08-17,59.16204833984375,67.9361343383789,2016-11-10,48.83674621582031,2017-06-20,false,false,218
2017-08-18,59.875511169433594,67.9361343383789,2016-11-10,48.83674621582031,2017-06-20,false,false,219
2017-08-21,60.70123291015625,67.9361343383789,2016-11-10,48.83674621582031,2017-06-20,false,false,220
2017-08-22,61.43874740600586,67.9361343383789,2016-11-10,48.83674621582031,2017-06-20,false,false,221
2017-08-23,62.25642776489258,67.9361343383789,2016-11-10,48.83674621582031,2017-06-20,false,false,222
2017-08-24,60.4927864074707,67.9361343383789,2016-11-10,48.83674621582031,2017-06-20,false,false,223
2017-08-25,61.38262939453125,67.9361343383789,2016-11-10,48.83674621582031,2017-06-20,false,false,224
2017-08-28,61.43071746826172,67.9361343383789,2016-11-10,48.83674621582031,2017-06-20,false,false,225
2017-08-29,62.06694030761719,67.9361343383789,2016-11-10,48.83674621582031,2017-06-20,false,false,226
2017-08-30,61.648189544677734,67.9361343383789,2016-11-10,48.83674621582031,2017-06-20,false,false,227
2017-08-31,64.32186889648438,67.9361343383789,2016-11-10,48.83674621582031,2017-06-20,false,false,228
2017-09-01,64.51516723632812,67.9361343383789,2016-11-10,48.83674621582031,2017-06-20,false,false,229
2017-09-05,61.785072326660156,67.9361343383789,2016-11-10,48.83674621582031,2017-06-20,false,false,230
2017-09-06,62.993080139160156,67.9361343383789,2016-11-10,48.83674621582031,2017-06-20,false,false,231
2017-09-07,62.90447998046875,67.9361343383789,2016-11-10,48.83674621582031,2017-06-20,false,false,232
2017-09-08,61.60789108276367,67.9361343383789,2016-11-10,48.83674621582031,2017-06-20,false,false,233
2017-09-11,60.762306213378906,67.9361343383789,2016-11-10,48.83674621582031,2017-06-20,false,false,234
2017-09-12,60.44016647338867,67.9361343383789,2016-11-10,48.83674621582031,2017-06-20,false,false,235
2017-09-13,61.237449645996094,67.9361343383789,2016-11-10,48.83674621582031,2017-06-20,false,false,236
2017-09-14,61.98641586303711,67.9361343383789,2016-11-10,48.83674621582031,2017-06-20,false,false,237
2017-09-15,60.64151382446289,67.9361343383789,2016-11-10,48.83674621582031,2017-06-20,false,false,238
2017-09-18,59.787841796875,67.9361343383789,2016-11-10,48.83674621582031,2017-06-20,false,false,239
2017-09-19,58.410728454589844,67.9361343383789,2016-11-10,48.83674621582031,2017-06-20,false,false,240
2017-09-20,58.700653076171875,67.9361343383789,2016-11-10,48.83674621582031,2017-06-20,false,false,241
2017-09-21,57.62150192260742,67.9361343383789,2016-11-10,48.83674621582031,2017-06-20,false,false,242
2017-09-22,57.299381256103516,67.9361343383789,2016-11-10,48.83674621582031,2017-06-20,false,false,243
2017-09-25,58.934200286865234,67.9361343383789,2016-11-10,48.83674621582031,2017-06-20,false,false,244
2017-09-26,59.4657096862793,67.9361343383789,2016-11-10,48.83674621582031,2017-06-20,false,false,245
2017-09-27,59.28855514526367,67.9361343383789,2016-11-10,48.83674621582031,2017-06-20,false,false,246
2017-09-28,58.128868103027344,67.9361343383789,2016-11-10,48.83674621582031,2017-06-20,false,false,247
2017-09-29,57.77451705932617,67.9361343383789,2016-11-10,48.83674621582031,2017-06-20,false,false,248
2017-10-02,58.94225311279297,67.9361343383789,2016-11-10,48.83674621582031,2017-06-20,false,false,249
2017-10-03,58.628177642822266,67.9361343383789,2016-11-10,48.83674621582031,2017-06-20,false,false,250
2017-10-04,58.072486877441406,67.9361343383789,2016-11-10,48.83674621582031,2017-06-20,false,false,251
2017-10-05,58.781192779541016,67.9361343383789,2016-11-10,48.83674621582031,2017-06-20,false,false,251
2017-10-06,57.291324615478516,67.9361343383789,2016-11-10,48.83674621582031,2017-06-20,false,false,251
2017-10-09,56.66316223144531,67.9361343383789,2016-11-10,48.83674621582031,2017-06-20,false,false,251
2017-10-10,57.33158493041992,67.9361343383789,2016-11-10,48.83674621582031,2017-06-20,false,false,251
2017-10-11,56.87255096435547,67.9361343383789,2016-11-10,48.83674621582031,2017-06-20,false,false,251
2017-10-12,56.920867919921875,67.9361343383789,2016-11-10,48.83674621582031,2017-06-20,false,false,251
2017-10-13,55.881988525390625,67.9361343383789,2016-11-10,48.83674621582031,2017-06-20,false,false,251
2017-10-16,57.37184524536133,67.9361343383789,2016-11-10,48.83674621582031,2017-06-20,false,false,251
2017-10-17,58.68454360961914,67.9361343383789,2016-11-10,48.83674621582031,2017-06-20,false,false,251
2017-10-18,58.716766357421875,67.9361343383789,2016-11-10,48.83674621582031,2017-06-20,false,false,251
2017-10-19,60.40795135498047,67.9361343383789,2016-11-10,48.83674621582031,2017-06-20,false,false,251
2017-10-20,60.746192932128906,67.9361343383789,2016-11-10,48.83674621582031,2017-06-20,false,false,251
2017-10-23,59.74757766723633,67.9361343383789,2016-11-10,48.83674621582031,2017-06-20,false,false,251
2017-10-24,60.327423095703125,67.9361343383789,2016-11-10,48.83674621582031,2017-06-20,false,false,251
2017-10-25,59.56235122680664,67.9361343383789,2016-11-10,48.83674621582031,2017-06-20,false,false,251
2017-10-26,57.99196243286133,67.9361343383789,2016-11-10,48.83674621582031,2017-06-20,false,false,251
2017-10-27,58.225502014160156,67.9361343383789,2016-11-10,48.83674621582031,2017-06-20,false,false,251
2017-10-30,57.822837829589844,67.9361343383789,2016-11-10,48.83674621582031,2017-06-20,false,false,251
2017-10-31,61.54346466064453,67.9361343383789,2016-11-10,48.83674621582031,2017-06-20,false,false,251
2017-11-01,63.58095932006836,67.9361343383789,2016-11-10,48.83674621582031,2017-06-20,false,false,251
2017-11-02,63.36351013183594,67.9361343383789,2016-11-10,48.83674621582031,2017-06-20,false,false,251
2017-11-03,63.92726135253906,67.9361343383789,2016-11-10,48.83674621582031,2017-06-20,false,false,251
2017-11-06,64.45072937011719,67.9361343383789,2016-11-10,48.83674621582031,2017-06-20,false,false,251
2017-11-07,64.16886901855469,67.9361343383789,2016-11-10,48.83674621582031,2017-06-20,false,false,251
2017-11-08,64.24938201904297,67.9361343383789,2016-11-10,48.83674621582031,2017-06-20,false,false,251
2017-11-09,63.35546875,67.9361343383789,2016-11-10,48.83674621582031,2017-06-20,false,false,251
2017-11-10,63.41183090209961,67.9361343383789,2016-11-10,48.83674621582031,2017-06-20,false,false,251
2017-11-13,63.50044631958008,67.55322265625,2016-11-14,48.83674621582031,2017-06-20,false,false,251
2017-11-14,63.17829895019531,67.55322265625,2016-11-14,48.83674621582031,2017-06-20,false,false,251
2017-11-15,62.856170654296875,67.48942565917969,2016-12-07,48.83674621582031,2017-06-20,false,false,251
2017-11-16,63.79036331176758,67.48942565917969,2016-12-07,48.83674621582031,2017-06-20,false,false,251
2017-11-17,63.452110290527344,67.48942565917969,2016-12-07,48.83674621582031,2017-06-20,false,false,251
2017-11-20,64.05611419677734,67.48942565917969,2016-12-07,48.83674621582031,2017-06-20,false,false,251
2017-11-21,64.82117462158203,67.48942565917969,2016-12-07,48.83674621582031,2017-06-20,false,false,251
2017-11-22,64.96612548828125,67.48942565917969,2016-12-07,48.83674621582031,2017-06-20,false,false,251
2017-11-24,65.22383117675781,67.48942565917969,2016-12-07,48.83674621582031,2017-06-20,false,false,251
2017-11-27,63.49238204956055,67.48942565917969,2016-12-07,48.83674621582031,2017-06-20,false,false,251
2017-11-28,63.61318588256836,67.48942565917969,2016-12-07,48.83674621582031,2017-06-20,false,false,251
2017-11-29,63.49184036254883,67.48942565917969,2016-12-07,48.83674621582031,2017-06-20,false,false,251
2017-11-30,66.78413391113281,67.48942565917969,2016-12-07,48.83674621582031,2017-06-20,false,false,251
2017-12-01,68.15929412841797,68.15929412841797,2017-12-01,48.83674621582031,2017-06-20,true,false,251
2017-12-04,68.20782470703125,68.20782470703125,2017-12-04,48.83674621582031,2017-06-20,true,false,251
2017-12-05,68.3210678100586,68.3210678100586,2017-12-05,48.83674621582031,2017-06-20,true,false,251
2017-12-06,67.30184173583984,68.3210678100586,2017-12-05,48.83674621582031,2017-06-20,false,false,251
2017-12-07,68.863037109375,68.863037109375,2017-12-07,48.83674621582031,2017-06-20,true,false,251
2017-12-08,68.7093505859375,68.863037109375,2017-12-07,48.83674621582031,2017-06-20,false,false,251
2017-12-11,70.26245880126953,70.26245880126953,2017-12-11,48.83674621582031,2017-06-20,true,false,251
2017-12-12,69.37266540527344,70.26245880126953,2017-12-11,48.83674621582031,2017-06-20,false,false,251
2017-12-13,69.51827239990234,70.26245880126953,2017-12-11,48.83674621582031,2017-06-20,false,false,251
2017-12-14,69.06526947021484,70.26245880126953,2017-12-11,48.83674621582031,2017-06-20,false,false,251
2017-12-15,70.26245880126953,70.26245880126953,2017-12-15,48.83674621582031,2017-06-20,true,false,251
2017-12-18,71.17655181884766,71.17655181884766,2017-12-18,48.83674621582031,2017-06-20,true,false,251
2017-12-19,71.23316955566406,71.23316955566406,2017-12-19,48.83674621582031,2017-06-20,true,false,251
2017-12-20,71.82368469238281,71.82368469238281,2017-12-20,48.83674621582031,2017-06-20,true,false,251
2017-12-21,73.39298248291016,73.39298248291016,2017-12-21,48.83674621582031,2017-06-20,true,false,251
2017-12-22,73.71653747558594,73.71653747558594,2017-12-22,48.83674621582031,2017-06-20,true,false,251
2017-12-26,74.71150970458984,74.71150970458984,2017-12-26,48.83674621582031,2017-06-20,true,false,251
2017-12-27,74.16954803466797,74.71150970458984,2017-12-26,48.83674621582031,2017-06-20,false,false,251
2017-12-28,75.40717315673828,75.40717315673828,2017-12-28,48.83674621582031,2017-06-20,true,false,251
2017-12-29,75.3586654663086,75.40717315673828,2017-12-28,48.83674621582031,2017-06-20,false,false,251
2018-01-02,77.19487762451172,77.19487762451172,2018-01-02,48.83674621582031,2017-06-20,true,false,251
2018-01-03,75.85206604003906,77.19487762451172,2018-01-02,48.83674621582031,2017-06-20,false,false,251
2018-01-04,74.74386596679688,77.19487762451172,2018-01-02,48.83674621582031,2017-06-20,false,false,251
2018-01-05,75.00272369384766,77.19487762451172,2018-01-02,48.83674621582031,2017-06-20,false,false,251
2018-01-08,77.13826751708984,77.19487762451172,2018-01-02,48.83674621582031,2017-06-20,false,false,251
2018-01-09,77.2029800415039,77.2029800415039,2018-01-09,48.83674621582031,2017-06-20,true,false,251
2018-01-10,78.10086822509766,78.10086822509766,2018-01-10,48.83674621582031,2017-06-20,true,false,251
2018-01-11,79.8238754272461,79.8238754272461,2018-01-11,48.83674621582031,2017-06-20,true,false,251
2018-01-12,78.3273696899414,79.8238754272461,2018-01-11,48.83674621582031,2017-06-20,false,false,251
2018-01-16,76.42642211914062,79.8238754272461,2018-01-11,48.83674621582031,2017-06-20,false,false,251
2018-01-17,77.00881958007812,79.8238754272461,2018-01-11,48.83674621582031,2017-06-20,false,false,251
2018-01-18,75.22113037109375,79.8238754272461,2018-01-11,48.83674621582031,2017-06-20,false,false,251
2018-01-19,76.11093139648438,79.8238754272461,2018-01-11,48.83674621582031,2017-06-20,false,false,251
2018-01-22,76.01387023925781,79.8238754272461,2018-01-11,48.83674621582031,2017-06-20,false,false,251
2018-01-23,74.56591033935547,79.8238754272461,2018-01-11,48.83674621582031,2017-06-20,false,false,251
2018-01-24,74.97844696044922,79.8238754272461,2018-01-11,48.83674621582031,2017-06-20,false,false,251
2018-01-25,73.33636474609375,79.8238754272461,2018-01-11,48.83674621582031,2017-06-20,false,false,251
2018-01-26,75.25347900390625,79.8238754272461,2018-01-11,48.83674621582031,2017-06-20,false,false,251
2018-01-29,75.39908599853516,79.8238754272461,2018-01-11,48.83674621582031,2017-06-20,false,false,251
2018-01-30,72.72158813476562,79.8238754272461,2018-01-11,48.83674621582031,2017-06-20,false,false,251
2018-01-31,72.81056213378906,79.8238754272461,2018-01-11,48.83674621582031,2017-06-20,false,false,251
2018-02-01,74.873291015625,79.8238754272461,2018-01-11,48.83674621582031,2017-06-20,false,false,251
2018-02-02,70.82061767578125,79.8238754272461,2018-01-11,48.83674621582031,2017-06-20,false,false,251
2018-02-05,69.58297729492188,79.8238754272461,2018-01-11,48.83674621582031,2017-06-20,false,false,251
2018-02-06,71.44349670410156,79.8238754272461,2018-01-11,48.83674621582031,2017-06-20,false,false,251
2018-02-07,70.5941390991211,79.8238754272461,2018-01-11,48.83674621582031,2017-06-20,false,false,251
2018-02-08,69.56680297851562,79.8238754272461,2018-01-11,48.83674621582031,2017-06-20,false,false,251
2018-02-09,69.29178619384766,79.8238754272461,2018-01-11,48.83674621582031,2017-06-20,false,false,251
2018-02-12,71.65382385253906,79.8238754272461,2018-01-11,48.83674621582031,2017-06-20,false,false,251
2018-02-13,72.9076156616211,79.8238754272461,2018-01-11,48.83674621582031,2017-06-20,false,false,251
2018-02-14,75.27774810791016,79.8238754272461,2018-01-11,48.83674621582031,2017-06-20,false,false,251
2018-02-15,76.17564392089844,79.8238754272461,2018-01-11,48.83674621582031,2017-06-20,false,false,251
2018-02-16,74.80049133300781,79.8238754272461,2018-01-11,48.83674621582031,2017-06-20,false,false,251
2018-02-20,74.54972839355469,79.8238754272461,2018-01-11,48.83674621582031,2017-06-20,false,false,251
2018-02-21,75.90061950683594,79.8238754272461,2018-01-11,48.83674621582031,2017-06-20,false,false,251
2018-02-22,77.97953796386719,79.8238754272461,2018-01-11,48.83674621582031,2017-06-20,false,false,251
2018-02-23,79.10391998291016,79.8238754272461,2018-01-11,48.83674621582031,2017-06-20,false,false,251
2018-02-26,80.26065826416016,80.26065826416016,2018-02-26,48.83674621582031,2017-06-20,true,false,251
2018-02-27,79.80768585205078,80.26065826416016,2018-02-26,48.83674621582031,2017-06-20,false,false,251
2018-02-28,77.42137908935547,80.26065826416016,2018-02-26,48.83674621582031,2017-06-20,false,false,251
2018-03-01,78.34354400634766,80.26065826416016,2018-02-26,48.83674621582031,2017-06-20,false,false,251
2018-03-02,80.44731903076172,80.44731903076172,2018-03-02,48.83674621582031,2017-06-20,true,false,251
2018-03-05,78.92837524414062,80.44731903076172,2018-03-02,48.83674621582031,2017-06-20,false,false,251
2018-03-06,81.80381774902344,81.80381774902344,2018-03-06,48.83674621582031,2017-06-20,true,false,251
2018-03-07,81.0077896118164,81.80381774902344,2018-03-06,48.83674621582031,2017-06-20,false,false,251
2018-03-08,78.21359252929688,81.80381774902344,2018-03-06,48.83674621582031,2017-06-20,false,false,251
2018-03-09,76.11792755126953,81.80381774902344,2018-03-06,48.83674621582031,2017-06-20,false,false,251
2018-03-12,75.71177673339844,81.80381774902344,2018-03-06,48.83674621582031,2017-06-20,false,false,251
2018-03-13,76.6621322631836,81.80381774902344,2018-03-06,48.83674621582031,2017-06-20,false,false,251
2018-03-14,76.28038024902344,81.80381774902344,2018-03-06,48.83674621582031,2017-06-20,false,false,251
2018-03-15,77.75872039794922,81.80381774902344,2018-03-06,48.83674621582031,2017-06-20,false,false,251
2018-03-16,78.42477416992188,81.80381774902344,2018-03-06,48.83674621582031,2017-06-20,false,false,251
2018-03-19,76.13418579101562,81.80381774902344,2018-03-06,48.83674621582031,2017-06-20,false,false,251
2018-03-20,77.53939056396484,81.80381774902344,2018-03-06,48.83674621582031,2017-06-20,false,false,251
2018-03-21,79.42387390136719,81.80381774902344,2018-03-06,48.83674621582031,2017-06-20,false,false,251
2018-03-22,74.35530090332031,81.80381774902344,2018-03-06,48.83674621582031,2017-06-20,false,false,251
2018-03-23,74.10350036621094,81.80381774902344,2018-03-06,48.83674621582031,2017-06-20,false,false,251
2018-03-26,75.78489685058594,81.80381774902344,2018-03-06,48.83674621582031,2017-06-20,false,false,251
2018-03-27,73.36433410644531,81.80381774902344,2018-03-06,48.83674621582031,2017-06-20,false,false,251
2018-03-28,73.00692749023438,81.80381774902344,2018-03-06,48.83674621582031,2017-06-20,false,false,251
2018-03-29,74.63146209716797,81.80381774902344,2018-03-06,48.83674621582031,2017-06-20,false,false,251
2018-04-02,74.3796615600586,81.80381774902344,2018-03-06,48.83674621582031,2017-06-20,false,false,250
2018-04-03,76.45096588134766,81.80381774902344,2018-03-06,48.83674621582031,2017-06-20,false,false,250
2018-04-04,76.0448226928711,81.80381774902344,2018-03-06,48.83674621582031,2017-06-20,false,false,250
2018-04-05,76.96267700195312,81.80381774902344,2018-03-06,48.83674621582031,2017-06-20,false,false,250
2018-04-06,75.06196594238281,81.80381774902344,2018-03-06,48.83674621582031,2017-06-20,false,false,250
2018-04-09,76.15042114257812,81.80381774902344,2018-03-06,48.83674621582031,2017-06-20,false,false,250
2018-04-10,79.47259521484375,81.80381774902344,2018-03-06,48.83674621582031,2017-06-20,false,false,250
2018-04-11,77.77495574951172,81.80381774902344,2018-03-06,48.83674621582031,2017-06-20,false,false,250
2018-04-12,78.92025756835938,81.80381774902344,2018-03-06,48.83674621582031,2017-06-20,false,false,250
2018-04-13,78.96900177001953,81.80381774902344,2018-03-06,48.83674621582031,2017-06-20,false,false,250
2018-04-16,77.88054656982422,81.80381774902344,2018-03-06,48.83674621582031,2017-06-20,false,false,251
2018-04-17,78.37603759765625,81.80381774902344,2018-03-06,48.83674621582031,2017-06-20,false,false,251
2018-04-18,79.17205047607422,81.80381774902344,2018-03-06,48.83674621582031,2017-06-20,false,false,251
2018-04-19,81.69010925292969,81.80381774902344,2018-03-06,48.83674621582031,2017-06-20,false,false,251
2018-04-20,81.46266174316406,81.80381774902344,2018-03-06,48.83674621582031,2017-06-20,false,false,251
2018-04-23,80.29300689697266,81.80381774902344,2018-03-06,48.83674621582031,2017-06-20,false,false,251
2018-04-24,79.72439575195312,81.80381774902344,2018-03-06,48.83674621582031,2017-06-20,false,false,251
2018-04-25,78.00239562988281,81.80381774902344,2018-03-06,48.83674621582031,2017-06-20,false,false,251
2018-04-26,66.69558715820312,81.80381774902344,2018-03-06,48.83674621582031,2017-06-20,false,false,251
2018-04-27,64.4455795288086,81.80381774902344,2018-03-06,48.83674621582031,2017-06-20,false,false,251
2018-04-30,65.6558837890625,81.80381774902344,2018-03-06,48.83674621582031,2017-06-20,false,false,251
2018-05-01,63.365264892578125,81.80381774902344,2018-03-06,48.83674621582031,2017-06-20,false,false,251
2018-05-02,63.178443908691406,81.80381774902344,2018-03-06,48.83674621582031,2017-06-20,false,false,251
2018-05-03,64.12068176269531,81.80381774902344,2018-03-06,48.83674621582031,2017-06-20,false,false,251
2018-05-04,65.76957702636719,81.80381774902344,2018-03-06,48.83674621582031,2017-06-20,false,false,251
2018-05-07,65.8670654296875,81.80381774902344,2018-03-06,48.83674621582031,2017-06-20,false,false,251
2018-05-08,64.35624694824219,81.80381774902344,2018-03-06,48.83674621582031,2017-06-20,false,false,251
2018-05-09,62.577362060546875,81.80381774902344,2018-03-06,48.83674621582031,2017-06-20,false,false,251
2018-05-10,62.15497589111328,81.80381774902344,2018-03-06,48.83674621582031,2017-06-20,false,false,251
2018-05-11,62.90227127075195,81.80381774902344,2018-03-06,48.83674621582031,2017-06-20,false,false,251
2018-05-14,63.08097457885742,81.80381774902344,2018-03-06,48.83674621582031,2017-06-20,false,false,251
2018-05-15,64.47807312011719,81.80381774902344,2018-03-06,48.83674621582031,2017-06-20,false,false,251
2018-05-16,65.2659912109375,81.80381774902344,2018-03-06,48.83674621582031,2017-06-20,false,false,251
2018-05-17,65.2091293334961,81.80381774902344,2018-03-06,48.83674621582031,2017-06-20,false,false,251
2018-05-18,64.29125213623047,81.80381774902344,2018-03-06,48.83674621582031,2017-06-20,false,false,251
2018-05-21,64.82733917236328,81.80381774902344,2018-03-06,48.83674621582031,2017-06-20,false,false,251
2018-05-22,65.13601684570312,81.80381774902344,2018-03-06,48.83674621582031,2017-06-20,false,false,251
2018-05-23,65.87519073486328,81.80381774902344,2018-03-06,48.83674621582031,2017-06-20,false,false,251
2018-05-24,64.55931854248047,81.80381774902344,2018-03-06,48.83674621582031,2017-06-20,false,false,251
2018-05-25,65.4771728515625,81.80381774902344,2018-03-06,48.83674621582031,2017-06-20,false,false,251
2018-05-29,67.34539794921875,81.80381774902344,2018-03-06,48.83674621582031,2017-06-20,false,false,251
2018-05-30,68.7656021118164,81.80381774902344,2018-03-06,48.83674621582031,2017-06-20,false,false,251
2018-05-31,67.05972290039062,81.80381774902344,2018-03-06,48.83674621582031,2017-06-20,false,false,251
2018-06-01,68.40646362304688,81.80381774902344,2018-03-06,48.83674621582031,2017-06-20,false,false,251
2018-06-04,68.44727325439453,81.80381774902344,2018-03-06,48.83674621582031,2017-06-20,false,false,251
2018-06-05,69.76138305664062,81.80381774902344,2018-03-06,48.83674621582031,2017-06-20,false,false,251
2018-06-06,69.88380432128906,81.80381774902344,2018-03-06,48.83674621582031,2017-06-20,false,false,251
2018-06-07,70.73265838623047,81.80381774902344,2018-03-06,48.83674621582031,2017-06-20,false,false,251
2018-06-08,69.51651000976562,81.80381774902344,2018-03-06,48.83674621582031,2017-06-20,false,false,251
2018-06-11,69.45938110351562,81.80381774902344,2018-03-06,48.83674621582031,2017-06-20,false,false,251
2018-06-12,69.16552734375,81.80381774902344,2018-03-06,48.83674621582031,2017-06-20,false,false,251
2018-06-13,68.01468658447266,81.80381774902344,2018-03-06,48.83674621582031,2017-06-20,false,false,251
2018-06-14,67.83511352539062,81.80381774902344,2018-03-06,48.83674621582031,2017-06-20,false,false,251
2018-06-15,64.42337799072266,81.80381774902344,2018-03-06,48.83674621582031,2017-06-20,false,false,251
2018-06-18,64.9947280883789,81.80381774902344,2018-03-06,48.83674621582031,2017-06-20,false,false,251
2018-06-19,64.8151626586914,81.80381774902344,2018-03-06,48.83674621582031,2017-06-20,false,false,251
2018-06-20,65.58238983154297,81.80381774902344,2018-03-06,48.83674621582031,2017-06-20,false,false,251
2018-06-21,65.3946533203125,81.80381774902344,2018-03-06,50.103363037109375,2017-06-22,false,false,251
2018-06-22,67.23929595947266,81.80381774902344,2018-03-06,50.103363037109375,2017-06-22,false,false,251
2018-06-25,63.827545166015625,81.80381774902344,2018-03-06,51.93112564086914,2017-06-27,false,false,251
2018-06-26,64.73352813720703,81.80381774902344,2018-03-06,51.93112564086914,2017-06-27,false,false,251
2018-06-27,65.7048110961914,81.80381774902344,2018-03-06,51.93112564086914,2017-06-27,false,false,251
2018-06-28,63.9581184387207,81.80381774902344,2018-03-06,54.43230056762695,2017-06-29,false,false,251
2018-06-29,64.01526641845703,81.80381774902344,2018-03-06,54.43230056762695,2017-06-29,false,false,251
2018-07-02,62.978675842285156,81.80381774902344,2018-03-06,55.11369705200195,2017-07-06,false,false,251
2018-07-03,64.15401458740234,81.80381774902344,2018-03-06,55.11369705200195,2017-07-06,false,false,251
2018-07-05,64.96207427978516,81.80381774902344,2018-03-06,55.11369705200195,2017-07-06,false,false,251
2018-07-06,65.0844955444336,81.80381774902344,2018-03-06,55.11369705200195,2017-07-06,false,false,251
2018-07-09,65.82723999023438,81.80381774902344,2018-03-06,55.881988525390625,2017-10-13,false,false,251
2018-07-10,66.03130340576172,81.80381774902344,2018-03-06,55.881988525390625,2017-10-13,false,false,251
2018-07-11,63.04396057128906,81.80381774902344,2018-03-06,55.881988525390625,2017-10-13,false,false,251
2018-07-12,63.729591369628906,81.80381774902344,2018-03-06,55.881988525390625,2017-10-13,false,false,251
2018-07-13,62.83993148803711,81.80381774902344,2018-03-06,55.881988525390625,2017-10-13,false,false,251
2018-07-16,61.90945053100586,81.80381774902344,2018-03-06,55.881988525390625,2017-10-13,false,false,251
2018-07-17,64.40705871582031,81.80381774902344,2018-03-06,55.881988525390625,2017-10-13,false,false,251
2018-07-18,65.61503601074219,81.80381774902344,2018-03-06,55.881988525390625,2017-10-13,false,false,251
2018-07-19,64.57028198242188,81.80381774902344,2018-03-06,55.881988525390625,2017-10-13,false,false,251
2018-07-20,64.94573974609375,81.80381774902344,2018-03-06,55.881988525390625,2017-10-13,false,false,251
2018-07-23,65.45179748535156,81.80381774902344,2018-03-06,55.881988525390625,2017-10-13,false,false,251
2018-07-24,66.62712860107422,81.80381774902344,2018-03-06,55.881988525390625,2017-10-13,false,false,251
2018-07-25,68.03916931152344,81.80381774902344,2018-03-06,55.881988525390625,2017-10-13,false,false,251
2018-07-26,69.37774658203125,81.80381774902344,2018-03-06,55.881988525390625,2017-10-13,false,false,251
2018-07-27,66.3659439086914,81.80381774902344,2018-03-06,55.881988525390625,2017-10-13,false,false,251
2018-07-30,66.09660339355469,81.80381774902344,2018-03-06,55.881988525390625,2017-10-13,false,false,251
2018-07-31,69.0431137084961,81.80381774902344,2018-03-06,55.881988525390625,2017-10-13,false,false,251
2018-08-01,71.01834106445312,81.80381774902344,2018-03-06,55.881988525390625,2017-10-13,false,false,251
2018-08-02,72.10388946533203,81.80381774902344,2018-03-06,55.881988525390625,2017-10-13,false,false,251
2018-08-03,72.86296081542969,81.80381774902344,2018-03-06,55.881988525390625,2017-10-13,false,false,251
2018-08-06,72.81400299072266,81.80381774902344,2018-03-06,55.881988525390625,2017-10-13,false,false,251
2018-08-07,72.32427978515625,81.80381774902344,2018-03-06,55.881988525390625,2017-10-13,false,false,251
2018-08-08,72.85479736328125,81.80381774902344,2018-03-06,55.881988525390625,2017-10-13,false,false,251
2018-08-09,73.05886840820312,81.80381774902344,2018-03-06,55.881988525390625,2017-10-13,false,false,251
2018-08-10,72.52015686035156,81.80381774902344,2018-03-06,55.881988525390625,2017-10-13,false,false,251
2018-08-13,71.9406509399414,81.80381774902344,2018-03-06,55.881988525390625,2017-10-13,false,false,251
2018-08-14,71.96514892578125,81.80381774902344,2018-03-06,55.881988525390625,2017-10-13,false,false,251
2018-08-15,71.2795181274414,81.80381774902344,2018-03-06,55.881988525390625,2017-10-13,false,false,251
2018-08-16,72.76502227783203,81.80381774902344,2018-03-06,55.881988525390625,2017-10-13,false,false,251
2018-08-17,73.2955551147461,81.80381774902344,2018-03-06,55.881988525390625,2017-10-13,false,false,251
2018-08-20,73.61387634277344,81.80381774902344,2018-03-06,55.881988525390625,2017-10-13,false,false,251
2018-08-21,74.22604370117188,81.80381774902344,2018-03-06,55.881988525390625,2017-10-13,false,false,251
2018-08-22,74.2096939086914,81.80381774902344,2018-03-06,55.881988525390625,2017-10-13,false,false,251
2018-08-23,72.38956451416016,81.80381774902344,2018-03-06,55.881988525390625,2017-10-13,false,false,251
2018-08-24,71.72843170166016,81.80381774902344,2018-03-06,55.881988525390625,2017-10-13,false,false,251
2018-08-27,72.68341064453125,81.80381774902344,2018-03-06,55.881988525390625,2017-10-13,false,false,251
2018-08-28,71.88352966308594,81.80381774902344,2018-03-06,55.881988525390625,2017-10-13,false,false,251
2018-08-29,73.10783386230469,81.80381774902344,2018-03-06,55.881988525390625,2017-10-13,false,false,251
2018-08-30,72.07479858398438,81.80381774902344,2018-03-06,55.881988525390625,2017-10-13,false,false,251
2018-08-31,72.69789123535156,81.80381774902344,2018-03-06,55.881988525390625,2017-10-13,false,false,251
2018-09-04,72.6487045288086,81.80381774902344,2018-03-06,55.881988525390625,2017-10-13,false,false,251
2018-09-05,74.38683319091797,81.80381774902344,2018-03-06,55.881988525390625,2017-10-13,false,false,251
2018-09-06,74.05068969726562,81.80381774902344,2018-03-06,55.881988525390625,2017-10-13,false,false,251
2018-09-07,74.51801300048828,81.80381774902344,2018-03-06,55.881988525390625,2017-10-13,false,false,251
2018-09-10,73.90310668945312,81.80381774902344,2018-03-06,55.881988525390625,2017-10-13,false,false,251
2018-09-11,73.97689819335938,81.80381774902344,2018-03-06,55.881988525390625,2017-10-13,false,false,251
2018-09-12,74.82135772705078,81.80381774902344,2018-03-06,55.881988525390625,2017-10-13,false,false,251
2018-09-13,73.3456039428711,81.80381774902344,2018-03-06,55.881988525390625,2017-10-13,false,false,251
2018-09-14,72.96025085449219,81.80381774902344,2018-03-06,55.881988525390625,2017-10-13,false,false,251
2018-09-17,73.65713500976562,81.80381774902344,2018-03-06,55.881988525390625,2017-10-13,false,false,251
2018-09-18,74.28023529052734,81.80381774902344,2018-03-06,55.881988525390625,2017-10-13,false,false,251
2018-09-19,74.4032211303711,81.80381774902344,2018-03-06,55.881988525390625,2017-10-13,false,false,251
2018-09-20,74.26383972167969,81.80381774902344,2018-03-06,55.881988525390625,2017-10-13,false,false,251
2018-09-21,74.20645141601562,81.80381774902344,2018-03-06,55.881988525390625,2017-10-13,false,false,251
2018-09-24,75.94459533691406,81.80381774902344,2018-03-06,55.881988525390625,2017-10-13,false,false,251
2018-09-25,77.49413299560547,81.80381774902344,2018-03-06,55.881988525390625,2017-10-13,false,false,251
2018-09-26,74.21464538574219,81.80381774902344,2018-03-06,55.881988525390625,2017-10-13,false,false,251
2018-09-27,73.76373291015625,81.80381774902344,2018-03-06,55.881988525390625,2017-10-13,false,false,251
2018-09-28,73.29640197753906,81.80381774902344,2018-03-06,55.881988525390625,2017-10-13,false,false,251
2018-10-01,76.22334289550781,81.80381774902344,2018-03-06,55.881988525390625,2017-10-13,false,false,251
2018-10-02,75.94459533691406,81.80381774902344,2018-03-06,55.881988525390625,2017-10-13,false,false,251
2018-10-03,76.45291137695312,81.80381774902344,2018-03-06,55.881988525390625,2017-10-13,false,false,251
2018-10-04,75.17389678955078,81.80381774902344,2018-03-06,55.881988525390625,2017-10-13,false,false,251
2018-10-05,74.92793273925781,81.80381774902344,2018-03-06,55.881988525390625,2017-10-13,false,false,251
2018-10-08,75.84619903564453,81.80381774902344,2018-03-06,55.881988525390625,2017-10-13,false,false,251
2018-10-09,74.9853286743164,81.80381774902344,2018-03-06,55.881988525390625,2017-10-13,false,false,251
2018-10-10,73.88670349121094,81.80381774902344,2018-03-06,55.881988525390625,2017-10-13,false,false,251
2018-10-11,74.42781066894531,81.80381774902344,2018-03-06,55.881988525390625,2017-10-13,false,false,251
2018-10-12,75.14109802246094,81.80381774902344,2018-03-06,55.881988525390625,2017-10-13,false,false,251
2018-10-15,76.95301818847656,81.80381774902344,2018-03-06,55.881988525390625,2017-10-13,false,false,251
2018-10-16,79.57660675048828,81.80381774902344,2018-03-06,57.822837829589844,2017-10-30,false,false,251
2018-10-17,79.82257080078125,81.80381774902344,2018-03-06,57.822837829589844,2017-10-30,false,false,251
2018-10-18,76.28073120117188,81.80381774902344,2018-03-06,57.822837829589844,2017-10-30,false,false,251
2018-10-19,76.42830657958984,81.80381774902344,2018-03-06,57.822837829589844,2017-10-30,false,false,251
2018-10-22,77.76468658447266,81.80381774902344,2018-03-06,57.822837829589844,2017-10-30,false,false,251
2018-10-23,78.31400299072266,81.80381774902344,2018-03-06,57.822837829589844,2017-10-30,false,false,251
2018-10-24,73.7309341430664,81.80381774902344,2018-03-06,57.822837829589844,2017-10-30,false,false,251
2018-10-25,73.72274017333984,81.80381774902344,2018-03-06,57.822837829589844,2017-10-30,false,false,251
2018-10-26,75.94459533691406,81.80381774902344,2018-03-06,57.822837829589844,2017-10-30,false,false,251
2018-10-29,76.33811950683594,81.80381774902344,2018-03-06,57.822837829589844,2017-10-30,false,false,251
2018-10-30,76.31352233886719,81.80381774902344,2018-03-06,57.822837829589844,2017-10-30,false,false,251
2018-10-31,78.62556457519531,81.80381774902344,2018-03-06,61.90945053100586,2018-07-16,false,false,251
2018-11-01,77.14979553222656,81.80381774902344,2018-03-06,61.90945053100586,2018-07-16,false,false,251
2018-11-02,77.63351440429688,81.80381774902344,2018-03-06,61.90945053100586,2018-07-16,false,false,251
2018-11-05,77.92867279052734,81.80381774902344,2018-03-06,61.90945053100586,2018-07-16,false,false,251
2018-11-06,76.9858169555664,81.80381774902344,2018-03-06,61.90945053100586,2018-07-16,false,false,251
2018-11-07,78.10083770751953,81.80381774902344,2018-03-06,61.90945053100586,2018-07-16,false,false,251
2018-11-08,76.97762298583984,81.80381774902344,2018-03-06,61.90945053100586,2018-07-16,false,false,251
2018-11-09,77.29736328125,81.80381774902344,2018-03-06,61.90945053100586,2018-07-16,false,false,251
2018-11-12,77.57611846923828,81.80381774902344,2018-03-06,61.90945053100586,2018-07-16,false,false,251
2018-11-13,77.87947082519531,81.80381774902344,2018-03-06,61.90945053100586,2018-07-16,false,false,251
2018-11-14,76.78085327148438,81.80381774902344,2018-03-06,61.90945053100586,2018-07-16,false,false,251
2018-11-15,77.64171600341797,81.80381774902344,2018-03-06,61.90945053100586,2018-07-16,false,false,251
2018-11-16,78.86331939697266,81.80381774902344,2018-03-06,61.90945053100586,2018-07-16,false,false,251
2018-11-19,75.74779510498047,81.80381774902344,2018-03-06,61.90945053100586,2018-07-16,false,false,251
2018-11-20,69.9759292602539,81.80381774902344,2018-03-06,61.90945053100586,2018-07-16,false,false,251
2018-11-21,68.78711700439453,81.80381774902344,2018-03-06,61.90945053100586,2018-07-16,false,false,251
2018-11-23,67.32775115966797,81.80381774902344,2018-03-06,61.90945053100586,2018-07-16,false,false,251
2018-11-26,64.6877670288086,81.80381774902344,2018-03-06,61.90945053100586,2018-07-16,false,false,251
2018-11-27,65.42565155029297,81.80381774902344,2018-03-06,61.90945053100586,2018-07-16,false,false,251
2018-11-28,67.49991607666016,81.80381774902344,2018-03-06,61.90945053100586,2018-07-16,false,false,251
2018-11-29,68.06015014648438,81.80381774902344,2018-03-06,61.90945053100586,2018-07-16,false,false,251
2018-11-30,66.9561538696289,81.80381774902344,2018-03-06,61.90945053100586,2018-07-16,false,false,251
2018-12-03,69.97977447509766,81.80381774902344,2018-03-06,61.90945053100586,2018-07-16,false,false,251
2018-12-04,69.82323455810547,81.80381774902344,2018-03-06,61.90945053100586,2018-07-16,false,false,251
2018-12-06,68.43913269042969,81.80381774902344,2018-03-06,61.90945053100586,2018-07-16,false,false,250
2018-12-07,69.77381134033203,81.80381774902344,2018-03-06,61.90945053100586,2018-07-16,false,false,250
2018-12-10,70.7459716796875,81.80381774902344,2018-03-06,61.90945053100586,2018-07-16,false,false,250
2018-12-11,70.86955261230469,81.80381774902344,2018-03-06,61.90945053100586,2018-07-16,false,false,250
2018-12-12,70.59768676757812,81.80381774902344,2018-03-06,61.90945053100586,2018-07-16,false,false,250
2018-12-13,70.9437026977539,81.80381774902344,2018-03-06,61.90945053100586,2018-07-16,false,false,250
2018-12-14,68.99112701416016,81.80381774902344,2018-03-06,61.90945053100586,2018-07-16,false,false,250
2018-12-17,68.27436065673828,81.80381774902344,2018-03-06,61.90945053100586,2018-07-16,false,false,250
2018-12-18,68.32379150390625,81.80381774902344,2018-03-06,61.90945053100586,2018-07-16,false,false,250
2018-12-19,66.37944030761719,81.80381774902344,2018-03-06,61.90945053100586,2018-07-16,false,false,250
2018-12-20,66.08285522460938,81.80381774902344,2018-03-06,61.90945053100586,2018-07-16,false,false,250
2018-12-21,65.86042022705078,81.80381774902344,2018-03-06,61.90945053100586,2018-07-16,false,false,250
2018-12-24,64.97886657714844,81.80381774902344,2018-03-06,61.90945053100586,2018-07-16,false,false,250
2018-12-26,67.37633514404297,81.80381774902344,2018-03-06,61.90945053100586,2018-07-16,false,false,250
2018-12-27,68.03543853759766,81.80381774902344,2018-03-06,61.90945053100586,2018-07-16,false,false,250
2018-12-28,68.23316955566406,81.80381774902344,2018-03-06,61.90945053100586,2018-07-16,false,false,250
2018-12-31,68.37322998046875,81.80381774902344,2018-03-06,61.90945053100586,2018-07-16,false,false,250
2019-01-02,69.96329498291016,81.80381774902344,2018-03-06,61.90945053100586,2018-07-16,false,false,250
2019-01-03,67.25274658203125,81.80381774902344,2018-03-06,61.90945053100586,2018-07-16,false,false,250
2019-01-04,69.39482116699219,81.80381774902344,2018-03-06,61.90945053100586,2018-07-16,false,false,250
2019-01-07,68.05191040039062,81.80381774902344,2018-03-06,61.90945053100586,2018-07-16,false,false,250
2019-01-08,68.27436065673828,81.80381774902344,2018-03-06,61.90945053100586,2018-07-16,false,false,250
2019-01-09,70.43289947509766,81.80381774902344,2018-03-06,61.90945053100586,2018-07-16,false,false,250
2019-01-10,70.90251922607422,81.80381774902344,2018-03-06,61.90945053100586,2018-07-16,false,false,250
2019-01-11,70.86955261230469,81.80381774902344,2018-03-06,61.90945053100586,2018-07-16,false,false,250
2019-01-14,70.4905776977539,81.80381774902344,2018-03-06,61.90945053100586,2018-07-16,false,false,250
2019-01-15,66.47830963134766,81.80381774902344,2018-03-06,61.90945053100586,2018-07-16,false,false,251
2019-01-16,66.9726333618164,81.80381774902344,2018-03-06,61.90945053100586,2018-07-16,false,false,251
2019-01-17,70.80364227294922,81.80381774902344,2018-03-06,61.90945053100586,2018-07-16,false,false,251
2019-01-18,71.20734405517578,81.80381774902344,2018-03-06,61.90945053100586,2018-07-16,false,false,251
2019-01-22,70.90251922607422,81.80381774902344,2018-03-06,61.90945053100586,2018-07-16,false,false,250
2019-01-23,71.24030303955078,81.80381774902344,2018-03-06,61.90945053100586,2018-07-16,false,false,250
2019-01-24,70.45762634277344,81.80381774902344,2018-03-06,61.90945053100586,2018-07-16,false,false,250
2019-01-25,71.65223693847656,81.80381774902344,2018-03-06,61.90945053100586,2018-07-16,false,false,250
2019-01-28,71.02609252929688,81.80381774902344,2018-03-06,61.90945053100586,2018-07-16,false,false,250
2019-01-29,70.56472778320312,81.80381774902344,2018-03-06,61.90945053100586,2018-07-16,false,false,250
2019-01-30,71.37212371826172,81.80381774902344,2018-03-06,61.90945053100586,2018-07-16,false,false,250
2019-01-31,72.6079330444336,81.80381774902344,2018-03-06,61.90945053100586,2018-07-16,false,false,250
2019-02-01,72.68208312988281,81.80381774902344,2018-03-06,61.90945053100586,2018-07-16,false,false,250
2019-02-04,72.5255355834961,81.80381774902344,2018-03-06,61.90945053100586,2018-07-16,false,false,250
2019-02-05,72.71503448486328,81.80381774902344,2018-03-06,61.90945053100586,2018-07-16,false,false,250
2019-02-06,71.99002075195312,81.80381774902344,2018-03-06,61.90945053100586,2018-07-16,false,false,250
2019-02-07,70.78717041015625,81.80381774902344,2018-03-06,61.90945053100586,2018-07-16,false,false,250
2019-02-08,67.260986328125,81.80381774902344,2018-03-06,61.90945053100586,2018-07-16,false,false,250
2019-02-11,66.57717895507812,81.80381774902344,2018-03-06,61.90945053100586,2018-07-16,false,false,250
2019-02-12,67.5987777709961,81.80381774902344,2018-03-06,61.90945053100586,2018-07-16,false,false,250
2019-02-13,68.5874252319336,81.80381774902344,2018-03-06,61.90945053100586,2018-07-16,false,false,250
2019-02-14,73.63777160644531,81.80381774902344,2018-03-06,61.90945053100586,2018-07-16,false,false,250
2019-02-15,72.80567169189453,81.80381774902344,2018-03-06,61.90945053100586,2018-07-16,false,false,250
2019-02-19,74.0250015258789,81.80381774902344,2018-03-06,61.90945053100586,2018-07-16,false,false,250
2019-02-20,74.9147720336914,81.80381774902344,2018-03-06,61.90945053100586,2018-07-16,false,false,250
2019-02-21,75.5573959350586,81.80381774902344,2018-03-06,61.90945053100586,2018-07-16,false,false,250
2019-02-22,74.85710144042969,81.80381774902344,2018-03-06,61.90945053100586,2018-07-16,false,false,250
2019-02-25,74.93950653076172,81.80381774902344,2018-03-06,61.90945053100586,2018-07-16,false,false,250
2019-02-26,75.73865509033203,81.80381774902344,2018-03-06,61.90945053100586,2018-07-16,false,false,250
2019-02-27,77.07332611083984,81.80381774902344,2018-03-06,61.90945053100586,2018-07-16,false,false,250
2019-02-28,76.75201416015625,81.80381774902344,2018-03-06,61.90945053100586,2018-07-16,false,false,250
2019-03-01,77.14747619628906,81.80381774902344,2018-03-06,61.90945053100586,2018-07-16,false,false,250
2019-03-04,75.06957244873047,81.80381774902344,2018-03-06,61.90945053100586,2018-07-16,false,false,250
2019-03-05,76.06298828125,81.80381774902344,2018-03-06,61.90945053100586,2018-07-16,false,false,250
2019-03-06,73.72844696044922,81.80381774902344,2018-03-06,61.90945053100586,2018-07-16,false,false,250
2019-03-07,73.83606719970703,81.69010925292969,2018-04-19,61.90945053100586,2018-07-16,false,false,250
2019-03-08,73.32279205322266,81.69010925292969,2018-04-19,61.90945053100586,2018-07-16,false,false,250
2019-03-11,75.13578796386719,81.69010925292969,2018-04-19,61.90945053100586,2018-07-16,false,false,250
2019-03-12,75.79806518554688,81.69010925292969,2018-04-19,61.90945053100586,2018-07-16,false,false,250
2019-03-13,76.56797790527344,81.69010925292969,2018-04-19,61.90945053100586,2018-07-16,false,false,250
2019-03-14,76.55970001220703,81.69010925292969,2018-04-19,61.90945053100586,2018-07-16,false,false,250
2019-03-15,75.18547058105469,81.69010925292969,2018-04-19,61.90945053100586,2018-07-16,false,false,250
2019-03-18,75.58282470703125,81.69010925292969,2018-04-19,61.90945053100586,2018-07-16,false,false,250
2019-03-19,75.88912963867188,81.69010925292969,2018-04-19,61.90945053100586,2018-07-16,false,false,250
2019-03-20,74.34104919433594,81.69010925292969,2018-04-19,61.90945053100586,2018-07-16,false,false,250
2019-03-21,76.02987670898438,81.69010925292969,2018-04-19,61.90945053100586,2018-07-16,false,false,250
2019-03-22,74.98677062988281,81.69010925292969,2018-04-19,61.90945053100586,2018-07-16,false,false,250
2019-03-25,74.27483367919922,81.69010925292969,2018-04-19,61.90945053100586,2018-07-16,false,false,250
2019-03-26,75.32620239257812,81.69010925292969,2018-04-19,61.90945053100586,2018-07-16,false,false,250
2019-03-27,74.02645111083984,81.69010925292969,2018-04-19,61.90945053100586,2018-07-16,false,false,250
2019-03-28,76.45207214355469,81.69010925292969,2018-04-19,61.90945053100586,2018-07-16,false,false,250
2019-03-29,75.55799102783203,81.69010925292969,2018-04-19,61.90945053100586,2018-07-16,false,false,250
2019-04-01,75.96365356445312,81.69010925292969,2018-04-19,61.90945053100586,2018-07-16,false,false,251
2019-04-02,75.55799102783203,81.69010925292969,2018-04-19,61.90945053100586,2018-07-16,false,false,251
2019-04-03,74.9122543334961,81.69010925292969,2018-04-19,61.90945053100586,2018-07-16,false,false,251
2019-04-04,75.11923217773438,81.69010925292969,2018-04-19,61.90945053100586,2018-07-16,false,false,251
2019-04-05,75.94708251953125,81.69010925292969,2018-04-19,61.90945053100586,2018-07-16,false,false,251
2019-04-08,74.879150390625,81.69010925292969,2018-04-19,61.90945053100586,2018-07-16,false,false,251
2019-04-09,73.3890151977539,81.69010925292969,2018-04-19,61.90945053100586,2018-07-16,false,false,251
2019-04-10,73.66221618652344,81.69010925292969,2018-04-19,61.90945053100586,2018-07-16,false,false,251
2019-04-11,72.2879867553711,81.69010925292969,2018-04-19,61.90945053100586,2018-07-16,false,false,251
2019-04-12,72.19691467285156,81.69010925292969,2018-04-19,61.90945053100586,2018-07-16,false,false,251
2019-04-15,71.78298950195312,81.69010925292969,2018-04-19,61.90945053100586,2018-07-16,false,false,251
2019-04-16,73.56287384033203,81.69010925292969,2018-04-19,61.90945053100586,2018-07-16,false,false,251
2019-04-17,74.39901733398438,81.69010925292969,2018-04-19,61.90945053100586,2018-07-16,false,false,251
2019-04-18,74.12580871582031,81.69010925292969,2018-04-19,61.90945053100586,2018-07-16,false,false,251
2019-04-22,75.85601806640625,81.69010925292969,2018-04-19,61.90945053100586,2018-07-16,false,false,250
2019-04-23,82.75202941894531,82.75202941894531,2019-04-23,61.90945053100586,2018-07-16,true,false,250
2019-04-24,82.57817077636719,82.75202941894531,2019-04-23,61.90945053100586,2018-07-16,false,false,250
2019-04-25,81.56818389892578,82.75202941894531,2019-04-23,61.90945053100586,2018-07-16,false,false,250
2019-04-26,82.56988525390625,82.75202941894531,2019-04-23,61.90945053100586,2018-07-16,false,false,250
2019-04-29,82.5119400024414,82.75202941894531,2019-04-23,61.90945053100586,2018-07-16,false,false,250
2019-04-30,80.2850341796875,82.75202941894531,2019-04-23,61.90945053100586,2018-07-16,false,false,250
2019-05-01,80.22708129882812,82.75202941894531,2019-04-23,61.90945053100586,2018-07-16,false,false,250
2019-05-02,78.62931823730469,82.75202941894531,2019-04-23,61.90945053100586,2018-07-16,false,false,250
2019-05-03,80.90592193603516,82.75202941894531,2019-04-23,61.90945053100586,2018-07-16,false,false,250
2019-05-06,80.26018524169922,82.75202941894531,2019-04-23,61.90945053100586,2018-07-16,false,false,250
2019-05-07,79.90421295166016,82.75202941894531,2019-04-23,61.90945053100586,2018-07-16,false,false,250
2019-05-08,79.1591567993164,82.75202941894531,2019-04-23,61.90945053100586,2018-07-16,false,false,250
2019-05-09,79.24193572998047,82.75202941894531,2019-04-23,61.90945053100586,2018-07-16,false,false,250
2019-05-10,80.5665054321289,82.75202941894531,2019-04-23,61.90945053100586,2018-07-16,false,false,250
2019-05-13,75.87257385253906,82.75202941894531,2019-04-23,61.90945053100586,2018-07-16,false,false,250
2019-05-14,76.54313659667969,82.75202941894531,2019-04-23,61.90945053100586,2018-07-16,false,false,250
2019-05-15,76.7335433959961,82.75202941894531,2019-04-23,61.90945053100586,2018-07-16,false,false,250
2019-05-16,76.8328857421875,82.75202941894531,2019-04-23,61.90945053100586,2018-07-16,false,false,250
2019-05-17,74.7384262084961,82.75202941894531,2019-04-23,61.90945053100586,2018-07-16,false,false,250
2019-05-20,74.02645111083984,82.75202941894531,2019-04-23,61.90945053100586,2018-07-16,false,false,250
2019-05-21,74.68047332763672,82.75202941894531,2019-04-23,61.90945053100586,2018-07-16,false,false,250
2019-05-22,74.48179626464844,82.75202941894531,2019-04-23,61.90945053100586,2018-07-16,false,false,250
2019-05-23,73.12410736083984,82.75202941894531,2019-04-23,61.90945053100586,2018-07-16,false,false,250
2019-05-24,73.35591125488281,82.75202941894531,2019-04-23,61.90945053100586,2018-07-16,false,false,250
2019-05-28,72.72673797607422,82.75202941894531,2019-04-23,61.90945053100586,2018-07-16,false,false,250
2019-05-29,72.67707061767578,82.75202941894531,2019-04-23,61.90945053100586,2018-07-16,false,false,250
2019-05-30,72.91007995605469,82.75202941894531,2019-04-23,61.90945053100586,2018-07-16,false,false,250
2019-05-31,73.35108947753906,82.75202941894531,2019-04-23,61.90945053100586,2018-07-16,false,false,250
2019-06-03,72.81021118164062,82.75202941894531,2019-04-23,61.90945053100586,2018-07-16,false,false,250
2019-06-04,74.2830581665039,82.75202941894531,2019-04-23,61.90945053100586,2018-07-16,false,false,250
2019-06-05,73.25955963134766,82.75202941894531,2019-04-23,61.90945053100586,2018-07-16,false,false,250
2019-06-06,72.96831512451172,82.75202941894531,2019-04-23,61.90945053100586,2018-07-16,false,false,250
2019-06-07,73.85035705566406,82.75202941894531,2019-04-23,61.90945053100586,2018-07-16,false,false,250
2019-06-10,73.92524719238281,82.75202941894531,2019-04-23,61.90945053100586,2018-07-16,false,false,250
2019-06-11,74.4994125366211,82.75202941894531,2019-04-23,61.90945053100586,2018-07-16,false,false,250
2019-06-12,73.20130920410156,82.75202941894531,2019-04-23,61.90945053100586,2018-07-16,false,false,250
2019-06-13,73.33443450927734,82.75202941894531,2019-04-23,61.90945053100586,2018-07-16,false,false,250
2019-06-14,73.76714324951172,82.75202941894531,2019-04-23,61.90945053100586,2018-07-16,false,false,250
2019-06-17,74.2830581665039,82.75202941894531,2019-04-23,61.90945053100586,2018-07-16,false,false,250
2019-06-18,75.22335052490234,82.75202941894531,2019-04-23,61.90945053100586,2018-07-16,false,false,250
2019-06-19,78.56015014648438,82.75202941894531,2019-04-23,61.90945053100586,2018-07-16,false,false,250
2019-06-20,78.51020050048828,82.75202941894531,2019-04-23,61.90945053100586,2018-07-16,false,false,250
2019-06-21,78.14408111572266,82.75202941894531,2019-04-23,61.90945053100586,2018-07-16,false,false,250
2019-06-24,76.53810119628906,82.75202941894531,2019-04-23,61.90945053100586,2018-07-16,false,false,250
2019-06-25,73.87532806396484,82.75202941894531,2019-04-23,61.90945053100586,2018-07-16,false,false,250
2019-06-26,74.9404296875,82.75202941894531,2019-04-23,61.90945053100586,2018-07-16,false,false,250
2019-06-27,75.72261810302734,82.75202941894531,2019-04-23,61.90945053100586,2018-07-16,false,false,250
2019-06-28,78.39371490478516,82.75202941894531,2019-04-23,61.90945053100586,2018-07-16,false,false,250
2019-07-01,78.06086730957031,82.75202941894531,2019-04-23,61.90945053100586,2018-07-16,false,false,250
2019-07-02,75.22335052490234,82.75202941894531,2019-04-23,61.90945053100586,2018-07-16,false,false,250
2019-07-03,75.31488037109375,82.75202941894531,2019-04-23,61.90945053100586,2018-07-16,false,false,250
2019-07-05,75.71430206298828,82.75202941894531,2019-04-23,61.90945053100586,2018-07-16,false,false,250
2019-07-08,75.77255249023438,82.75202941894531,2019-04-23,61.90945053100586,2018-07-16,false,false,250
2019-07-09,74.77400970458984,82.75202941894531,2019-04-23,61.90945053100586,2018-07-16,false,false,250
2019-07-10,74.4494857788086,82.75202941894531,2019-04-23,61.90945053100586,2018-07-16,false,false,250
2019-07-11,74.1998519897461,82.75202941894531,2019-04-23,61.90945053100586,2018-07-16,false,false,250
2019-07-12,75.07357788085938,82.75202941894531,2019-04-23,61.90945053100586,2018-07-16,false,false,250
2019-07-15,73.76714324951172,82.75202941894531,2019-04-23,61.90945053100586,2018-07-16,false,false,250
2019-07-16,74.50772857666016,82.75202941894531,2019-04-23,61.90945053100586,2018-07-16,false,false,250
2019-07-17,73.31780242919922,82.75202941894531,2019-04-23,64.57028198242188,2018-07-19,false,false,250
2019-07-18,71.56202697753906,82.75202941894531,2019-04-23,64.57028198242188,2018-07-19,false,false,250
2019-07-19,72.13619995117188,82.75202941894531,2019-04-23,64.57028198242188,2018-07-19,false,false,250
2019-07-22,73.64232635498047,82.75202941894531,2019-04-23,64.6877670288086,2018-11-26,false,false,250
2019-07-23,75.10685729980469,82.75202941894531,2019-04-23,64.6877670288086,2018-11-26,false,false,250
2019-07-24,75.8307876586914,82.75202941894531,2019-04-23,64.6877670288086,2018-11-26,false,false,250
2019-07-25,74.09999084472656,82.75202941894531,2019-04-23,64.6877670288086,2018-11-26,false,false,250
2019-07-26,76.12203979492188,82.75202941894531,2019-04-23,64.6877670288086,2018-11-26,false,false,250
2019-07-29,75.11518096923828,82.75202941894531,2019-04-23,64.6877670288086,2018-11-26,false,false,250
2019-07-30,76.22187805175781,82.75202941894531,2019-04-23,64.6877670288086,2018-11-26,false,false,250
2019-07-31,74.19153594970703,82.75202941894531,2019-04-23,64.6877670288086,2018-11-26,false,false,250
2019-08-01,65.35443878173828,82.75202941894531,2019-04-23,64.6877670288086,2018-11-26,false,false,250
2019-08-02,65.14641571044922,82.75202941894531,2019-04-23,64.6877670288086,2018-11-26,false,false,250
2019-08-05,64.23109436035156,82.75202941894531,2019-04-23,64.23109436035156,2019-08-05,false,true,250
2019-08-06,63.34071350097656,82.75202941894531,2019-04-23,63.34071350097656,2019-08-06,false,true,250
2019-08-07,63.05780029296875,82.75202941894531,2019-04-23,63.05780029296875,2019-08-07,false,true,250
2019-08-08,65.34612274169922,82.75202941894531,2019-04-23,63.05780029296875,2019-08-07,false,false,250
2019-08-09,63.307437896728516,82.75202941894531,2019-04-23,63.05780029296875,2019-08-07,false,false,250
2019-08-12,62.84977340698242,82.75202941894531,2019-04-23,62.84977340698242,2019-08-12,false,true,250
2019-08-13,64.52232360839844,82.75202941894531,2019-04-23,62.84977340698242,2019-08-12,false,false,250
2019-08-14,62.82482147216797,82.75202941894531,2019-04-23,62.82482147216797,2019-08-14,false,true,250
2019-08-15,62.72494125366211,82.75202941894531,2019-04-23,62.72494125366211,2019-08-15,false,true,250
2019-08-16,63.9232063293457,82.75202941894531,2019-04-23,62.72494125366211,2019-08-15,false,false,250
2019-08-19,64.8635025024414,82.75202941894531,2019-04-23,62.72494125366211,2019-08-15,false,false,250
2019-08-20,63.914886474609375,82.75202941894531,2019-04-23,62.72494125366211,2019-08-15,false,false,250
2019-08-21,64.79692840576172,82.75202941894531,2019-04-23,62.72494125366211,2019-08-15,false,false,250
2019-08-22,62.47532653808594,82.75202941894531,2019-04-23,62.47532653808594,2019-08-22,false,true,250
2019-08-23,60.35342788696289,82.75202941894531,2019-04-23,60.35342788696289,2019-08-23,false,true,250
2019-08-26,62.22568893432617,82.75202941894531,2019-04-23,60.35342788696289,2019-08-23,false,false,250
2019-08-27,63.55707550048828,82.75202941894531,2019-04-23,60.35342788696289,2019-08-23,false,false,250
2019-08-28,61.62656784057617,82.75202941894531,2019-04-23,60.35342788696289,2019-08-23,false,false,250
2019-08-29,63.07491683959961,82.75202941894531,2019-04-23,60.35342788696289,2019-08-23,false,false,250
2019-08-30,64.09632110595703,82.75202941894531,2019-04-23,60.35342788696289,2019-08-23,false,false,250
2019-09-03,64.21353149414062,82.75202941894531,2019-04-23,60.35342788696289,2019-08-23,false,false,250
2019-09-04,65.05072021484375,82.75202941894531,2019-04-23,60.35342788696289,2019-08-23,false,false,250
2019-09-05,63.76142883300781,82.75202941894531,2019-04-23,60.35342788696289,2019-08-23,false,false,250
2019-09-06,64.16329193115234,82.75202941894531,2019-04-23,60.35342788696289,2019-08-23,false,false,250
2019-09-09,67.81350708007812,82.75202941894531,2019-04-23,60.35342788696289,2019-08-23,false,false,250
2019-09-10,68.73442077636719,82.75202941894531,2019-04-23,60.35342788696289,2019-08-23,false,false,250
2019-09-11,69.0693130493164,82.75202941894531,2019-04-23,60.35342788696289,2019-08-23,false,false,250
2019-09-12,67.32791900634766,82.75202941894531,2019-04-23,60.35342788696289,2019-08-23,false,false,250
2019-09-13,67.4534912109375,82.75202941894531,2019-04-23,60.35342788696289,2019-08-23,false,false,250
2019-09-16,68.642333984375,82.75202941894531,2019-04-23,60.35342788696289,2019-08-23,false,false,250
2019-09-17,67.46186828613281,82.75202941894531,2019-04-23,60.35342788696289,2019-08-23,false,false,250
2019-09-18,64.9167709350586,82.75202941894531,2019-04-23,60.35342788696289,2019-08-23,false,false,250
2019-09-19,63.619102478027344,82.75202941894531,2019-04-23,60.35342788696289,2019-08-23,false,false,250
2019-09-20,60.22843551635742,82.75202941894531,2019-04-23,60.22843551635742,2019-09-20,false,true,250
2019-09-23,61.216331481933594,82.75202941894531,2019-04-23,60.22843551635742,2019-09-20,false,false,250
2019-09-24,58.026580810546875,82.75202941894531,2019-04-23,58.026580810546875,2019-09-24,false,true,250
2019-09-25,60.53819274902344,82.75202941894531,2019-04-23,58.026580810546875,2019-09-24,false,false,250
2019-09-26,60.69727325439453,82.75202941894531,2019-04-23,58.026580810546875,2019-09-24,false,false,250
2019-09-27,62.296329498291016,82.75202941894531,2019-04-23,58.026580810546875,2019-09-24,false,false,250
2019-09-30,62.12049865722656,82.75202941894531,2019-04-23,58.026580810546875,2019-09-24,false,false,250
2019-10-01,61.60144805908203,82.75202941894531,2019-04-23,58.026580810546875,2019-09-24,false,false,250
2019-10-02,62.48888397216797,82.75202941894531,2019-04-23,58.026580810546875,2019-09-24,false,false,250
2019-10-03,63.76142883300781,82.75202941894531,2019-04-23,58.026580810546875,2019-09-24,false,false,250
2019-10-04,64.23863983154297,82.75202941894531,2019-04-23,58.026580810546875,2019-09-24,false,false,250
2019-10-07,63.267494201660156,82.75202941894531,2019-04-23,58.026580810546875,2019-09-24,false,false,250
2019-10-08,62.220977783203125,82.75202941894531,2019-04-23,58.026580810546875,2019-09-24,false,false,250
2019-10-09,63.543766021728516,82.75202941894531,2019-04-23,58.026580810546875,2019-09-24,false,false,250
2019-10-10,64.80793762207031,82.75202941894531,2019-04-23,58.026580810546875,2019-09-24,false,false,250
2019-10-11,66.41536712646484,82.75202941894531,2019-04-23,58.026580810546875,2019-09-24,false,false,250
2019-10-14,66.38188934326172,82.75202941894531,2019-04-23,58.026580810546875,2019-09-24,false,false,250
2019-10-15,66.1725845336914,82.75202941894531,2019-04-23,58.026580810546875,2019-09-24,false,false,250
2019-10-16,66.0051498413086,82.75202941894531,2019-04-23,58.026580810546875,2019-09-24,false,false,250
2019-10-17,66.52420043945312,82.75202941894531,2019-04-23,58.026580810546875,2019-09-24,false,false,250
2019-10-18,66.12235260009766,82.75202941894531,2019-04-23,58.026580810546875,2019-09-24,false,false,250
2019-10-21,66.08049011230469,82.75202941894531,2019-04-23,58.026580810546875,2019-09-24,false,false,250
2019-10-22,69.73069763183594,82.75202941894531,2019-04-23,58.026580810546875,2019-09-24,false,false,250
2019-10-23,71.99950408935547,82.75202941894531,2019-04-23,58.026580810546875,2019-09-24,false,false,250
2019-10-24,71.1120834350586,82.75202941894531,2019-04-23,58.026580810546875,2019-09-24,false,false,250
2019-10-25,69.9734878540039,82.75202941894531,2019-04-23,58.026580810546875,2019-09-24,false,false,250
2019-10-28,70.1660385131836,82.75202941894531,2019-04-23,58.026580810546875,2019-09-24,false,false,250
2019-10-29,69.0190658569336,82.75202941894531,2019-04-23,58.026580810546875,2019-09-24,false,false,250
2019-10-30,68.700927734375,82.75202941894531,2019-04-23,58.026580810546875,2019-09-24,false,false,250
2019-10-31,66.04700469970703,82.75202941894531,2019-04-23,58.026580810546875,2019-09-24,false,false,250
2019-11-01,66.16419982910156,82.75202941894531,2019-04-23,58.026580810546875,2019-09-24,false,false,250
2019-11-04,65.20979309082031,82.75202941894531,2019-04-23,58.026580810546875,2019-09-24,false,false,250
2019-11-05,66.48234558105469,82.75202941894531,2019-04-23,58.026580810546875,2019-09-24,false,false,250
2019-11-06,67.26094818115234,82.75202941894531,2019-04-23,58.026580810546875,2019-09-24,false,false,250
2019-11-07,66.09722900390625,82.75202941894531,2019-04-23,58.026580810546875,2019-09-24,false,false,250
2019-11-08,67.32791900634766,82.75202941894531,2019-04-23,58.026580810546875,2019-09-24,false,false,250
2019-11-11,65.10096740722656,82.75202941894531,2019-04-23,58.026580810546875,2019-09-24,false,false,250
2019-11-12,63.39305877685547,82.75202941894531,2019-04-23,58.026580810546875,2019-09-24,false,false,250
2019-11-13,63.47679138183594,82.75202941894531,2019-04-23,58.026580810546875,2019-09-24,false,false,250
2019-11-14,64.36421203613281,82.75202941894531,2019-04-23,58.026580810546875,2019-09-24,false,false,250
2019-11-15,63.98748016357422,82.75202941894531,2019-04-23,58.026580810546875,2019-09-24,false,false,250
2019-11-18,63.116783142089844,82.75202941894531,2019-04-23,58.026580810546875,2019-09-24,false,false,250
2019-11-19,63.18376541137695,82.75202941894531,2019-04-23,58.026580810546875,2019-09-24,false,false,250
2019-11-20,62.8070182800293,82.75202941894531,2019-04-23,58.026580810546875,2019-09-24,false,false,250
2019-11-21,62.98284149169922,82.75202941894531,2019-04-23,58.026580810546875,2019-09-24,false,false,250
2019-11-22,62.631202697753906,82.75202941894531,2019-04-23,58.026580810546875,2019-09-24,false,false,251
2019-11-25,63.18376541137695,82.75202941894531,2019-04-23,58.026580810546875,2019-09-24,false,false,251
2019-11-26,63.1921501159668,82.75202941894531,2019-04-23,58.026580810546875,2019-09-24,false,false,251
2019-11-27,63.310035705566406,82.75202941894531,2019-04-23,58.026580810546875,2019-09-24,false,false,251
2019-11-29,62.41728210449219,82.75202941894531,2019-04-23,58.026580810546875,2019-09-24,false,false,250
2019-12-02,61.3223876953125,82.75202941894531,2019-04-23,58.026580810546875,2019-09-24,false,false,250
2019-12-03,61.52452850341797,82.75202941894531,2019-04-23,58.026580810546875,2019-09-24,false,false,250
2019-12-04,62.42571258544922,82.75202941894531,2019-04-23,58.026580810546875,2019-09-24,false,false,250
2019-12-05,62.12251281738281,82.75202941894531,2019-04-23,58.026580810546875,2019-09-24,false,false,251
2019-12-06,63.37742614746094,82.75202941894531,2019-04-23,58.026580810546875,2019-09-24,false,false,251
2019-12-09,63.655357360839844,82.75202941894531,2019-04-23,58.026580810546875,2019-09-24,false,false,251
2019-12-10,63.97540283203125,82.75202941894531,2019-04-23,58.026580810546875,2019-09-24,false,false,251
2019-12-11,63.520599365234375,82.75202941894531,2019-04-23,58.026580810546875,2019-09-24,false,false,251
2019-12-12,65.39033508300781,82.75202941894531,2019-04-23,58.026580810546875,2019-09-24,false,false,251
2019-12-13,62.341487884521484,82.75202941894531,2019-04-23,58.026580810546875,2019-09-24,false,false,251
2019-12-16,64.5902328491211,82.75202941894531,2019-04-23,58.026580810546875,2019-09-24,false,false,251
2019-12-17,62.231998443603516,82.75202941894531,2019-04-23,58.026580810546875,2019-09-24,false,false,251
2019-12-18,63.200557708740234,82.75202941894531,2019-04-23,58.026580810546875,2019-09-24,false,false,251
2019-12-19,61.57505798339844,82.75202941894531,2019-04-23,58.026580810546875,2019-09-24,false,false,251
2019-12-20,59.30105972290039,82.75202941894531,2019-04-23,58.026580810546875,2019-09-24,false,false,251
2019-12-23,59.410545349121094,82.75202941894531,2019-04-23,58.026580810546875,2019-09-24,false,false,251
2019-12-24,60.101165771484375,82.75202941894531,2019-04-23,58.026580810546875,2019-09-24,false,false,251
2019-12-26,60.185394287109375,82.75202941894531,2019-04-23,58.026580810546875,2019-09-24,false,false,251
2019-12-27,60.168548583984375,82.75202941894531,2019-04-23,58.026580810546875,2019-09-24,false,false,251
2019-12-30,60.050636291503906,82.75202941894531,2019-04-23,58.026580810546875,2019-09-24,false,false,251
2019-12-31,60.421207427978516,82.75202941894531,2019-04-23,58.026580810546875,2019-09-24,false,false,251
2020-01-02,61.878265380859375,82.75202941894531,2019-04-23,58.026580810546875,2019-09-24,false,false,251
2020-01-03,61.937225341796875,82.75202941894531,2019-04-23,58.026580810546875,2019-09-24,false,false,251
2020-01-06,60.934959411621094,82.75202941894531,2019-04-23,58.026580810546875,2019-09-24,false,false,251
2020-01-07,60.572811126708984,82.75202941894531,2019-04-23,58.026580810546875,2019-09-24,false,false,251
2020-01-08,59.5452995300293,82.75202941894531,2019-04-23,58.026580810546875,2019-09-24,false,false,251
2020-01-09,59.83165740966797,82.75202941894531,2019-04-23,58.026580810546875,2019-09-24,false,false,251
2020-01-10,58.89678955078125,82.75202941894531,2019-04-23,58.026580810546875,2019-09-24,false,false,251
2020-01-13,60.446475982666016,82.75202941894531,2019-04-23,58.026580810546875,2019-09-24,false,false,251
2020-01-14,58.61885452270508,82.75202941894531,2019-04-23,58.026580810546875,2019-09-24,false,false,251
2020-01-15,56.1342887878418,82.75202941894531,2019-04-23,56.1342887878418,2020-01-15,false,true,251
2020-01-16,57.90296173095703,82.75202941894531,2019-04-23,56.1342887878418,2020-01-15,false,false,251
2020-01-17,55.83951187133789,82.75202941894531,2019-04-23,55.83951187133789,2020-01-17,false,true,251
2020-01-21,52.596946716308594,82.75202941894531,2019-04-23,52.596946716308594,2020-01-21,false,true,251
2020-01-22,51.32518005371094,82.75202941894531,2019-04-23,51.32518005371094,2020-01-22,false,true,251
2020-01-23,50.35662841796875,82.75202941894531,2019-04-23,50.35662841796875,2020-01-23,false,true,251
2020-01-24,48.18368148803711,82.75202941894531,2019-04-23,48.18368148803711,2020-01-24,false,true,251
2020-01-27,46.74347686767578,82.75202941894531,2019-04-23,46.74347686767578,2020-01-27,false,true,251
2020-01-28,46.30552291870117,82.75202941894531,2019-04-23,46.30552291870117,2020-01-28,false,true,251
2020-01-29,45.93494415283203,82.75202941894531,2019-04-23,45.93494415283203,2020-01-29,false,true,251
2020-01-30,45.56436538696289,82.75202941894531,2019-04-23,45.56436538696289,2020-01-30,false,true,251
2020-01-31,43.39984130859375,82.75202941894531,2019-04-23,43.39984130859375,2020-01-31,false,true,251
2020-02-03,43.37458038330078,82.75202941894531,2019-04-23,43.37458038330078,2020-02-03,false,true,251
2020-02-04,45.699119567871094,82.75202941894531,2019-04-23,43.37458038330078,2020-02-03,false,false,251
2020-02-05,49.35437774658203,82.75202941894531,2019-04-23,43.37458038330078,2020-02-03,false,false,251
2020-02-06,48.402671813964844,82.75202941894531,2019-04-23,43.37458038330078,2020-02-03,false,false,251
2020-02-07,46.903507232666016,82.75202941894531,2019-04-23,43.37458038330078,2020-02-03,false,false,251
2020-02-10,47.341461181640625,82.75202941894531,2019-04-23,43.37458038330078,2020-02-03,false,false,251
2020-02-11,48.579532623291016,82.75202941894531,2019-04-23,43.37458038330078,2020-02-03,false,false,251
2020-02-12,47.5941276550293,82.75202941894531,2019-04-23,43.37458038330078,2020-02-03,false,false,251
2020-02-13,47.93944549560547,82.75202941894531,2019-04-23,43.37458038330078,2020-02-03,false,false,251
2020-02-14,47.173011779785156,82.75202941894531,2019-04-23,43.37458038330078,2020-02-03,false,false,251
2020-02-18,46.507659912109375,82.75202941894531,2019-04-23,43.37458038330078,2020-02-03,false,false,251
2020-02-19,46.59187698364258,82.75202941894531,2019-04-23,43.37458038330078,2020-02-03,false,false,251
2020-02-20,45.261165618896484,82.75202941894531,2019-04-23,43.37458038330078,2020-02-03,false,false,251
2020-02-21,43.32405090332031,82.75202941894531,2019-04-23,43.32405090332031,2020-02-21,false,true,251
2020-02-24,43.854644775390625,82.75202941894531,2019-04-23,43.32405090332031,2020-02-21,false,false,251
2020-02-25,42.675537109375,82.75202941894531,2019-04-23,42.675537109375,2020-02-25,false,true,251
2020-02-26,39.38243865966797,82.75202941894531,2019-04-23,39.38243865966797,2020-02-26,false,true,251
2020-02-27,41.09215545654297,82.75202941894531,2019-04-23,39.38243865966797,2020-02-26,false,false,251
2020-02-28,42.40602111816406,82.75202941894531,2019-04-23,39.38243865966797,2020-02-26,false,false,251
2020-03-02,39.95608901977539,82.75202941894531,2019-04-23,39.38243865966797,2020-02-26,false,false,251
2020-03-03,39.73491287231445,82.75202941894531,2019-04-23,39.38243865966797,2020-02-26,false,false,251
2020-03-04,40.134727478027344,82.75202941894531,2019-04-23,39.38243865966797,2020-02-26,false,false,251
2020-03-05,38.739627838134766,82.75202941894531,2019-04-23,38.739627838134766,2020-03-05,false,true,251
2020-03-06,37.727325439453125,82.75202941894531,2019-04-23,37.727325439453125,2020-03-06,false,true,251
2020-03-09,31.925737380981445,82.75202941894531,2019-04-23,31.925737380981445,2020-03-09,false,true,251
2020-03-10,31.65352439880371,82.75202941894531,2019-04-23,31.65352439880371,2020-03-10,false,true,251
2020-03-11,29.17806625366211,82.75202941894531,2019-04-23,29.17806625366211,2020-03-11,false,true,251
2020-03-12,26.838716506958008,82.75202941894531,2019-04-23,26.838716506958008,2020-03-12,false,true,251
2020-03-13,30.70927619934082,82.75202941894531,2019-04-23,26.838716506958008,2020-03-12,false,false,251
2020-03-16,29.80756378173828,82.75202941894531,2019-04-23,26.838716506958008,2020-03-12,false,false,251
2020-03-17,34.80101013183594,82.75202941894531,2019-04-23,26.838716506958008,2020-03-12,false,false,251
2020-03-18,27.706403732299805,82.75202941894531,2019-04-23,26.838716506958008,2020-03-12,false,false,251
2020-03-19,28.846303939819336,82.75202941894531,2019-04-23,26.838716506958008,2020-03-12,false,false,251
2020-03-20,28.3018741607666,82.75202941894531,2019-04-23,26.838716506958008,2020-03-12,false,false,251
2020-03-23,26.302793502807617,82.75202941894531,2019-04-23,26.302793502807617,2020-03-23,false,true,251
2020-03-24,26.668581008911133,82.75202941894531,2019-04-23,26.302793502807617,2020-03-23,false,false,251
2020-03-25,28.27635383605957,82.75202941894531,2019-04-23,26.302793502807617,2020-03-23,false,false,251
2020-03-26,26.294286727905273,82.75202941894531,2019-04-23,26.294286727905273,2020-03-26,false,true,251
2020-03-27,23.240373611450195,82.75202941894531,2019-04-23,23.240373611450195,2020-03-27,false,true,251
2020-03-30,23.291412353515625,82.75202941894531,2019-04-23,23.240373611450195,2020-03-27,false,false,251
2020-03-31,24.584434509277344,82.75202941894531,2019-04-23,23.240373611450195,2020-03-27,false,false,251
2020-04-01,25.954017639160156,82.75202941894531,2019-04-23,23.240373611450195,2020-03-27,false,false,251
2020-04-02,26.46442222595215,82.75202941894531,2019-04-23,23.240373611450195,2020-03-27,false,false,251
2020-04-03,26.302793502807617,82.75202941894531,2019-04-23,23.240373611450195,2020-03-27,false,false,251
2020-04-06,27.97861671447754,82.75202941894531,2019-04-23,23.240373611450195,2020-03-27,false,false,251
2020-04-07,26.022071838378906,82.75202941894531,2019-04-23,23.240373611450195,2020-03-27,false,false,251
2020-04-08,27.110933303833008,82.75202941894531,2019-04-23,23.240373611450195,2020-03-27,false,false,251
2020-04-09,29.577884674072266,82.75202941894531,2019-04-23,23.240373611450195,2020-03-27,false,false,251
2020-04-13,29.365215301513672,82.75202941894531,2019-04-23,23.240373611450195,2020-03-27,false,false,250
2020-04-14,29.960683822631836,82.75202941894531,2019-04-23,23.240373611450195,2020-03-27,false,false,250
2020-04-15,26.872745513916016,82.75202941894531,2019-04-23,23.240373611450195,2020-03-27,false,false,250
2020-04-16,24.516382217407227,82.75202941894531,2019-04-23,23.240373611450195,2020-03-27,false,false,250
2020-04-17,23.869869232177734,82.75202941894531,2019-04-23,23.240373611450195,2020-03-27,false,false,250
2020-04-20,24.541900634765625,82.75202941894531,2019-04-23,23.240373611450195,2020-03-27,false,false,251
2020-04-21,23.8953914642334,82.75202941894531,2019-04-23,23.240373611450195,2020-03-27,false,false,251
2020-04-22,25.12886619567871,82.75202941894531,2019-04-23,23.240373611450195,2020-03-27,false,false,251
2020-04-23,22.10047149658203,82.56988525390625,2019-04-26,22.10047149658203,2020-04-23,false,true,251
2020-04-24,20.05034828186035,82.56988525390625,2019-04-26,20.05034828186035,2020-04-24,false,true,251
2020-04-27,19.412343978881836,82.56988525390625,2019-04-26,19.412343978881836,2020-04-27,false,true,251
2020-04-28,21.785724639892578,80.90592193603516,2019-05-03,19.412343978881836,2020-04-27,false,false,251
2020-04-29,24.193124771118164,80.90592193603516,2019-05-03,19.412343978881836,2020-04-27,false,false,251
2020-04-30,24.83112907409668,80.90592193603516,2019-05-03,19.412343978881836,2020-04-27,false,false,251
2020-05-01,22.815034866333008,80.90592193603516,2019-05-03,19.412343978881836,2020-04-27,false,false,251
2020-05-04,25.307506561279297,80.90592193603516,2019-05-03,19.412343978881836,2020-04-27,false,false,251
2020-05-05,23.410505294799805,80.5665054321289,2019-05-10,19.412343978881836,2020-04-27,false,false,251
2020-05-06,22.729969024658203,80.5665054321289,2019-05-10,19.412343978881836,2020-04-27,false,false,251
2020-05-07,22.883089065551758,80.5665054321289,2019-05-10,19.412343978881836,2020-04-27,false,false,251
2020-05-08,27.71491050720215,80.5665054321289,2019-05-10,19.412343978881836,2020-04-27,false,false,251
2020-05-11,26.88125228881836,80.5665054321289,2019-05-10,19.412343978881836,2020-04-27,false,false,251
2020-05-12,25.554203033447266,78.56015014648438,2019-06-19,19.412343978881836,2020-04-27,false,false,251
2020-05-13,24.201631546020508,78.56015014648438,2019-06-19,19.412343978881836,2020-04-27,false,false,251
2020-05-14,23.8953914642334,78.56015014648438,2019-06-19,19.412343978881836,2020-04-27,false,false,251
2020-05-15,24.703529357910156,78.56015014648438,2019-06-19,19.412343978881836,2020-04-27,false,false,251
2020-05-18,26.19220542907715,78.56015014648438,2019-06-19,19.412343978881836,2020-04-27,false,false,251
2020-05-19,26.685596466064453,78.56015014648438,2019-06-19,19.412343978881836,2020-04-27,false,false,251
2020-05-20,28.66766357421875,78.56015014648438,2019-06-19,19.412343978881836,2020-04-27,false,false,251
2020-05-21,27.85952377319336,78.56015014648438,2019-06-19,19.412343978881836,2020-04-27,false,false,251
2020-05-22,27.034374237060547,78.56015014648438,2019-06-19,19.412343978881836,2020-04-27,false,false,251
2020-05-26,28.506032943725586,78.56015014648438,2019-06-19,19.412343978881836,2020-04-27,false,false,251
2020-05-27,29.390731811523438,78.56015014648438,2019-06-19,19.412343978881836,2020-04-27,false,false,251
2020-05-28,29.297157287597656,78.56015014648438,2019-06-19,19.412343978881836,2020-04-27,false,false,251
2020-05-29,28.038164138793945,78.56015014648438,2019-06-19,19.412343978881836,2020-04-27,false,false,251
2020-06-01,27.434188842773438,78.56015014648438,2019-06-19,19.412343978881836,2020-04-27,false,false,251
2020-06-02,26.583515167236328,78.56015014648438,2019-06-19,19.412343978881836,2020-04-27,false,false,251
2020-06-03,27.553279876708984,78.56015014648438,2019-06-19,19.412343978881836,2020-04-27,false,false,251
2020-06-04,28.727209091186523,78.56015014648438,2019-06-19,19.412343978881836,2020-04-27,false,false,251
2020-06-05,32.06184005737305,78.56015014648438,2019-06-19,19.412343978881836,2020-04-27,false,false,251
2020-06-08,34.783992767333984,78.56015014648438,2019-06-19,19.412343978881836,2020-04-27,false,false,251
2020-06-09,33.21876525878906,78.56015014648438,2019-06-19,19.412343978881836,2020-04-27,false,false,251
2020-06-10,31.89171028137207,78.56015014648438,2019-06-19,19.412343978881836,2020-04-27,false,false,251
2020-06-11,27.927581787109375,78.56015014648438,2019-06-19,19.412343978881836,2020-04-27,false,false,251
2020-06-12,28.080698013305664,78.56015014648438,2019-06-19,19.412343978881836,2020-04-27,false,false,251
2020-06-15,28.57408905029297,78.56015014648438,2019-06-19,19.412343978881836,2020-04-27,false,false,251
2020-06-16,29.441776275634766,78.56015014648438,2019-06-19,19.412343978881836,2020-04-27,false,false,251
2020-06-17,27.62984275817871,78.56015014648438,2019-06-19,19.412343978881836,2020-04-27,false,false,251
2020-06-18,26.736637115478516,78.56015014648438,2019-06-19,19.412343978881836,2020-04-27,false,false,251
2020-06-19,26.209218978881836,78.39371490478516,2019-06-28,19.412343978881836,2020-04-27,false,false,251
2020-06-22,25.928497314453125,78.39371490478516,2019-06-28,19.412343978881836,2020-04-27,false,false,251
2020-06-23,25.996551513671875,78.39371490478516,2019-06-28,19.412343978881836,2020-04-27,false,false,251
2020-06-24,25.511667251586914,78.39371490478516,2019-06-28,19.412343978881836,2020-04-27,false,false,251
2020-06-25,25.6647891998291,78.39371490478516,2019-06-28,19.412343978881836,2020-04-27,false,false,251
2020-06-26,24.84814453125,78.39371490478516,2019-06-28,19.412343978881836,2020-04-27,false,false,251
2020-06-29,25.562707901000977,78.39371490478516,2019-06-28,19.412343978881836,2020-04-27,false,false,251
2020-06-30,24.167604446411133,76.22187805175781,2019-07-30,19.412343978881836,2020-04-27,false,false,251
2020-07-01,24.244165420532227,76.22187805175781,2019-07-30,19.412343978881836,2020-04-27,false,false,251
2020-07-02,25.060808181762695,76.22187805175781,2019-07-30,19.412343978881836,2020-04-27,false,false,251
2020-07-06,25.50316047668457,76.22187805175781,2019-07-30,19.412343978881836,2020-04-27,false,false,251
2020-07-07,24.958730697631836,76.22187805175781,2019-07-30,19.412343978881836,2020-04-27,false,false,251
2020-07-08,24.499364852905273,76.22187805175781,2019-07-30,19.412343978881836,2020-04-27,false,false,251
2020-07-09,23.30842399597168,76.22187805175781,2019-07-30,19.412343978881836,2020-04-27,false,false,251
2020-07-10,24.142086029052734,76.22187805175781,2019-07-30,19.412343978881836,2020-04-27,false,false,251
2020-07-13,23.597654342651367,76.22187805175781,2019-07-30,19.412343978881836,2020-04-27,false,false,251
2020-07-14,23.946430206298828,76.22187805175781,2019-07-30,19.412343978881836,2020-04-27,false,false,251
2020-07-15,25.094839096069336,76.22187805175781,2019-07-30,19.412343978881836,2020-04-27,false,false,251
2020-07-16,25.026784896850586,76.22187805175781,2019-07-30,19.412343978881836,2020-04-27,false,false,251
2020-07-17,24.363262176513672,76.22187805175781,2019-07-30,19.412343978881836,2020-04-27,false,false,251
2020-07-20,23.912405014038086,76.22187805175781,2019-07-30,19.412343978881836,2020-04-27,false,false,251
2020-07-21,24.660995483398438,76.22187805175781,2019-07-30,19.412343978881836,2020-04-27,false,false,251
2020-07-22,24.108057022094727,76.22187805175781,2019-07-30,19.412343978881836,2020-04-27,false,false,251
2020-07-23,25.018278121948242,76.22187805175781,2019-07-30,19.412343978881836,2020-04-27,false,false,251
2020-07-24,25.996551513671875,76.22187805175781,2019-07-30,19.412343978881836,2020-04-27,false,false,251
2020-07-27,25.537189483642578,76.22187805175781,2019-07-30,19.412343978881836,2020-04-27,false,false,251
2020-07-28,25.42660140991211,76.22187805175781,2019-07-30,19.412343978881836,2020-04-27,false,false,251
2020-07-29,27.153465270996094,76.22187805175781,2019-07-30,19.412343978881836,2020-04-27,false,false,251
2020-07-30,26.32831573486328,71.99950408935547,2019-10-23,19.412343978881836,2020-04-27,false,false,251
2020-07-31,26.387861251831055,71.99950408935547,2019-10-23,19.412343978881836,2020-04-27,false,false,251
2020-08-03,26.787675857543945,71.99950408935547,2019-10-23,19.412343978881836,2020-04-27,false,false,251
2020-08-04,26.728130340576172,71.99950408935547,2019-10-23,19.412343978881836,2020-04-27,false,false,251
2020-08-05,26.515460968017578,71.99950408935547,2019-10-23,19.412343978881836,2020-04-27,false,false,251
2020-08-06,26.872745513916016,71.99950408935547,2019-10-23,19.412343978881836,2020-04-27,false,false,251
2020-08-07,26.98333168029785,71.99950408935547,2019-10-23,19.412343978881836,2020-04-27,false,false,251
2020-08-10,28.63363265991211,71.99950408935547,2019-10-23,19.412343978881836,2020-04-27,false,false,251
2020-08-11,28.57408905029297,71.99950408935547,2019-10-23,19.412343978881836,2020-04-27,false,false,251
2020-08-12,28.089204788208008,71.99950408935547,2019-10-23,19.412343978881836,2020-04-27,false,false,251
2020-08-13,27.936084747314453,71.99950408935547,2019-10-23,19.412343978881836,2020-04-27,false,false,251
2020-08-14,29.024946212768555,71.99950408935547,2019-10-23,19.412343978881836,2020-04-27,false,false,251
2020-08-17,28.540061950683594,71.99950408935547,2019-10-23,19.412343978881836,2020-04-27,false,false,251
2020-08-18,28.51453971862793,71.99950408935547,2019-10-23,19.412343978881836,2020-04-27,false,false,251
2020-08-19,28.012645721435547,71.99950408935547,2019-10-23,19.412343978881836,2020-04-27,false,false,251
2020-08-20,27.893552780151367,71.99950408935547,2019-10-23,19.412343978881836,2020-04-27,false,false,251
2020-08-21,27.27256202697754,71.99950408935547,2019-10-23,19.412343978881836,2020-04-27,false,false,251
2020-08-24,28.718704223632812,71.99950408935547,2019-10-23,19.412343978881836,2020-04-27,false,false,251
2020-08-25,29.731002807617188,71.99950408935547,2019-10-23,19.412343978881836,2020-04-27,false,false,251
2020-08-26,29.586389541625977,71.99950408935547,2019-10-23,19.412343978881836,2020-04-27,false,false,251
2020-08-27,29.97770118713379,71.99950408935547,2019-10-23,19.412343978881836,2020-04-27,false,false,251
2020-08-28,32.47016906738281,71.99950408935547,2019-10-23,19.412343978881836,2020-04-27,false,false,251
2020-08-31,32.044830322265625,71.99950408935547,2019-10-23,19.412343978881836,2020-04-27,false,false,251
2020-09-01,32.72537612915039,71.99950408935547,2019-10-23,19.412343978881836,2020-04-27,false,false,252
2020-09-02,32.631797790527344,71.99950408935547,2019-10-23,19.412343978881836,2020-04-27,false,false,252
2020-09-03,32.68283462524414,71.99950408935547,2019-10-23,19.412343978881836,2020-04-27,false,false,252
2020-09-04,34.55431365966797,71.99950408935547,2019-10-23,19.412343978881836,2020-04-27,false,false,252
2020-09-08,33.33784866333008,71.99950408935547,2019-10-23,19.412343978881836,2020-04-27,false,false,251
2020-09-09,33.899295806884766,71.99950408935547,2019-10-23,19.412343978881836,2020-04-27,false,false,251
2020-09-10,33.5505256652832,71.99950408935547,2019-10-23,19.412343978881836,2020-04-27,false,false,251
2020-09-11,34.63938522338867,71.99950408935547,2019-10-23,19.412343978881836,2020-04-27,false,false,251
2020-09-14,37.67628479003906,71.99950408935547,2019-10-23,19.412343978881836,2020-04-27,false,false,251
2020-09-15,37.625244140625,71.99950408935547,2019-10-23,19.412343978881836,2020-04-27,false,false,251
2020-09-16,39.386138916015625,71.99950408935547,2019-10-23,19.412343978881836,2020-04-27,false,false,251
2020-09-17,41.58937454223633,71.99950408935547,2019-10-23,19.412343978881836,2020-04-27,false,false,251
2020-09-18,45.000579833984375,71.99950408935547,2019-10-23,19.412343978881836,2020-04-27,false,false,251
2020-09-21,42.6016845703125,71.99950408935547,2019-10-23,19.412343978881836,2020-04-27,false,false,251
2020-09-22,43.20565414428711,71.99950408935547,2019-10-23,19.412343978881836,2020-04-27,false,false,251
2020-09-23,39.76893615722656,71.99950408935547,2019-10-23,19.412343978881836,2020-04-27,false,false,251
2020-09-24,38.816184997558594,71.99950408935547,2019-10-23,19.412343978881836,2020-04-27,false,false,251
2020-09-25,39.59029769897461,71.99950408935547,2019-10-23,19.412343978881836,2020-04-27,false,false,251
2020-09-28,39.683876037597656,71.99950408935547,2019-10-23,19.412343978881836,2020-04-27,false,false,251
2020-09-29,36.68099594116211,71.99950408935547,2019-10-23,19.412343978881836,2020-04-27,false,false,251
2020-09-30,36.13656997680664,71.99950408935547,2019-10-23,19.412343978881836,2020-04-27,false,false,251
2020-10-01,36.204620361328125,71.99950408935547,2019-10-23,19.412343978881836,2020-04-27,false,false,251
2020-10-02,38.10162353515625,71.99950408935547,2019-10-23,19.412343978881836,2020-04-27,false,false,251
2020-10-05,39.32658767700195,71.99950408935547,2019-10-23,19.412343978881836,2020-04-27,false,false,251
2020-10-06,37.65076446533203,71.99950408935547,2019-10-23,19.412343978881836,2020-04-27,false,false,251
2020-10-07,35.72824478149414,71.99950408935547,2019-10-23,19.412343978881836,2020-04-27,false,false,251
2020-10-08,35.63467025756836,71.99950408935547,2019-10-23,19.412343978881836,2020-04-27,false,false,251
2020-10-09,34.2565803527832,71.99950408935547,2019-10-23,19.412343978881836,2020-04-27,false,false,251
2020-10-12,33.44844436645508,71.99950408935547,2019-10-23,19.412343978881836,2020-04-27,false,false,251
2020-10-13,32.30854034423828,71.99950408935547,2019-10-23,19.412343978881836,2020-04-27,false,false,251
2020-10-14,32.32555389404297,71.99950408935547,2019-10-23,19.412343978881836,2020-04-27,false,false,251
2020-10-15,31.84917640686035,71.99950408935547,2019-10-23,19.412343978881836,2020-04-27,false,false,251
2020-10-16,31.491893768310547,71.99950408935547,2019-10-23,19.412343978881836,2020-04-27,false,false,251
2020-10-19,31.049545288085938,71.99950408935547,2019-10-23,19.412343978881836,2020-04-27,false,false,251
2020-10-20,32.2404899597168,71.99950408935547,2019-10-23,19.412343978881836,2020-04-27,false,false,251
2020-10-21,31.662033081054688,71.99950408935547,2019-10-23,19.412343978881836,2020-04-27,false,false,251
2020-10-22,31.662033081054688,71.99950408935547,2019-10-23,19.412343978881836,2020-04-27,false,false,251
2020-10-23,31.764110565185547,70.1660385131836,2019-10-28,19.412343978881836,2020-04-27,false,false,251
2020-10-26,31.457866668701172,70.1660385131836,2019-10-28,19.412343978881836,2020-04-27,false,false,251
2020-10-27,31.2622127532959,70.1660385131836,2019-10-28,19.412343978881836,2020-04-27,false,false,251
2020-10-28,30.496604919433594,68.700927734375,2019-10-30,19.412343978881836,2020-04-27,false,false,251
2020-10-29,25.401079177856445,68.700927734375,2019-10-30,19.412343978881836,2020-04-27,false,false,251
2020-10-30,25.98804473876953,67.32791900634766,2019-11-08,19.412343978881836,2020-04-27,false,false,251
2020-11-02,27.527761459350586,67.32791900634766,2019-11-08,19.412343978881836,2020-04-27,false,false,251
2020-11-03,25.97953987121582,67.32791900634766,2019-11-08,19.412343978881836,2020-04-27,false,false,251
2020-11-04,24.575925827026367,67.32791900634766,2019-11-08,19.412343978881836,2020-04-27,false,false,251
2020-11-05,24.516382217407227,67.32791900634766,2019-11-08,19.412343978881836,2020-04-27,false,false,251
2020-11-06,25.205425262451172,67.32791900634766,2019-11-08,19.412343978881836,2020-04-27,false,false,251
2020-11-09,26.19220542907715,67.32791900634766,2019-11-08,19.412343978881836,2020-04-27,false,false,251
2020-11-10,24.626970291137695,65.39033508300781,2019-12-12,19.412343978881836,2020-04-27,false,false,251
2020-11-11,25.26497459411621,65.39033508300781,2019-12-12,19.412343978881836,2020-04-27,false,false,251
2020-11-12,23.861360549926758,65.39033508300781,2019-12-12,19.412343978881836,2020-04-27,false,false,251
2020-11-13,24.933210372924805,65.39033508300781,2019-12-12,19.412343978881836,2020-04-27,false,false,251
2020-11-16,26.081619262695312,65.39033508300781,2019-12-12,19.412343978881836,2020-04-27,false,false,251
2020-11-17,26.74514389038086,65.39033508300781,2019-12-12,19.412343978881836,2020-04-27,false,false,251
2020-11-18,25.443613052368164,65.39033508300781,2019-12-12,19.412343978881836,2020-04-27,false,false,251
2020-11-19,25.85193634033203,65.39033508300781,2019-12-12,19.412343978881836,2020-04-27,false,false,251
2020-11-20,25.367050170898438,65.39033508300781,2019-12-12,19.412343978881836,2020-04-27,false,false,251
2020-11-23,28.259342193603516,65.39033508300781,2019-12-12,19.412343978881836,2020-04-27,false,false,251
2020-11-24,29.339696884155273,65.39033508300781,2019-12-12,19.412343978881836,2020-04-27,false,false,251
2020-11-25,29.450279235839844,65.39033508300781,2019-12-12,19.412343978881836,2020-04-27,false,false,251
2020-11-27,30.04574966430664,65.39033508300781,2019-12-12,19.412343978881836,2020-04-27,false,false,251
2020-11-30,28.44648551940918,65.39033508300781,2019-12-12,19.412343978881836,2020-04-27,false,false,251
2020-12-01,28.625125885009766,65.39033508300781,2019-12-12,19.412343978881836,2020-04-27,false,false,251
2020-12-02,30.97298812866211,65.39033508300781,2019-12-12,19.412343978881836,2020-04-27,false,false,251
2020-12-03,32.044830322265625,65.39033508300781,2019-12-12,19.412343978881836,2020-04-27,false,false,251
2020-12-04,31.951263427734375,65.39033508300781,2019-12-12,19.412343978881836,2020-04-27,false,false,251
2020-12-07,32.53822326660156,65.39033508300781,2019-12-12,19.412343978881836,2020-04-27,false,false,251
2020-12-08,34.035404205322266,65.39033508300781,2019-12-12,19.412343978881836,2020-04-27,false,false,251
2020-12-09,35.37946701049805,65.39033508300781,2019-12-12,19.412343978881836,2020-04-27,false,false,251
2020-12-10,39.556270599365234,65.39033508300781,2019-12-12,19.412343978881836,2020-04-27,false,false,251
2020-12-11,38.72261428833008,65.39033508300781,2019-12-12,19.412343978881836,2020-04-27,false,false,251
2020-12-14,40.16875457763672,64.5902328491211,2019-12-16,19.412343978881836,2020-04-27,false,false,251
2020-12-15,39.80296325683594,64.5902328491211,2019-12-16,19.412343978881836,2020-04-27,false,false,251
2020-12-16,38.526954650878906,63.200557708740234,2019-12-18,19.412343978881836,2020-04-27,false,false,251
2020-12-17,38.0846061706543,63.200557708740234,2019-12-18,19.412343978881836,2020-04-27,false,false,251
2020-12-18,36.034488677978516,61.937225341796875,2020-01-03,19.412343978881836,2020-04-27,false,false,251
2020-12-21,36.72352600097656,61.937225341796875,2020-01-03,19.412343978881836,2020-04-27,false,false,251
2020-12-22,35.66019058227539,61.937225341796875,2020-01-03,19.412343978881836,2020-04-27,false,false,251
2020-12-23,35.94091033935547,61.937225341796875,2020-01-03,19.412343978881836,2020-04-27,false,false,251
2020-12-24,34.494773864746094,61.937225341796875,2020-01-03,19.412343978881836,2020-04-27,false,false,252
2020-12-28,35.21784210205078,61.937225341796875,2020-01-03,19.412343978881836,2020-04-27,false,false,251
2020-12-29,35.336936950683594,61.937225341796875,2020-01-03,19.412343978881836,2020-04-27,false,false,251
2020-12-30,37.361534118652344,61.937225341796875,2020-01-03,19.412343978881836,2020-04-27,false,false,251
2020-12-31,37.23393249511719,61.937225341796875,2020-01-03,19.412343978881836,2020-04-27,false,false,252
2021-01-04,37.96551513671875,61.937225341796875,2020-01-03,19.412343978881836,2020-04-27,false,false,251
2021-01-05,40.2368049621582,60.572811126708984,2020-01-07,19.412343978881836,2020-04-27,false,false,251
2021-01-06,40.67915725708008,60.572811126708984,2020-01-07,19.412343978881836,2020-04-27,false,false,251
2021-01-07,40.44097137451172,60.446475982666016,2020-01-13,19.412343978881836,2020-04-27,false,false,251
2021-01-08,40.38992691040039,60.446475982666016,2020-01-13,19.412343978881836,2020-04-27,false,false,251
2021-01-11,41.43625259399414,60.446475982666016,2020-01-13,19.412343978881836,2020-04-27,false,false,251
2021-01-12,42.66122817993164,60.446475982666016,2020-01-13,19.412343978881836,2020-04-27,false,false,251
2021-01-13,42.12529754638672,57.90296173095703,2020-01-16,19.412343978881836,2020-04-27,false,false,251
2021-01-14,43.2226676940918,57.90296173095703,2020-01-16,19.412343978881836,2020-04-27,false,false,251
2021-01-15,42.839866638183594,57.90296173095703,2020-01-16,19.412343978881836,2020-04-27,false,false,251
2021-01-19,44.226463317871094,52.596946716308594,2020-01-21,19.412343978881836,2020-04-27,false,false,251
2021-01-20,43.54592514038086,52.596946716308594,2020-01-21,19.412343978881836,2020-04-27,false,false,251
2021-01-21,42.95045471191406,50.35662841796875,2020-01-23,19.412343978881836,2020-04-27,false,false,251
2021-01-22,43.48637771606445,50.35662841796875,2020-01-23,19.412343978881836,2020-04-27,false,false,251
2021-01-25,40.92584991455078,49.35437774658203,2020-02-05,19.412343978881836,2020-04-27,false,false,251
2021-01-26,40.00712585449219,49.35437774658203,2020-02-05,19.412343978881836,2020-04-27,false,false,251
2021-01-27,40.840782165527344,49.35437774658203,2020-02-05,19.412343978881836,2020-04-27,false,false,251
2021-01-28,42.55914306640625,49.35437774658203,2020-02-05,19.412343978881836,2020-04-27,false,false,251
2021-01-29,40.76422119140625,49.35437774658203,2020-02-05,19.412343978881836,2020-04-27,false,false,251
2021-02-01,41.521324157714844,49.35437774658203,2020-02-05,19.412343978881836,2020-04-27,false,false,251
2021-02-02,42.53362274169922,49.35437774658203,2020-02-05,19.412343978881836,2020-04-27,false,false,251
2021-02-03,42.491092681884766,49.35437774658203,2020-02-05,19.412343978881836,2020-04-27,false,false,251
2021-02-04,41.55534744262695,49.35437774658203,2020-02-05,19.412343978881836,2020-04-27,false,false,251
2021-02-05,42.0317268371582,48.579532623291016,2020-02-11,19.412343978881836,2020-04-27,false,false,251
2021-02-08,44.41360855102539,48.579532623291016,2020-02-11,19.412343978881836,2020-04-27,false,false,251
2021-02-09,40.024139404296875,48.579532623291016,2020-02-11,19.412343978881836,2020-04-27,false,false,251
2021-02-10,39.726402282714844,48.579532623291016,2020-02-11,19.412343978881836,2020-04-27,false,false,251
2021-02-11,39.445682525634766,47.93944549560547,2020-02-13,19.412343978881836,2020-04-27,false,false,251
2021-02-12,40.92584991455078,47.93944549560547,2020-02-13,19.412343978881836,2020-04-27,false,false,251
2021-02-16,41.3256721496582,46.59187698364258,2020-02-19,19.412343978881836,2020-04-27,false,false,251
2021-02-17,41.49580001831055,46.59187698364258,2020-02-19,19.412343978881836,2020-04-27,false,false,251
2021-02-18,41.7850341796875,46.59187698364258,2020-02-19,19.412343978881836,2020-04-27,false,false,251
2021-02-19,42.19335174560547,45.000579833984375,2020-09-18,19.412343978881836,2020-04-27,false,false,251
2021-02-22,43.571449279785156,45.000579833984375,2020-09-18,19.412343978881836,2020-04-27,false,false,251
2021-02-23,48.07149887084961,48.07149887084961,2021-02-23,19.412343978881836,2020-04-27,true,false,251
2021-02-24,48.32670211791992,48.32670211791992,2021-02-24,19.412343978881836,2020-04-27,true,false,251
2021-02-25,42.55914306640625,48.32670211791992,2021-02-24,19.412343978881836,2020-04-27,false,false,251
2021-02-26,40.76422119140625,48.32670211791992,2021-02-24,19.412343978881836,2020-04-27,false,false,251
2021-03-01,40.126220703125,48.32670211791992,2021-02-24,19.412343978881836,2020-04-27,false,false,251
2021-03-02,40.466487884521484,48.32670211791992,2021-02-24,19.412343978881836,2020-04-27,false,false,251
2021-03-03,41.72548294067383,48.32670211791992,2021-02-24,19.412343978881836,2020-04-27,false,false,251
2021-03-04,40.40694808959961,48.32670211791992,2021-02-24,19.412343978881836,2020-04-27,false,false,251
2021-03-05,41.946659088134766,48.32670211791992,2021-02-24,19.412343978881836,2020-04-27,false,false,251
2021-03-08,41.844581604003906,48.32670211791992,2021-02-24,19.412343978881836,2020-04-27,false,false,251
2021-03-09,42.295440673828125,48.32670211791992,2021-02-24,19.412343978881836,2020-04-27,false,false,251
2021-03-10,43.08656311035156,48.32670211791992,2021-02-24,19.412343978881836,2020-04-27,false,false,251
2021-03-11,43.10357666015625,48.32670211791992,2021-02-24,19.412343978881836,2020-04-27,false,false,251
2021-03-12,42.31245040893555,48.32670211791992,2021-02-24,19.412343978881836,2020-04-27,false,false,251
2021-03-15,41.614898681640625,48.32670211791992,2021-02-24,19.412343978881836,2020-04-27,false,false,251
2021-03-16,40.28784942626953,48.32670211791992,2021-02-24,19.412343978881836,2020-04-27,false,false,251
2021-03-17,41.35969924926758,48.32670211791992,2021-02-24,19.412343978881836,2020-04-27,false,false,251
2021-03-18,40.38142395019531,48.32670211791992,2021-02-24,19.412343978881836,2020-04-27,false,false,251
2021-03-19,39.59029769897461,48.32670211791992,2021-02-24,19.412343978881836,2020-04-27,false,false,251
2021-03-22,37.71031188964844,48.32670211791992,2021-02-24,19.412343978881836,2020-04-27,false,false,251
2021-03-23,35.43050765991211,48.32670211791992,2021-02-24,19.412343978881836,2020-04-27,false,false,251
2021-03-24,34.103458404541016,48.32670211791992,2021-02-24,19.412343978881836,2020-04-27,false,false,251
2021-03-25,33.6015625,48.32670211791992,2021-02-24,19.412343978881836,2020-04-27,false,false,251
2021-03-26,36.25565719604492,48.32670211791992,2021-02-24,19.412343978881836,2020-04-27,false,false,251
2021-03-29,35.66019058227539,48.32670211791992,2021-02-24,19.412343978881836,2020-04-27,false,false,251
2021-03-30,34.16300582885742,48.32670211791992,2021-02-24,19.412343978881836,2020-04-27,false,false,251
2021-03-31,35.387977600097656,48.32670211791992,2021-02-24,19.412343978881836,2020-04-27,false,false,251
2021-04-01,36.01747512817383,48.32670211791992,2021-02-24,19.412343978881836,2020-04-27,false,false,251
2021-04-05,37.2169189453125,48.32670211791992,2021-02-24,19.412343978881836,2020-04-27,false,false,250
2021-04-06,37.75284957885742,48.32670211791992,2021-02-24,19.412343978881836,2020-04-27,false,false,250
2021-04-07,38.475914001464844,48.32670211791992,2021-02-24,19.412343978881836,2020-04-27,false,false,250
2021-04-08,37.829402923583984,48.32670211791992,2021-02-24,19.412343978881836,2020-04-27,false,false,250
2021-04-09,36.46833038330078,48.32670211791992,2021-02-24,19.412343978881836,2020-04-27,false,false,250
2021-04-12,36.383262634277344,48.32670211791992,2021-02-24,19.412343978881836,2020-04-27,false,false,251
2021-04-13,37.03828048706055,48.32670211791992,2021-02-24,19.412343978881836,2020-04-27,false,false,251
2021-04-14,40.27083969116211,48.32670211791992,2021-02-24,19.412343978881836,2020-04-27,false,false,251
2021-04-15,41.308658599853516,48.32670211791992,2021-02-24,19.412343978881836,2020-04-27,false,false,251
2021-04-16,41.5383415222168,48.32670211791992,2021-02-24,19.412343978881836,2020-04-27,false,false,251
2021-04-19,41.181053161621094,48.32670211791992,2021-02-24,19.412343978881836,2020-04-27,false,false,251
2021-04-20,40.18577194213867,48.32670211791992,2021-02-24,19.412343978881836,2020-04-27,false,false,251
2021-04-21,40.832279205322266,48.32670211791992,2021-02-24,19.412343978881836,2020-04-27,false,false,251
2021-04-22,41.002410888671875,48.32670211791992,2021-02-24,19.412343978881836,2020-04-27,false,false,251
2021-04-23,39.92205810546875,48.32670211791992,2021-02-24,19.412343978881836,2020-04-27,false,false,251
2021-04-26,41.351192474365234,48.32670211791992,2021-02-24,19.412343978881836,2020-04-27,false,false,251
2021-04-27,40.76422119140625,48.32670211791992,2021-02-24,19.412343978881836,2020-04-27,false,false,251
2021-04-28,41.12150955200195,48.32670211791992,2021-02-24,22.729969024658203,2020-05-06,false,false,251
2021-04-29,39.13093566894531,48.32670211791992,2021-02-24,22.729969024658203,2020-05-06,false,false,251
2021-04-30,37.77836608886719,48.32670211791992,2021-02-24,22.729969024658203,2020-05-06,false,false,251
2021-05-03,40.68766403198242,48.32670211791992,2021-02-24,22.729969024658203,2020-05-06,false,false,251
2021-05-04,41.376708984375,48.32670211791992,2021-02-24,22.729969024658203,2020-05-06,false,false,251
2021-05-05,42.695247650146484,48.32670211791992,2021-02-24,22.729969024658203,2020-05-06,false,false,251
2021-05-06,43.231178283691406,48.32670211791992,2021-02-24,22.729969024658203,2020-05-06,false,false,251
2021-05-07,43.367279052734375,48.32670211791992,2021-02-24,23.30842399597168,2020-07-09,false,false,251
2021-05-10,44.81342697143555,48.32670211791992,2021-02-24,23.30842399597168,2020-07-09,false,false,251
2021-05-11,45.63857650756836,48.32670211791992,2021-02-24,23.30842399597168,2020-07-09,false,false,251
2021-05-12,45.36636734008789,48.32670211791992,2021-02-24,23.30842399597168,2020-07-09,false,false,251
2021-05-13,43.63949966430664,48.32670211791992,2021-02-24,23.30842399597168,2020-07-09,false,false,251
2021-05-14,43.58845901489258,48.32670211791992,2021-02-24,23.30842399597168,2020-07-09,false,false,251
2021-05-17,46.2425537109375,48.32670211791992,2021-02-24,23.30842399597168,2020-07-09,false,false,251
2021-05-18,45.1026496887207,48.32670211791992,2021-02-24,23.30842399597168,2020-07-09,false,false,251
2021-05-19,46.36165237426758,48.32670211791992,2021-02-24,23.30842399597168,2020-07-09,false,false,251
2021-05-20,45.83423614501953,48.32670211791992,2021-02-24,23.30842399597168,2020-07-09,false,false,251
2021-05-21,44.98356246948242,48.32670211791992,2021-02-24,23.30842399597168,2020-07-09,false,false,251
2021-05-24,46.77848434448242,48.32670211791992,2021-02-24,23.30842399597168,2020-07-09,false,false,251
2021-05-25,46.10645294189453,48.32670211791992,2021-02-24,23.30842399597168,2020-07-09,false,false,252
2021-05-26,46.353145599365234,48.32670211791992,2021-02-24,23.30842399597168,2020-07-09,false,false,252
2021-05-27,49.3390007019043,49.3390007019043,2021-05-27,23.30842399597168,2020-07-09,true,false,252
2021-05-28,48.54787826538086,49.3390007019043,2021-05-27,23.30842399597168,2020-07-09,false,false,252
2021-06-01,50.20669174194336,50.20669174194336,2021-06-01,23.30842399597168,2020-07-09,true,false,251
2021-06-02,50.2662353515625,50.2662353515625,2021-06-02,23.30842399597168,2020-07-09,true,false,251
2021-06-03,51.38912582397461,51.38912582397461,2021-06-03,23.30842399597168,2020-07-09,true,false,251
2021-06-04,51.02333450317383,51.38912582397461,2021-06-03,23.30842399597168,2020-07-09,false,false,251
2021-06-07,49.80686950683594,51.38912582397461,2021-06-03,23.30842399597168,2020-07-09,false,false,251
2021-06-08,51.25301742553711,51.38912582397461,2021-06-03,23.30842399597168,2020-07-09,false,false,251
2021-06-09,50.14714813232422,51.38912582397461,2021-06-03,23.30842399597168,2020-07-09,false,false,251
2021-06-10,49.143348693847656,51.38912582397461,2021-06-03,23.30842399597168,2020-07-09,false,false,251
2021-06-11,49.23692321777344,51.38912582397461,2021-06-03,23.30842399597168,2020-07-09,false,false,251
2021-06-14,48.65846633911133,51.38912582397461,2021-06-03,23.30842399597168,2020-07-09,false,false,251
2021-06-15,47.09322738647461,51.38912582397461,2021-06-03,23.30842399597168,2020-07-09,false,false,251
2021-06-16,46.42970275878906,51.38912582397461,2021-06-03,23.30842399597168,2020-07-09,false,false,251
2021-06-17,45.97034454345703,51.38912582397461,2021-06-03,23.30842399597168,2020-07-09,false,false,251
2021-06-18,46.99114990234375,51.38912582397461,2021-06-03,23.30842399597168,2020-07-09,false,false,251
2021-06-21,46.3276252746582,51.38912582397461,2021-06-03,23.30842399597168,2020-07-09,false,false,251
2021-06-22,47.83331298828125,51.38912582397461,2021-06-03,23.30842399597168,2020-07-09,false,false,251
2021-06-23,48.70099639892578,51.38912582397461,2021-06-03,23.30842399597168,2020-07-09,false,false,251
2021-06-24,50.98930740356445,51.38912582397461,2021-06-03,23.30842399597168,2020-07-09,false,false,251
2021-06-25,50.376827239990234,51.38912582397461,2021-06-03,23.30842399597168,2020-07-09,false,false,251
2021-06-28,48.335208892822266,51.38912582397461,2021-06-03,23.30842399597168,2020-07-09,false,false,251
2021-06-29,47.55259323120117,51.38912582397461,2021-06-03,23.30842399597168,2020-07-09,false,false,251
2021-06-30,48.471317291259766,51.38912582397461,2021-06-03,23.30842399597168,2020-07-09,false,false,251
2021-07-01,49.16886901855469,51.38912582397461,2021-06-03,23.30842399597168,2020-07-09,false,false,251
2021-07-02,49.97700500488281,51.38912582397461,2021-06-03,23.30842399597168,2020-07-09,false,false,251
2021-07-06,48.02896499633789,51.38912582397461,2021-06-03,23.30842399597168,2020-07-09,false,false,251
2021-07-07,49.48361587524414,51.38912582397461,2021-06-03,23.30842399597168,2020-07-09,false,false,251
2021-07-08,51.30405807495117,51.38912582397461,2021-06-03,23.30842399597168,2020-07-09,false,false,251
2021-07-09,52.06966018676758,52.06966018676758,2021-07-09,23.30842399597168,2020-07-09,true,false,251
2021-07-12,51.44866943359375,52.06966018676758,2021-07-09,23.597654342651367,2020-07-13,false,false,251
2021-07-13,50.91274642944336,52.06966018676758,2021-07-09,23.597654342651367,2020-07-13,false,false,251
2021-07-14,50.93826675415039,52.06966018676758,2021-07-09,23.861360549926758,2020-11-12,false,false,251
2021-07-15,50.138633728027344,52.06966018676758,2021-07-09,23.861360549926758,2020-11-12,false,false,251
2021-07-16,48.28417205810547,52.06966018676758,2021-07-09,23.861360549926758,2020-11-12,false,false,251
2021-07-19,47.73973846435547,52.06966018676758,2021-07-09,23.861360549926758,2020-11-12,false,false,251
2021-07-20,48.675479888916016,52.06966018676758,2021-07-09,23.861360549926758,2020-11-12,false,false,251
2021-07-21,50.22370529174805,52.06966018676758,2021-07-09,23.861360549926758,2020-11-12,false,false,251
2021-07-22,51.61029815673828,52.06966018676758,2021-07-09,23.861360549926758,2020-11-12,false,false,251
2021-07-23,51.64432907104492,52.06966018676758,2021-07-09,23.861360549926758,2020-11-12,false,false,251
2021-07-26,53.081966400146484,53.081966400146484,2021-07-26,23.861360549926758,2020-11-12,true,false,251
2021-07-27,54.00068664550781,54.00068664550781,2021-07-27,23.861360549926758,2020-11-12,true,false,251
2021-07-28,54.40901184082031,54.40901184082031,2021-07-28,23.861360549926758,2020-11-12,true,false,251
2021-07-29,58.22853088378906,58.22853088378906,2021-07-29,23.861360549926758,2020-11-12,true,false,251
2021-07-30,55.90619659423828,58.22853088378906,2021-07-29,23.861360549926758,2020-11-12,false,false,251
2021-08-02,55.744564056396484,58.22853088378906,2021-07-29,23.861360549926758,2020-11-12,false,false,251
2021-08-03,56.47614669799805,58.22853088378906,2021-07-29,23.861360549926758,2020-11-12,false,false,251
2021-08-04,56.212440490722656,58.22853088378906,2021-07-29,23.861360549926758,2020-11-12,false,false,251
2021-08-05,56.00827407836914,58.22853088378906,2021-07-29,23.861360549926758,2020-11-12,false,false,251
2021-08-06,56.374061584472656,58.22853088378906,2021-07-29,23.861360549926758,2020-11-12,false,false,251
2021-08-09,53.4987907409668,58.22853088378906,2021-07-29,23.861360549926758,2020-11-12,false,false,251
2021-08-10,54.893898010253906,58.22853088378906,2021-07-29,23.861360549926758,2020-11-12,false,false,251
2021-08-11,57.394874572753906,58.22853088378906,2021-07-29,23.861360549926758,2020-11-12,false,false,251
2021-08-12,57.89676284790039,58.22853088378906,2021-07-29,23.861360549926758,2020-11-12,false,false,251
2021-08-13,57.675594329833984,58.22853088378906,2021-07-29,23.861360549926758,2020-11-12,false,false,251
2021-08-16,59.78526306152344,59.78526306152344,2021-08-16,23.861360549926758,2020-11-12,true,false,251
2021-08-17,57.871246337890625,59.78526306152344,2021-08-16,23.861360549926758,2020-11-12,false,false,251
2021-08-18,54.8853874206543,59.78526306152344,2021-08-16,23.861360549926758,2020-11-12,false,false,251
2021-08-19,51.6783561706543,59.78526306152344,2021-08-16,23.861360549926758,2020-11-12,false,false,251
2021-08-20,54.757789611816406,59.78526306152344,2021-08-16,23.861360549926758,2020-11-12,false,false,251
2021-08-23,58.60282897949219,59.78526306152344,2021-08-16,23.861360549926758,2020-11-12,false,false,251
2021-08-24,62.269222259521484,62.269222259521484,2021-08-24,23.861360549926758,2020-11-12,true,false,251
2021-08-25,63.06034851074219,63.06034851074219,2021-08-25,23.861360549926758,2020-11-12,true,false,251
2021-08-26,62.96677780151367,63.06034851074219,2021-08-25,23.861360549926758,2020-11-12,false,false,251
2021-08-27,66.0121841430664,66.0121841430664,2021-08-27,23.861360549926758,2020-11-12,true,false,251
2021-08-30,64.41291809082031,66.0121841430664,2021-08-27,23.861360549926758,2020-11-12,false,false,251
2021-08-31,64.38739776611328,66.0121841430664,2021-08-27,23.861360549926758,2020-11-12,false,false,251
2021-09-01,67.09253692626953,67.09253692626953,2021-09-01,23.861360549926758,2020-11-12,true,false,251
2021-09-02,69.38084411621094,69.38084411621094,2021-09-02,23.861360549926758,2020-11-12,true,false,251
2021-09-03,69.69560241699219,69.69560241699219,2021-09-03,23.861360549926758,2020-11-12,true,false,251
2021-09-07,71.24382019042969,71.24382019042969,2021-09-07,23.861360549926758,2020-11-12,true,false,251
2021-09-08,69.45740509033203,71.24382019042969,2021-09-07,23.861360549926758,2020-11-12,false,false,251
2021-09-09,70.52925109863281,71.24382019042969,2021-09-07,23.861360549926758,2020-11-12,false,false,251
2021-09-10,72.2816390991211,72.2816390991211,2021-09-10,23.861360549926758,2020-11-12,true,false,251
2021-09-13,70.86101531982422,72.2816390991211,2021-09-10,23.861360549926758,2020-11-12,false,false,251
2021-09-14,69.82319641113281,72.2816390991211,2021-09-10,23.861360549926758,2020-11-12,false,false,251
2021-09-15,70.7589340209961,72.2816390991211,2021-09-10,23.861360549926758,2020-11-12,false,false,251
2021-09-16,68.07080841064453,72.2816390991211,2021-09-10,23.861360549926758,2020-11-12,false,false,251
2021-09-17,67.44131469726562,72.2816390991211,2021-09-10,23.861360549926758,2020-11-12,false,false,251
2021-09-20,64.95735168457031,72.2816390991211,2021-09-10,23.861360549926758,2020-11-12,false,false,251
2021-09-21,64.8722915649414,72.2816390991211,2021-09-10,23.861360549926758,2020-11-12,false,false,251
2021-09-22,66.06322479248047,72.2816390991211,2021-09-10,23.861360549926758,2020-11-12,false,false,251
2021-09-23,68.43659973144531,72.2816390991211,2021-09-10,23.861360549926758,2020-11-12,false,false,251
2021-09-24,66.39498901367188,72.2816390991211,2021-09-10,23.861360549926758,2020-11-12,false,false,251
2021-09-27,71.09070587158203,72.2816390991211,2021-09-10,23.861360549926758,2020-11-12,false,false,251
2021-09-28,72.86009979248047,72.86009979248047,2021-09-28,23.861360549926758,2020-11-12,true,false,251
2021-09-29,73.81283569335938,73.81283569335938,2021-09-29,23.861360549926758,2020-11-12,true,false,251
2021-09-30,78.89986419677734,78.89986419677734,2021-09-30,23.861360549926758,2020-11-12,true,false,251
2021-10-01,82.97459411621094,82.97459411621094,2021-10-01,23.861360549926758,2020-11-12,true,false,251
2021-10-04,85.33094787597656,85.33094787597656,2021-10-04,23.861360549926758,2020-11-12,true,false,251
2021-10-05,84.60789489746094,85.33094787597656,2021-10-04,23.861360549926758,2020-11-12,false,false,251
2021-10-06,83.7912368774414,85.33094787597656,2021-10-04,23.861360549926758,2020-11-12,false,false,251
2021-10-07,82.00482177734375,85.33094787597656,2021-10-04,23.861360549926758,2020-11-12,false,false,251
2021-10-08,80.16736602783203,85.33094787597656,2021-10-04,23.861360549926758,2020-11-12,false,false,251
2021-10-11,81.08609008789062,85.33094787597656,2021-10-04,23.861360549926758,2020-11-12,false,false,251
2021-10-12,83.57856750488281,85.33094787597656,2021-10-04,23.861360549926758,2020-11-12,false,false,251
2021-10-13,84.22508239746094,85.33094787597656,2021-10-04,23.861360549926758,2020-11-12,false,false,251
2021-10-14,81.06058502197266,85.33094787597656,2021-10-04,23.861360549926758,2020-11-12,false,false,251
2021-10-15,80.26094055175781,85.33094787597656,2021-10-04,23.861360549926758,2020-11-12,false,false,251
2021-10-18,85.26290893554688,85.33094787597656,2021-10-04,23.861360549926758,2020-11-12,false,false,251
2021-10-19,81.46890258789062,85.33094787597656,2021-10-04,23.861360549926758,2020-11-12,false,false,251
2021-10-20,78.2193374633789,85.33094787597656,2021-10-04,23.861360549926758,2020-11-12,false,false,251
2021-10-21,78.97642517089844,85.33094787597656,2021-10-04,23.861360549926758,2020-11-12,false,false,251
2021-10-22,81.230712890625,85.33094787597656,2021-10-04,23.861360549926758,2020-11-12,false,false,251
2021-10-25,82.60028839111328,85.33094787597656,2021-10-04,23.861360549926758,2020-11-12,false,false,251
2021-10-26,82.37911987304688,85.33094787597656,2021-10-04,23.861360549926758,2020-11-12,false,false,251
2021-10-27,77.93010711669922,85.33094787597656,2021-10-04,23.861360549926758,2020-11-12,false,false,251
2021-10-28,78.61915588378906,85.33094787597656,2021-10-04,23.861360549926758,2020-11-12,false,false,251
2021-10-29,77.47925567626953,85.33094787597656,2021-10-04,23.861360549926758,2020-11-12,false,false,251
2021-11-01,79.34222412109375,85.33094787597656,2021-10-04,23.861360549926758,2020-11-12,false,false,251
2021-11-02,74.52742004394531,85.33094787597656,2021-10-04,23.861360549926758,2020-11-12,false,false,251
2021-11-03,77.9130859375,85.33094787597656,2021-10-04,23.861360549926758,2020-11-12,false,false,251
2021-11-04,75.91400909423828,85.33094787597656,2021-10-04,23.861360549926758,2020-11-12,false,false,251
2021-11-05,77.31761932373047,85.33094787597656,2021-10-04,23.861360549926758,2020-11-12,false,false,251
2021-11-08,75.91400909423828,85.33094787597656,2021-10-04,23.861360549926758,2020-11-12,false,false,251
2021-11-09,74.5103988647461,85.33094787597656,2021-10-04,23.861360549926758,2020-11-12,false,false,251
2021-11-10,70.5802993774414,85.33094787597656,2021-10-04,23.861360549926758,2020-11-12,false,false,251
2021-11-11,73.07276916503906,85.33094787597656,2021-10-04,23.861360549926758,2020-11-12,false,false,251
2021-11-12,72.62191009521484,85.33094787597656,2021-10-04,23.861360549926758,2020-11-12,false,false,251
2021-11-15,69.3298110961914,85.33094787597656,2021-10-04,25.367050170898438,2020-11-20,false,false,251
2021-11-16,70.12944030761719,85.33094787597656,2021-10-04,25.367050170898438,2020-11-20,false,false,251
2021-11-17,66.72675323486328,85.33094787597656,2021-10-04,25.367050170898438,2020-11-20,false,false,251
2021-11-18,67.33073425292969,85.33094787597656,2021-10-04,25.367050170898438,2020-11-20,false,false,251
2021-11-19,66.20783233642578,85.33094787597656,2021-10-04,25.367050170898438,2020-11-20,false,false,251
2021-11-22,67.76457214355469,85.33094787597656,2021-10-04,25.367050170898438,2020-11-20,false,false,251
2021-11-23,69.0575942993164,85.33094787597656,2021-10-04,28.44648551940918,2020-11-30,false,false,251
2021-11-24,70.29957580566406,85.33094787597656,2021-10-04,28.44648551940918,2020-11-30,false,false,251
2021-11-26,67.59442901611328,85.33094787597656,2021-10-04,28.44648551940918,2020-11-30,false,false,251
2021-11-29,67.92724609375,85.33094787597656,2021-10-04,28.44648551940918,2020-11-30,false,false,251
2021-11-30,66.12666320800781,85.33094787597656,2021-10-04,28.44648551940918,2020-11-30,false,false,251
2021-12-01,65.04290008544922,85.33094787597656,2021-10-04,30.97298812866211,2020-12-02,false,false,251
2021-12-02,68.19178771972656,85.33094787597656,2021-10-04,30.97298812866211,2020-12-02,false,false,251
2021-12-03,70.07770538330078,85.33094787597656,2021-10-04,31.951263427734375,2020-12-04,false,false,251
2021-12-06,71.73321533203125,85.33094787597656,2021-10-04,31.951263427734375,2020-12-04,false,false,251
2021-12-07,71.46013641357422,85.33094787597656,2021-10-04,33.6015625,2021-03-25,false,false,251
2021-12-08,73.65326690673828,85.33094787597656,2021-10-04,33.6015625,2021-03-25,false,false,251
2021-12-09,72.76578521728516,85.33094787597656,2021-10-04,33.6015625,2021-03-25,false,false,251
2021-12-10,72.42443084716797,85.33094787597656,2021-10-04,33.6015625,2021-03-25,false,false,251
2021-12-13,71.48574829101562,85.33094787597656,2021-10-04,33.6015625,2021-03-25,false,false,251
2021-12-14,71.00785827636719,85.33094787597656,2021-10-04,33.6015625,2021-03-25,false,false,251
2021-12-15,73.07299041748047,85.33094787597656,2021-10-04,33.6015625,2021-03-25,false,false,251
2021-12-16,74.25062561035156,85.33094787597656,2021-10-04,33.6015625,2021-03-25,false,false,251
2021-12-17,74.3700942993164,85.33094787597656,2021-10-04,33.6015625,2021-03-25,false,false,251
2021-12-20,73.98607635498047,85.33094787597656,2021-10-04,33.6015625,2021-03-25,false,false,251
2021-12-21,77.10083770751953,85.33094787597656,2021-10-04,33.6015625,2021-03-25,false,false,251
2021-12-22,77.52750396728516,85.33094787597656,2021-10-04,33.6015625,2021-03-25,false,false,251
2021-12-23,76,85.33094787597656,2021-10-04,33.6015625,2021-03-25,false,false,251
2021-12-27,78.54301452636719,85.33094787597656,2021-10-04,33.6015625,2021-03-25,false,false,251
2021-12-28,78.54301452636719,85.33094787597656,2021-10-04,33.6015625,2021-03-25,false,false,251
2021-12-29,79.8401107788086,85.33094787597656,2021-10-04,33.6015625,2021-03-25,false,false,251
2021-12-30,77.50191497802734,85.33094787597656,2021-10-04,33.6015625,2021-03-25,false,false,251
2021-12-31,77.9285888671875,85.33094787597656,2021-10-04,33.6015625,2021-03-25,false,false,251
2022-01-03,78.23580932617188,85.33094787597656,2021-10-04,33.6015625,2021-03-25,false,false,252
2022-01-04,77.85179901123047,85.33094787597656,2021-10-04,33.6015625,2021-03-25,false,false,252
2022-01-05,77.7493896484375,85.33094787597656,2021-10-04,33.6015625,2021-03-25,false,false,252
2022-01-06,78.95262145996094,85.33094787597656,2021-10-04,33.6015625,2021-03-25,false,false,252
2022-01-07,78.16752624511719,85.33094787597656,2021-10-04,33.6015625,2021-03-25,false,false,252
2022-01-10,79.86571502685547,85.33094787597656,2021-10-04,33.6015625,2021-03-25,false,false,252
2022-01-11,83.75701904296875,85.33094787597656,2021-10-04,33.6015625,2021-03-25,false,false,252
2022-01-12,84.75544738769531,85.33094787597656,2021-10-04,33.6015625,2021-03-25,false,false,252
2022-01-13,82.7244644165039,85.33094787597656,2021-10-04,33.6015625,2021-03-25,false,false,252
2022-01-14,82.4172592163086,85.33094787597656,2021-10-04,33.6015625,2021-03-25,false,false,252
2022-01-18,82.95486450195312,85.33094787597656,2021-10-04,33.6015625,2021-03-25,false,false,252
2022-01-19,85.88188171386719,85.88188171386719,2022-01-19,33.6015625,2021-03-25,true,false,252
2022-01-20,79.91691589355469,85.88188171386719,2022-01-19,33.6015625,2021-03-25,false,false,252
2022-01-21,78.15899658203125,85.88188171386719,2022-01-19,33.6015625,2021-03-25,false,false,252
2022-01-24,79.66944122314453,85.88188171386719,2022-01-19,33.6015625,2021-03-25,false,false,252
2022-01-25,80.51426696777344,85.88188171386719,2022-01-19,33.6015625,2021-03-25,false,false,252
2022-01-26,81.76016235351562,85.88188171386719,2022-01-19,33.6015625,2021-03-25,false,false,252
2022-01-27,83.99596405029297,85.88188171386719,2022-01-19,33.6015625,2021-03-25,false,false,252
2022-01-28,83.55221557617188,85.88188171386719,2022-01-19,33.6015625,2021-03-25,false,false,252
2022-01-31,80.76173400878906,85.88188171386719,2022-01-19,33.6015625,2021-03-25,false,false,252
2022-02-01,88.11767578125,88.11767578125,2022-02-01,33.6015625,2021-03-25,true,false,252
2022-02-02,90.14866638183594,90.14866638183594,2022-02-02,33.6015625,2021-03-25,true,false,252
2022-02-03,90.1230697631836,90.14866638183594,2022-02-02,33.6015625,2021-03-25,false,false,252
2022-02-04,89.6025161743164,90.14866638183594,2022-02-02,33.6015625,2021-03-25,false,false,252
2022-02-07,88.13475036621094,90.14866638183594,2022-02-02,33.6015625,2021-03-25,false,false,252
2022-02-08,89.58544921875,90.14866638183594,2022-02-02,33.6015625,2021-03-25,false,false,252
2022-02-09,92.46980285644531,92.46980285644531,2022-02-09,33.6015625,2021-03-25,true,false,252
2022-02-10,92.7855453491211,92.7855453491211,2022-02-10,33.6015625,2021-03-25,true,false,252
2022-02-11,97.47901916503906,97.47901916503906,2022-02-11,33.6015625,2021-03-25,true,false,252
2022-02-14,96.65125274658203,97.47901916503906,2022-02-11,33.6015625,2021-03-25,false,false,252
2022-02-15,101.86526489257812,101.86526489257812,2022-02-15,33.6015625,2021-03-25,true,false,253
2022-02-16,100.07321166992188,101.86526489257812,2022-02-15,33.6015625,2021-03-25,false,false,253
2022-02-17,98.86998748779297,101.86526489257812,2022-02-15,33.6015625,2021-03-25,false,false,253
2022-02-18,96.65978240966797,101.86526489257812,2022-02-15,33.6015625,2021-03-25,false,false,253
2022-02-22,96.47205352783203,101.86526489257812,2022-02-15,33.6015625,2021-03-25,false,false,252
2022-02-23,100.67910766601562,101.86526489257812,2022-02-15,33.6015625,2021-03-25,false,false,252
2022-02-24,97.25713348388672,101.86526489257812,2022-02-15,33.6015625,2021-03-25,false,false,252
2022-02-25,99.67745208740234,101.86526489257812,2022-02-15,33.6015625,2021-03-25,false,false,252
2022-02-28,102.08920288085938,102.08920288085938,2022-02-28,33.6015625,2021-03-25,true,false,252
2022-03-01,105.76671600341797,105.76671600341797,2022-03-01,33.6015625,2021-03-25,true,false,252
2022-03-02,117.29525756835938,117.29525756835938,2022-03-02,33.6015625,2021-03-25,true,false,252
2022-03-03,126.98503112792969,126.98503112792969,2022-03-03,33.6015625,2021-03-25,true,false,252
2022-03-04,130.32901000976562,130.32901000976562,2022-03-04,33.6015625,2021-03-25,true,false,252
2022-03-07,127.10478210449219,130.32901000976562,2022-03-04,33.6015625,2021-03-25,false,false,252
2022-03-08,128.21656799316406,130.32901000976562,2022-03-04,33.6015625,2021-03-25,false,false,252
2022-03-09,122.39244079589844,130.32901000976562,2022-03-04,33.6015625,2021-03-25,false,false,252
2022-03-10,134.8531951904297,134.8531951904297,2022-03-10,33.6015625,2021-03-25,true,false,252
2022-03-11,130.8592529296875,134.8531951904297,2022-03-10,33.6015625,2021-03-25,false,false,252
2022-03-14,118.15904998779297,134.8531951904297,2022-03-10,33.6015625,2021-03-25,false,false,252
2022-03-15,120.98986053466797,134.8531951904297,2022-03-10,33.6015625,2021-03-25,false,false,252
2022-03-16,120.40829467773438,134.8531951904297,2022-03-10,33.6015625,2021-03-25,false,false,252
2022-03-17,126.36072540283203,134.8531951904297,2022-03-10,33.6015625,2021-03-25,false,false,252
2022-03-18,128.29354858398438,134.8531951904297,2022-03-10,33.6015625,2021-03-25,false,false,252
2022-03-21,128.79815673828125,134.8531951904297,2022-03-10,33.6015625,2021-03-25,false,false,252
2022-03-22,125.54825592041016,134.8531951904297,2022-03-10,33.6015625,2021-03-25,false,false,252
2022-03-23,129.029052734375,134.8531951904297,2022-03-10,33.6015625,2021-03-25,false,false,252
2022-03-24,123.26478576660156,134.8531951904297,2022-03-10,33.6015625,2021-03-25,false,false,252
2022-03-25,123.16216278076172,134.8531951904297,2022-03-10,33.6015625,2021-03-25,false,false,252
2022-03-28,120.4596176147461,134.8531951904297,2022-03-10,34.16300582885742,2021-03-30,false,false,252
2022-03-29,116.98736572265625,134.8531951904297,2022-03-10,34.16300582885742,2021-03-30,false,false,252
2022-03-30,116.48278045654297,134.8531951904297,2022-03-10,34.16300582885742,2021-03-30,false,false,252
2022-03-31,117.4919662475586,134.8531951904297,2022-03-10,36.01747512817383,2021-04-01,false,false,252
2022-04-01,120.5537109375,134.8531951904297,2022-03-10,36.01747512817383,2021-04-01,false,false,252
2022-04-04,116.6538314819336,134.8531951904297,2022-03-10,36.383262634277344,2021-04-12,false,false,253
2022-04-05,115.35388946533203,134.8531951904297,2022-03-10,36.383262634277344,2021-04-12,false,false,253
2022-04-06,114.15654754638672,134.8531951904297,2022-03-10,36.383262634277344,2021-04-12,false,false,253
2022-04-07,121.2892074584961,134.8531951904297,2022-03-10,36.383262634277344,2021-04-12,false,false,253
2022-04-08,124.81275939941406,134.8531951904297,2022-03-10,36.383262634277344,2021-04-12,false,false,253
2022-04-11,120.99840545654297,134.8531951904297,2022-03-10,36.383262634277344,2021-04-12,false,false,253
2022-04-12,131.03030395507812,134.8531951904297,2022-03-10,36.383262634277344,2021-04-12,false,false,253
2022-04-13,138.74452209472656,138.74452209472656,2022-04-13,37.77836608886719,2021-04-30,true,false,253
2022-04-14,142.38780212402344,142.38780212402344,2022-04-14,37.77836608886719,2021-04-30,true,false,253
2022-04-18,145.32125854492188,145.32125854492188,2022-04-18,37.77836608886719,2021-04-30,true,false,252
2022-04-19,141.65231323242188,145.32125854492188,2022-04-18,37.77836608886719,2021-04-30,false,false,252
2022-04-20,144.35482788085938,145.32125854492188,2022-04-18,37.77836608886719,2021-04-30,false,false,252
2022-04-21,131.86843872070312,145.32125854492188,2022-04-18,37.77836608886719,2021-04-30,false,false,252
2022-04-22,114.55850219726562,145.32125854492188,2022-04-18,37.77836608886719,2021-04-30,false,false,252
2022-04-25,112.30924987792969,145.32125854492188,2022-04-18,37.77836608886719,2021-04-30,false,false,252
2022-04-26,135.8367156982422,145.32125854492188,2022-04-18,37.77836608886719,2021-04-30,false,false,252
2022-04-27,146.3475341796875,146.3475341796875,2022-04-27,37.77836608886719,2021-04-30,true,false,252
2022-04-28,144.57720947265625,146.3475341796875,2022-04-27,37.77836608886719,2021-04-30,false,false,252
2022-04-29,142.29373168945312,146.3475341796875,2022-04-27,37.77836608886719,2021-04-30,false,false,252
2022-05-02,140.88258361816406,146.3475341796875,2022-04-27,37.77836608886719,2021-04-30,false,false,252
2022-05-03,150.13623046875,150.13623046875,2022-05-03,41.376708984375,2021-05-04,true,false,252
2022-05-04,152.24864196777344,152.24864196777344,2022-05-04,41.376708984375,2021-05-04,true,false,252
2022-05-05,150.05068969726562,152.24864196777344,2022-05-04,43.231178283691406,2021-05-06,false,false,252
2022-05-06,149.032958984375,152.24864196777344,2022-05-04,43.231178283691406,2021-05-06,false,false,252
2022-05-09,136.6833953857422,152.24864196777344,2022-05-04,43.58845901489258,2021-05-14,false,false,252
2022-05-10,136.9656219482422,152.24864196777344,2022-05-04,43.58845901489258,2021-05-14,false,false,252
2022-05-11,140.41220092773438,152.24864196777344,2022-05-04,43.58845901489258,2021-05-14,false,false,252
2022-05-12,132.90325927734375,152.24864196777344,2022-05-04,43.58845901489258,2021-05-14,false,false,252
2022-05-13,137.72677612304688,152.24864196777344,2022-05-04,43.58845901489258,2021-05-14,false,false,252
2022-05-16,139.00962829589844,152.24864196777344,2022-05-04,43.58845901489258,2021-05-14,false,false,252
2022-05-17,140.12998962402344,152.24864196777344,2022-05-04,44.98356246948242,2021-05-21,false,false,252
2022-05-18,136.9656219482422,152.24864196777344,2022-05-04,44.98356246948242,2021-05-21,false,false,252
2022-05-19,141.72927856445312,152.24864196777344,2022-05-04,44.98356246948242,2021-05-21,false,false,252
2022-05-20,139.7451171875,152.24864196777344,2022-05-04,44.98356246948242,2021-05-21,false,false,252
2022-05-23,144.98770141601562,152.24864196777344,2022-05-04,44.98356246948242,2021-05-21,false,false,252
2022-05-24,145.25283813476562,152.24864196777344,2022-05-04,45.97034454345703,2021-06-17,false,false,252
2022-05-25,144.78245544433594,152.24864196777344,2022-05-04,45.97034454345703,2021-06-17,false,false,252
2022-05-26,153.4887237548828,153.4887237548828,2022-05-26,45.97034454345703,2021-06-17,true,false,252
2022-05-27,150.69412231445312,153.4887237548828,2022-05-26,45.97034454345703,2021-06-17,false,false,252
2022-05-31,136.9001922607422,153.4887237548828,2022-05-26,45.97034454345703,2021-06-17,false,false,252
2022-06-01,139.8112335205078,153.4887237548828,2022-05-26,45.97034454345703,2021-06-17,false,false,252
2022-06-02,144.2987518310547,153.4887237548828,2022-05-26,45.97034454345703,2021-06-17,false,false,252
2022-06-03,141.7191162109375,153.4887237548828,2022-05-26,45.97034454345703,2021-06-17,false,false,252
2022-06-06,143.1791229248047,153.4887237548828,2022-05-26,45.97034454345703,2021-06-17,false,false,252
2022-06-07,158.80923461914062,158.80923461914062,2022-06-07,45.97034454345703,2021-06-17,true,false,252
2022-06-08,153.1035614013672,158.80923461914062,2022-06-07,45.97034454345703,2021-06-17,false,false,252
2022-06-09,150.47019958496094,158.80923461914062,2022-06-07,45.97034454345703,2021-06-17,false,false,252
2022-06-10,152.3780517578125,158.80923461914062,2022-06-07,45.97034454345703,2021-06-17,false,false,252
2022-06-13,140.18743896484375,158.80923461914062,2022-06-07,45.97034454345703,2021-06-17,false,false,252
2022-06-14,142.02365112304688,158.80923461914062,2022-06-07,45.97034454345703,2021-06-17,false,false,252
2022-06-15,144.9794921875,158.80923461914062,2022-06-07,45.97034454345703,2021-06-17,false,false,252
2022-06-16,138.6647491455078,158.80923461914062,2022-06-07,45.97034454345703,2021-06-17,false,false,252
2022-06-17,139.13946533203125,158.80923461914062,2022-06-07,45.97034454345703,2021-06-17,false,false,252
2022-06-21,147.1112823486328,158.80923461914062,2022-06-07,47.55259323120117,2021-06-29,false,false,251
2022-06-22,137.74215698242188,158.80923461914062,2022-06-07,47.55259323120117,2021-06-29,false,false,251
2022-06-23,128.16702270507812,158.80923461914062,2022-06-07,47.55259323120117,2021-06-29,false,false,251
2022-06-24,131.53489685058594,158.80923461914062,2022-06-07,47.55259323120117,2021-06-29,false,false,251
2022-06-27,139.9366455078125,158.80923461914062,2022-06-07,47.55259323120117,2021-06-29,false,false,251
2022-06-28,140.10684204101562,158.80923461914062,2022-06-07,47.55259323120117,2021-06-29,false,false,251
2022-06-29,135.86117553710938,158.80923461914062,2022-06-07,47.55259323120117,2021-06-29,false,false,251
2022-06-30,128.16702270507812,158.80923461914062,2022-06-07,47.73973846435547,2021-07-19,false,false,251
2022-07-01,128.802978515625,158.80923461914062,2022-06-07,47.73973846435547,2021-07-19,false,false,251
2022-07-05,117.11397552490234,158.80923461914062,2022-06-07,47.73973846435547,2021-07-19,false,false,251
2022-07-06,115.74354553222656,158.80923461914062,2022-06-07,47.73973846435547,2021-07-19,false,false,251
2022-07-07,125.0230941772461,158.80923461914062,2022-06-07,47.73973846435547,2021-07-19,false,false,251
2022-07-08,124.32444763183594,158.80923461914062,2022-06-07,47.73973846435547,2021-07-19,false,false,251
2022-07-11,123.69744873046875,158.80923461914062,2022-06-07,47.73973846435547,2021-07-19,false,false,251
2022-07-12,123.8586654663086,158.80923461914062,2022-06-07,47.73973846435547,2021-07-19,false,false,251
2022-07-13,127.0921859741211,158.80923461914062,2022-06-07,47.73973846435547,2021-07-19,false,false,251
2022-07-14,121.70000457763672,158.80923461914062,2022-06-07,47.73973846435547,2021-07-19,false,false,251
2022-07-15,125.4530258178711,158.80923461914062,2022-06-07,47.73973846435547,2021-07-19,false,false,251
2022-07-18,128.85671997070312,158.80923461914062,2022-06-07,47.73973846435547,2021-07-19,false,false,251
2022-07-19,130.54066467285156,158.80923461914062,2022-06-07,47.73973846435547,2021-07-19,false,false,251
2022-07-20,131.18557739257812,158.80923461914062,2022-06-07,50.22370529174805,2021-07-21,false,false,251
2022-07-21,125.00518035888672,158.80923461914062,2022-06-07,50.22370529174805,2021-07-21,false,false,251
2022-07-22,121.82540130615234,158.80923461914062,2022-06-07,51.64432907104492,2021-07-23,false,false,251
2022-07-25,126.91304779052734,158.80923461914062,2022-06-07,51.64432907104492,2021-07-23,false,false,251
2022-07-26,124.19905090332031,158.80923461914062,2022-06-07,51.6783561706543,2021-08-19,false,false,251
2022-07-27,129.5016326904297,158.80923461914062,2022-06-07,51.6783561706543,2021-08-19,false,false,251
2022-07-28,115.17924499511719,158.80923461914062,2022-06-07,51.6783561706543,2021-08-19,false,false,251
2022-07-29,115.67189025878906,158.80923461914062,2022-06-07,51.6783561706543,2021-08-19,false,false,251
2022-08-01,112.68917083740234,158.80923461914062,2022-06-07,51.6783561706543,2021-08-19,false,false,251
2022-08-02,111.56058502197266,158.80923461914062,2022-06-07,51.6783561706543,2021-08-19,false,false,251
2022-08-03,110.56634521484375,158.80923461914062,2022-06-07,51.6783561706543,2021-08-19,false,false,251
2022-08-04,111.03211212158203,158.80923461914062,2022-06-07,51.6783561706543,2021-08-19,false,false,251
2022-08-05,111.81138610839844,158.80923461914062,2022-06-07,51.6783561706543,2021-08-19,false,false,251
2022-08-08,113.36095428466797,158.80923461914062,2022-06-07,51.6783561706543,2021-08-19,false,false,251
2022-08-09,113.98795318603516,158.80923461914062,2022-06-07,51.6783561706543,2021-08-19,false,false,251
2022-08-10,124.0646743774414,158.80923461914062,2022-06-07,51.6783561706543,2021-08-19,false,false,251
2022-08-11,131.79466247558594,158.80923461914062,2022-06-07,51.6783561706543,2021-08-19,false,false,251
2022-08-12,135.87908935546875,158.80923461914062,2022-06-07,51.6783561706543,2021-08-19,false,false,251
2022-08-15,137.61676025390625,158.80923461914062,2022-06-07,51.6783561706543,2021-08-19,false,false,251
2022-08-16,138.6199493408203,158.80923461914062,2022-06-07,51.6783561706543,2021-08-19,false,false,251
2022-08-17,138.3512420654297,158.80923461914062,2022-06-07,51.6783561706543,2021-08-19,false,false,251
2022-08-18,142.05052185058594,158.80923461914062,2022-06-07,51.6783561706543,2021-08-19,false,false,251
2022-08-19,145.07801818847656,158.80923461914062,2022-06-07,51.6783561706543,2021-08-19,false,false,251
2022-08-22,148.48171997070312,158.80923461914062,2022-06-07,58.60282897949219,2021-08-23,false,false,251
2022-08-23,152.1630859375,158.80923461914062,2022-06-07,58.60282897949219,2021-08-23,false,false,251
2022-08-24,149.86109924316406,158.80923461914062,2022-06-07,62.96677780151367,2021-08-26,false,false,251
2022-08-25,152.35118103027344,158.80923461914062,2022-06-07,62.96677780151367,2021-08-26,false,false,251
2022-08-26,149.40431213378906,158.80923461914062,2022-06-07,62.96677780151367,2021-08-26,false,false,251
2022-08-29,146.83360290527344,158.80923461914062,2022-06-07,64.38739776611328,2021-08-31,false,false,251
2022-08-30,136.922607421875,158.80923461914062,2022-06-07,64.38739776611328,2021-08-31,false,false,251
2022-08-31,135.35134887695312,158.80923461914062,2022-06-07,64.38739776611328,2021-08-31,false,false,251
2022-09-01,129.1313934326172,158.80923461914062,2022-06-07,64.8722915649414,2021-09-21,false,false,251
2022-09-02,131.8834228515625,158.80923461914062,2022-06-07,64.8722915649414,2021-09-21,false,false,251
2022-09-06,133.7335968017578,158.80923461914062,2022-06-07,64.8722915649414,2021-09-21,false,false,251
2022-09-07,130.63755798339844,158.80923461914062,2022-06-07,64.8722915649414,2021-09-21,false,false,251
2022-09-08,124.7988052368164,158.80923461914062,2022-06-07,64.8722915649414,2021-09-21,false,false,251
2022-09-09,128.768798828125,158.80923461914062,2022-06-07,64.8722915649414,2021-09-21,false,false,251
2022-09-12,124.26885986328125,158.80923461914062,2022-06-07,64.8722915649414,2021-09-21,false,false,251
2022-09-13,122.66970825195312,158.80923461914062,2022-06-07,64.8722915649414,2021-09-21,false,false,251
2022-09-14,124.90107727050781,158.80923461914062,2022-06-07,64.8722915649414,2021-09-21,false,false,251
2022-09-15,118.67182922363281,158.80923461914062,2022-06-07,64.8722915649414,2021-09-21,false,false,251
2022-09-16,114.13471221923828,158.80923461914062,2022-06-07,64.8722915649414,2021-09-21,false,false,251
2022-09-19,119.13670349121094,158.80923461914062,2022-06-07,64.8722915649414,2021-09-21,false,false,251
2022-09-20,116.46834564208984,158.80923461914062,2022-06-07,64.8722915649414,2021-09-21,false,false,251
2022-09-21,114.96217346191406,158.80923461914062,2022-06-07,64.8722915649414,2021-09-21,false,false,251
2022-09-22,112.53556060791016,158.80923461914062,2022-06-07,65.04290008544922,2021-12-01,false,false,251
2022-09-23,106.799072265625,158.80923461914062,2022-06-07,65.04290008544922,2021-12-01,false,false,251
2022-09-26,103.39622497558594,158.80923461914062,2022-06-07,65.04290008544922,2021-12-01,false,false,251
2022-09-27,107.74740600585938,158.80923461914062,2022-06-07,65.04290008544922,2021-12-01,false,false,251
2022-09-28,113.139892578125,158.80923461914062,2022-06-07,65.04290008544922,2021-12-01,false,false,251
2022-09-29,113.72562408447266,158.80923461914062,2022-06-07,65.04290008544922,2021-12-01,false,false,251
2022-09-30,110.2669906616211,158.80923461914062,2022-06-07,65.04290008544922,2021-12-01,false,false,251
2022-10-03,119.33195495605469,158.80923461914062,2022-06-07,65.04290008544922,2021-12-01,false,false,251
2022-10-04,125.73785400390625,158.80923461914062,2022-06-07,65.04290008544922,2021-12-01,false,false,251
2022-10-05,131.1117401123047,158.80923461914062,2022-06-07,65.04290008544922,2021-12-01,false,false,251
2022-10-06,136.2159881591797,158.80923461914062,2022-06-07,65.04290008544922,2021-12-01,false,false,251
2022-10-07,133.1478729248047,158.80923461914062,2022-06-07,65.04290008544922,2021-12-01,false,false,251
2022-10-10,133.2780303955078,158.80923461914062,2022-06-07,65.04290008544922,2021-12-01,false,false,251
2022-10-11,127.41136932373047,158.80923461914062,2022-06-07,65.04290008544922,2021-12-01,false,false,251
2022-10-12,127.20684051513672,158.80923461914062,2022-06-07,65.04290008544922,2021-12-01,false,false,251
2022-10-13,128.13658142089844,158.80923461914062,2022-06-07,65.04290008544922,2021-12-01,false,false,251
2022-10-14,128.70370483398438,158.80923461914062,2022-06-07,65.04290008544922,2021-12-01,false,false,251
2022-10-17,132.9805145263672,158.80923461914062,2022-06-07,65.04290008544922,2021-12-01,false,false,251
2022-10-18,130.84210205078125,158.80923461914062,2022-06-07,65.04290008544922,2021-12-01,false,false,251
2022-10-19,127.27191162109375,158.80923461914062,2022-06-07,65.04290008544922,2021-12-01,false,false,251
2022-10-20,125.01265716552734,158.80923461914062,2022-06-07,65.04290008544922,2021-12-01,false,false,251
2022-10-21,127.97850799560547,158.80923461914062,2022-06-07,65.04290008544922,2021-12-01,false,false,251
2022-10-24,127.09526062011719,158.80923461914062,2022-06-07,65.04290008544922,2021-12-01,false,false,251
2022-10-25,125.4217300415039,158.80923461914062,2022-06-07,65.04290008544922,2021-12-01,false,false,251
2022-10-26,123.69241333007812,158.80923461914062,2022-06-07,65.04290008544922,2021-12-01,false,false,251
2022-10-27,141.2551727294922,158.80923461914062,2022-06-07,65.04290008544922,2021-12-01,false,false,251
2022-10-28,139.57235717773438,158.80923461914062,2022-06-07,65.04290008544922,2021-12-01,false,false,251
2022-10-31,141.5898895263672,158.80923461914062,2022-06-07,65.04290008544922,2021-12-01,false,false,251
2022-11-01,143.03097534179688,158.80923461914062,2022-06-07,65.04290008544922,2021-12-01,false,false,251
2022-11-02,139.34922790527344,158.80923461914062,2022-06-07,65.04290008544922,2021-12-01,false,false,251
2022-11-03,144.3419189453125,158.80923461914062,2022-06-07,65.04290008544922,2021-12-01,false,false,251
2022-11-04,150.5711669921875,158.80923461914062,2022-06-07,65.04290008544922,2021-12-01,false,false,251
2022-11-07,151.27777099609375,158.80923461914062,2022-06-07,65.04290008544922,2021-12-01,false,false,251
2022-11-08,151.47300720214844,158.80923461914062,2022-06-07,65.04290008544922,2021-12-01,false,false,251
2022-11-09,139.67462158203125,158.80923461914062,2022-06-07,65.04290008544922,2021-12-01,false,false,251
2022-11-10,141.46902465820312,158.80923461914062,2022-06-07,65.04290008544922,2021-12-01,false,false,251
2022-11-11,139.78619384765625,158.80923461914062,2022-06-07,65.04290008544922,2021-12-01,false,false,251
2022-11-14,137.8895263671875,158.80923461914062,2022-06-07,65.04290008544922,2021-12-01,false,false,251
2022-11-15,144.1187744140625,158.80923461914062,2022-06-07,65.04290008544922,2021-12-01,false,false,251
2022-11-16,140.22317504882812,158.80923461914062,2022-06-07,65.04290008544922,2021-12-01,false,false,251
2022-11-17,141.15292358398438,158.80923461914062,2022-06-07,65.04290008544922,2021-12-01,false,false,251
2022-11-18,139.8140869140625,158.80923461914062,2022-06-07,65.04290008544922,2021-12-01,false,false,251
2022-11-21,143.48655700683594,158.80923461914062,2022-06-07,65.04290008544922,2021-12-01,false,false,251
2022-11-22,144.24893188476562,158.80923461914062,2022-06-07,65.04290008544922,2021-12-01,false,false,251
2022-11-23,144.7974853515625,158.80923461914062,2022-06-07,65.04290008544922,2021-12-01,false,false,251
2022-11-25,145.84808349609375,158.80923461914062,2022-06-07,65.04290008544922,2021-12-01,false,false,251
2022-11-28,142.25,158.80923461914062,2022-06-07,65.04290008544922,2021-12-01,false,false,251
2022-11-29,147.42999267578125,158.80923461914062,2022-06-07,65.04290008544922,2021-12-01,false,false,251
2022-11-30,154.75,158.80923461914062,2022-06-07,65.04290008544922,2021-12-01,false,false,251
