date,close_value,highest_52_weeks_value,highest_date,lowest_52_weeks_value,lowest_date,is_high52,is_low52,business_days
1999-12-31,2.4314022064208984,2.4314022064208984,1999-12-31,2.4314022064208984,1999-12-31,true,true,0
2000-01-03,2.3614330291748047,2.4314022064208984,1999-12-31,2.3614330291748047,2000-01-03,false,true,1
2000-01-04,2.3439409732818604,2.4314022064208984,1999-12-31,2.3439409732818604,2000-01-04,false,true,2
2000-01-05,2.3439409732818604,2.4314022064208984,1999-12-31,2.3439409732818604,2000-01-05,false,true,3
2000-01-06,2.3439409732818604,2.4314022064208984,1999-12-31,2.3439409732818604,2000-01-06,false,true,4
2000-01-07,2.3439409732818604,2.4314022064208984,1999-12-31,2.3439409732818604,2000-01-07,false,true,5
2000-01-10,2.3789255619049072,2.4314022064208984,1999-12-31,2.3439409732818604,2000-01-07,false,false,6
2000-01-11,2.3439409732818604,2.4314022064208984,1999-12-31,2.3439409732818604,2000-01-11,false,true,7
2000-01-12,2.3439409732818604,2.4314022064208984,1999-12-31,2.3439409732818604,2000-01-12,false,true,8
2000-01-13,2.3439409732818604,2.4314022064208984,1999-12-31,2.3439409732818604,2000-01-13,false,true,9
2000-01-14,2.3439409732818604,2.4314022064208984,1999-12-31,2.3439409732818604,2000-01-14,false,true,10
2000-01-18,2.365807056427002,2.4314022064208984,1999-12-31,2.3439409732818604,2000-01-14,false,false,11
2000-01-19,2.352687358856201,2.4314022064208984,1999-12-31,2.3439409732818604,2000-01-14,false,false,12
2000-01-20,2.3439409732818604,2.4314022064208984,1999-12-31,2.3439409732818604,2000-01-20,false,true,13
2000-01-21,2.3439409732818604,2.4314022064208984,1999-12-31,2.3439409732818604,2000-01-21,false,true,14
2000-01-24,2.3614330291748047,2.4314022064208984,1999-12-31,2.3439409732818604,2000-01-21,false,false,15
2000-01-25,2.2914655208587646,2.4314022064208984,1999-12-31,2.2914655208587646,2000-01-25,false,true,16
2000-01-26,2.273973226547241,2.4314022064208984,1999-12-31,2.273973226547241,2000-01-26,false,true,17
2000-01-27,2.273973226547241,2.4314022064208984,1999-12-31,2.273973226547241,2000-01-27,false,true,18
2000-01-28,2.1777658462524414,2.4314022064208984,1999-12-31,2.1777658462524414,2000-01-28,false,true,19
2000-01-31,2.273973226547241,2.4314022064208984,1999-12-31,2.1777658462524414,2000-01-28,false,false,20
2000-02-01,2.273973226547241,2.4314022064208984,1999-12-31,2.1777658462524414,2000-01-28,false,false,21
2000-02-02,2.273973226547241,2.4314022064208984,1999-12-31,2.1777658462524414,2000-01-28,false,false,22
2000-02-03,2.308957099914551,2.4314022064208984,1999-12-31,2.1777658462524414,2000-01-28,false,false,23
2000-02-04,2.273973226547241,2.4314022064208984,1999-12-31,2.1777658462524414,2000-01-28,false,false,24
2000-02-07,2.308957099914551,2.4314022064208984,1999-12-31,2.1777658462524414,2000-01-28,false,false,25
2000-02-08,2.3439409732818604,2.4314022064208984,1999-12-31,2.1777658462524414,2000-01-28,false,false,26
2000-02-09,2.3439409732818604,2.4314022064208984,1999-12-31,2.1777658462524414,2000-01-28,false,false,27
2000-02-10,2.273973226547241,2.4314022064208984,1999-12-31,2.1777658462524414,2000-01-28,false,false,28
2000-02-11,2.273973226547241,2.4314022064208984,1999-12-31,2.1777658462524414,2000-01-28,false,false,29
2000-02-14,2.273973226547241,2.4314022064208984,1999-12-31,2.1777658462524414,2000-01-28,false,false,30
2000-02-15,2.204005241394043,2.4314022064208984,1999-12-31,2.1777658462524414,2000-01-28,false,false,31
2000-02-16,2.204005241394043,2.4314022064208984,1999-12-31,2.1777658462524414,2000-01-28,false,false,32
2000-02-17,2.204005241394043,2.4314022064208984,1999-12-31,2.1777658462524414,2000-01-28,false,false,33
2000-02-18,2.186511993408203,2.4314022064208984,1999-12-31,2.1777658462524414,2000-01-28,false,false,34
2000-02-22,2.2389888763427734,2.4314022064208984,1999-12-31,2.1777658462524414,2000-01-28,false,false,35
2000-02-23,2.2389888763427734,2.4314022064208984,1999-12-31,2.1777658462524414,2000-01-28,false,false,36
2000-02-24,2.2564809322357178,2.4314022064208984,1999-12-31,2.1777658462524414,2000-01-28,false,false,37
2000-02-25,2.273973226547241,2.4314022064208984,1999-12-31,2.1777658462524414,2000-01-28,false,false,38
2000-02-28,2.2564809322357178,2.4314022064208984,1999-12-31,2.1777658462524414,2000-01-28,false,false,39
2000-02-29,2.273973226547241,2.4314022064208984,1999-12-31,2.1777658462524414,2000-01-28,false,false,40
2000-03-01,2.273973226547241,2.4314022064208984,1999-12-31,2.1777658462524414,2000-01-28,false,false,41
2000-03-02,2.273973226547241,2.4314022064208984,1999-12-31,2.1777658462524414,2000-01-28,false,false,42
2000-03-03,2.273973226547241,2.4314022064208984,1999-12-31,2.1777658462524414,2000-01-28,false,false,43
2000-03-06,2.273973226547241,2.4314022064208984,1999-12-31,2.1777658462524414,2000-01-28,false,false,44
2000-03-07,2.273973226547241,2.4314022064208984,1999-12-31,2.1777658462524414,2000-01-28,false,false,45
2000-03-08,2.308957099914551,2.4314022064208984,1999-12-31,2.1777658462524414,2000-01-28,false,false,46
2000-03-09,2.273973226547241,2.4314022064208984,1999-12-31,2.1777658462524414,2000-01-28,false,false,47
2000-03-10,2.273973226547241,2.4314022064208984,1999-12-31,2.1777658462524414,2000-01-28,false,false,48
2000-03-13,2.273973226547241,2.4314022064208984,1999-12-31,2.1777658462524414,2000-01-28,false,false,49
2000-03-14,2.2914655208587646,2.4314022064208984,1999-12-31,2.1777658462524414,2000-01-28,false,false,50
2000-03-15,2.2914655208587646,2.4314022064208984,1999-12-31,2.1777658462524414,2000-01-28,false,false,51
2000-03-16,2.3439409732818604,2.4314022064208984,1999-12-31,2.1777658462524414,2000-01-28,false,false,52
2000-03-17,2.308957099914551,2.4314022064208984,1999-12-31,2.1777658462524414,2000-01-28,false,false,53
2000-03-20,2.273973226547241,2.4314022064208984,1999-12-31,2.1777658462524414,2000-01-28,false,false,54
2000-03-21,2.3439409732818604,2.4314022064208984,1999-12-31,2.1777658462524414,2000-01-28,false,false,55
2000-03-22,2.3264482021331787,2.4314022064208984,1999-12-31,2.1777658462524414,2000-01-28,false,false,56
2000-03-23,2.3264482021331787,2.4314022064208984,1999-12-31,2.1777658462524414,2000-01-28,false,false,57
2000-03-24,2.3439409732818604,2.4314022064208984,1999-12-31,2.1777658462524414,2000-01-28,false,false,58
2000-03-27,2.3264482021331787,2.4314022064208984,1999-12-31,2.1777658462524414,2000-01-28,false,false,59
2000-03-28,2.3264482021331787,2.4314022064208984,1999-12-31,2.1777658462524414,2000-01-28,false,false,60
2000-03-29,2.3750205039978027,2.4314022064208984,1999-12-31,2.1777658462524414,2000-01-28,false,false,61
2000-03-30,2.3750205039978027,2.4314022064208984,1999-12-31,2.1777658462524414,2000-01-28,false,false,62
2000-03-31,2.3750205039978027,2.4314022064208984,1999-12-31,2.1777658462524414,2000-01-28,false,false,63
2000-04-03,2.3750205039978027,2.4314022064208984,1999-12-31,2.1777658462524414,2000-01-28,false,false,64
2000-04-04,2.3750205039978027,2.4314022064208984,1999-12-31,2.1777658462524414,2000-01-28,false,false,65
2000-04-05,2.3928780555725098,2.4314022064208984,1999-12-31,2.1777658462524414,2000-01-28,false,false,66
2000-04-06,2.3928780555725098,2.4314022064208984,1999-12-31,2.1777658462524414,2000-01-28,false,false,67
2000-04-07,2.3928780555725098,2.4314022064208984,1999-12-31,2.1777658462524414,2000-01-28,false,false,68
2000-04-10,2.3750205039978027,2.4314022064208984,1999-12-31,2.1777658462524414,2000-01-28,false,false,69
2000-04-11,2.3750205039978027,2.4314022064208984,1999-12-31,2.1777658462524414,2000-01-28,false,false,70
2000-04-12,2.3750205039978027,2.4314022064208984,1999-12-31,2.1777658462524414,2000-01-28,false,false,71
2000-04-13,2.3750205039978027,2.4314022064208984,1999-12-31,2.1777658462524414,2000-01-28,false,false,72
2000-04-14,2.285733938217163,2.4314022064208984,1999-12-31,2.1777658462524414,2000-01-28,false,false,73
2000-04-17,2.2321617603302,2.4314022064208984,1999-12-31,2.1777658462524414,2000-01-28,false,false,74
2000-04-18,2.2500202655792236,2.4314022064208984,1999-12-31,2.1777658462524414,2000-01-28,false,false,75
2000-04-19,2.3214492797851562,2.4314022064208984,1999-12-31,2.1777658462524414,2000-01-28,false,false,76
2000-04-20,2.3214492797851562,2.4314022064208984,1999-12-31,2.1777658462524414,2000-01-28,false,false,77
2000-04-24,2.285733938217163,2.4314022064208984,1999-12-31,2.1777658462524414,2000-01-28,false,false,78
2000-04-25,2.30359148979187,2.4314022064208984,1999-12-31,2.1777658462524414,2000-01-28,false,false,79
2000-04-26,2.3214492797851562,2.4314022064208984,1999-12-31,2.1777658462524414,2000-01-28,false,false,80
2000-04-27,2.357163667678833,2.4314022064208984,1999-12-31,2.1777658462524414,2000-01-28,false,false,81
2000-04-28,2.3214492797851562,2.4314022064208984,1999-12-31,2.1777658462524414,2000-01-28,false,false,82
2000-05-01,2.285733938217163,2.4314022064208984,1999-12-31,2.1777658462524414,2000-01-28,false,false,83
2000-05-02,2.2500202655792236,2.4314022064208984,1999-12-31,2.1777658462524414,2000-01-28,false,false,84
2000-05-03,2.2500202655792236,2.4314022064208984,1999-12-31,2.1777658462524414,2000-01-28,false,false,85
2000-05-04,2.285733938217163,2.4314022064208984,1999-12-31,2.1777658462524414,2000-01-28,false,false,86
2000-05-05,2.285733938217163,2.4314022064208984,1999-12-31,2.1777658462524414,2000-01-28,false,false,87
2000-05-08,2.285733938217163,2.4314022064208984,1999-12-31,2.1777658462524414,2000-01-28,false,false,88
2000-05-09,2.2143054008483887,2.4314022064208984,1999-12-31,2.1777658462524414,2000-01-28,false,false,89
2000-05-10,2.2143054008483887,2.4314022064208984,1999-12-31,2.1777658462524414,2000-01-28,false,false,90
2000-05-11,2.178591012954712,2.4314022064208984,1999-12-31,2.1777658462524414,2000-01-28,false,false,91
2000-05-12,2.178591012954712,2.4314022064208984,1999-12-31,2.1777658462524414,2000-01-28,false,false,92
2000-05-15,2.2678768634796143,2.4314022064208984,1999-12-31,2.1777658462524414,2000-01-28,false,false,93
2000-05-16,2.285733938217163,2.4314022064208984,1999-12-31,2.1777658462524414,2000-01-28,false,false,94
2000-05-17,2.285733938217163,2.4314022064208984,1999-12-31,2.1777658462524414,2000-01-28,false,false,95
2000-05-18,2.30359148979187,2.4314022064208984,1999-12-31,2.1777658462524414,2000-01-28,false,false,96
2000-05-19,2.2500202655792236,2.4314022064208984,1999-12-31,2.1777658462524414,2000-01-28,false,false,97
2000-05-22,2.2500202655792236,2.4314022064208984,1999-12-31,2.1777658462524414,2000-01-28,false,false,98
2000-05-23,2.2500202655792236,2.4314022064208984,1999-12-31,2.1777658462524414,2000-01-28,false,false,99
2000-05-24,2.089303970336914,2.4314022064208984,1999-12-31,2.089303970336914,2000-05-24,false,true,100
2000-05-25,2.2500202655792236,2.4314022064208984,1999-12-31,2.089303970336914,2000-05-24,false,false,101
2000-05-26,2.2143054008483887,2.4314022064208984,1999-12-31,2.089303970336914,2000-05-24,false,false,102
2000-05-30,2.2143054008483887,2.4314022064208984,1999-12-31,2.089303970336914,2000-05-24,false,false,103
2000-05-31,2.2143054008483887,2.4314022064208984,1999-12-31,2.089303970336914,2000-05-24,false,false,104
2000-06-01,2.2143054008483887,2.4314022064208984,1999-12-31,2.089303970336914,2000-05-24,false,false,105
2000-06-02,2.2143054008483887,2.4314022064208984,1999-12-31,2.089303970336914,2000-05-24,false,false,106
2000-06-05,2.2143054008483887,2.4314022064208984,1999-12-31,2.089303970336914,2000-05-24,false,false,107
2000-06-06,2.2143054008483887,2.4314022064208984,1999-12-31,2.089303970336914,2000-05-24,false,false,108
2000-06-07,2.285733938217163,2.4314022064208984,1999-12-31,2.089303970336914,2000-05-24,false,false,109
2000-06-08,2.2143054008483887,2.4314022064208984,1999-12-31,2.089303970336914,2000-05-24,false,false,110
2000-06-09,2.2500202655792236,2.4314022064208984,1999-12-31,2.089303970336914,2000-05-24,false,false,111
2000-06-12,2.285733938217163,2.4314022064208984,1999-12-31,2.089303970336914,2000-05-24,false,false,112
2000-06-13,2.2500202655792236,2.4314022064208984,1999-12-31,2.089303970336914,2000-05-24,false,false,113
2000-06-14,2.2500202655792236,2.4314022064208984,1999-12-31,2.089303970336914,2000-05-24,false,false,114
2000-06-15,2.2500202655792236,2.4314022064208984,1999-12-31,2.089303970336914,2000-05-24,false,false,115
2000-06-16,2.2500202655792236,2.4314022064208984,1999-12-31,2.089303970336914,2000-05-24,false,false,116
2000-06-19,2.2500202655792236,2.4314022064208984,1999-12-31,2.089303970336914,2000-05-24,false,false,117
2000-06-20,2.285733938217163,2.4314022064208984,1999-12-31,2.089303970336914,2000-05-24,false,false,118
2000-06-21,2.2500202655792236,2.4314022064208984,1999-12-31,2.089303970336914,2000-05-24,false,false,119
2000-06-22,2.2500202655792236,2.4314022064208984,1999-12-31,2.089303970336914,2000-05-24,false,false,120
2000-06-23,2.2500202655792236,2.4314022064208984,1999-12-31,2.089303970336914,2000-05-24,false,false,121
2000-06-26,2.2500202655792236,2.4314022064208984,1999-12-31,2.089303970336914,2000-05-24,false,false,122
2000-06-27,2.2500202655792236,2.4314022064208984,1999-12-31,2.089303970336914,2000-05-24,false,false,123
2000-06-28,2.2500202655792236,2.4314022064208984,1999-12-31,2.089303970336914,2000-05-24,false,false,124
2000-06-29,2.2678768634796143,2.4314022064208984,1999-12-31,2.089303970336914,2000-05-24,false,false,125
2000-06-30,2.2500202655792236,2.4314022064208984,1999-12-31,2.089303970336914,2000-05-24,false,false,126
2000-07-03,2.2678768634796143,2.4314022064208984,1999-12-31,2.089303970336914,2000-05-24,false,false,127
2000-07-05,2.2500202655792236,2.4314022064208984,1999-12-31,2.089303970336914,2000-05-24,false,false,128
2000-07-06,2.2500202655792236,2.4314022064208984,1999-12-31,2.089303970336914,2000-05-24,false,false,129
2000-07-07,2.2500202655792236,2.4314022064208984,1999-12-31,2.089303970336914,2000-05-24,false,false,130
2000-07-10,2.2500202655792236,2.4314022064208984,1999-12-31,2.089303970336914,2000-05-24,false,false,131
2000-07-11,2.2500202655792236,2.4314022064208984,1999-12-31,2.089303970336914,2000-05-24,false,false,132
2000-07-12,2.285733938217163,2.4314022064208984,1999-12-31,2.089303970336914,2000-05-24,false,false,133
2000-07-13,2.2500202655792236,2.4314022064208984,1999-12-31,2.089303970336914,2000-05-24,false,false,134
2000-07-14,2.2500202655792236,2.4314022064208984,1999-12-31,2.089303970336914,2000-05-24,false,false,135
2000-07-17,2.2678768634796143,2.4314022064208984,1999-12-31,2.089303970336914,2000-05-24,false,false,136
2000-07-18,2.2500202655792236,2.4314022064208984,1999-12-31,2.089303970336914,2000-05-24,false,false,137
2000-07-19,2.2500202655792236,2.4314022064208984,1999-12-31,2.089303970336914,2000-05-24,false,false,138
2000-07-20,2.2500202655792236,2.4314022064208984,1999-12-31,2.089303970336914,2000-05-24,false,false,139
2000-07-21,2.2143054008483887,2.4314022064208984,1999-12-31,2.089303970336914,2000-05-24,false,false,140
2000-07-24,2.2143054008483887,2.4314022064208984,1999-12-31,2.089303970336914,2000-05-24,false,false,141
2000-07-25,2.2143054008483887,2.4314022064208984,1999-12-31,2.089303970336914,2000-05-24,false,false,142
2000-07-26,2.2321617603302,2.4314022064208984,1999-12-31,2.089303970336914,2000-05-24,false,false,143
2000-07-27,2.2143054008483887,2.4314022064208984,1999-12-31,2.089303970336914,2000-05-24,false,false,144
2000-07-28,2.2143054008483887,2.4314022064208984,1999-12-31,2.089303970336914,2000-05-24,false,false,145
2000-07-31,2.2143054008483887,2.4314022064208984,1999-12-31,2.089303970336914,2000-05-24,false,false,146
2000-08-01,2.2143054008483887,2.4314022064208984,1999-12-31,2.089303970336914,2000-05-24,false,false,147
2000-08-02,2.2143054008483887,2.4314022064208984,1999-12-31,2.089303970336914,2000-05-24,false,false,148
2000-08-03,2.2143054008483887,2.4314022064208984,1999-12-31,2.089303970336914,2000-05-24,false,false,149
2000-08-04,2.2143054008483887,2.4314022064208984,1999-12-31,2.089303970336914,2000-05-24,false,false,150
2000-08-07,2.2143054008483887,2.4314022064208984,1999-12-31,2.089303970336914,2000-05-24,false,false,151
2000-08-08,2.2143054008483887,2.4314022064208984,1999-12-31,2.089303970336914,2000-05-24,false,false,152
2000-08-09,2.285733938217163,2.4314022064208984,1999-12-31,2.089303970336914,2000-05-24,false,false,153
2000-08-10,2.178591012954712,2.4314022064208984,1999-12-31,2.089303970336914,2000-05-24,false,false,154
2000-08-11,2.2143054008483887,2.4314022064208984,1999-12-31,2.089303970336914,2000-05-24,false,false,155
2000-08-14,2.178591012954712,2.4314022064208984,1999-12-31,2.089303970336914,2000-05-24,false,false,156
2000-08-15,2.2143054008483887,2.4314022064208984,1999-12-31,2.089303970336914,2000-05-24,false,false,157
2000-08-16,2.1964478492736816,2.4314022064208984,1999-12-31,2.089303970336914,2000-05-24,false,false,158
2000-08-17,2.1964478492736816,2.4314022064208984,1999-12-31,2.089303970336914,2000-05-24,false,false,159
2000-08-18,2.2143054008483887,2.4314022064208984,1999-12-31,2.089303970336914,2000-05-24,false,false,160
2000-08-21,2.2321617603302,2.4314022064208984,1999-12-31,2.089303970336914,2000-05-24,false,false,161
2000-08-22,2.2321617603302,2.4314022064208984,1999-12-31,2.089303970336914,2000-05-24,false,false,162
2000-08-23,2.2321617603302,2.4314022064208984,1999-12-31,2.089303970336914,2000-05-24,false,false,163
2000-08-24,2.2321617603302,2.4314022064208984,1999-12-31,2.089303970336914,2000-05-24,false,false,164
2000-08-25,2.2321617603302,2.4314022064208984,1999-12-31,2.089303970336914,2000-05-24,false,false,165
2000-08-28,2.2321617603302,2.4314022064208984,1999-12-31,2.089303970336914,2000-05-24,false,false,166
2000-08-29,2.2321617603302,2.4314022064208984,1999-12-31,2.089303970336914,2000-05-24,false,false,167
2000-08-30,2.2321617603302,2.4314022064208984,1999-12-31,2.089303970336914,2000-05-24,false,false,168
2000-08-31,2.2143054008483887,2.4314022064208984,1999-12-31,2.089303970336914,2000-05-24,false,false,169
2000-09-01,2.2321617603302,2.4314022064208984,1999-12-31,2.089303970336914,2000-05-24,false,false,170
2000-09-05,2.2321617603302,2.4314022064208984,1999-12-31,2.089303970336914,2000-05-24,false,false,171
2000-09-06,2.2321617603302,2.4314022064208984,1999-12-31,2.089303970336914,2000-05-24,false,false,172
2000-09-07,2.2321617603302,2.4314022064208984,1999-12-31,2.089303970336914,2000-05-24,false,false,173
2000-09-08,2.2321617603302,2.4314022064208984,1999-12-31,2.089303970336914,2000-05-24,false,false,174
2000-09-11,2.2321617603302,2.4314022064208984,1999-12-31,2.089303970336914,2000-05-24,false,false,175
2000-09-12,2.2321617603302,2.4314022064208984,1999-12-31,2.089303970336914,2000-05-24,false,false,176
2000-09-13,2.2758593559265137,2.4314022064208984,1999-12-31,2.089303970336914,2000-05-24,false,false,177
2000-09-14,2.2940657138824463,2.4314022064208984,1999-12-31,2.089303970336914,2000-05-24,false,false,178
2000-09-15,2.3031694889068604,2.4314022064208984,1999-12-31,2.089303970336914,2000-05-24,false,false,179
2000-09-18,2.348686456680298,2.4314022064208984,1999-12-31,2.089303970336914,2000-05-24,false,false,180
2000-09-19,2.2940657138824463,2.4314022064208984,1999-12-31,2.089303970336914,2000-05-24,false,false,181
2000-09-20,2.2940657138824463,2.4314022064208984,1999-12-31,2.089303970336914,2000-05-24,false,false,182
2000-09-21,2.2940657138824463,2.4314022064208984,1999-12-31,2.089303970336914,2000-05-24,false,false,183
2000-09-22,2.2940657138824463,2.4314022064208984,1999-12-31,2.089303970336914,2000-05-24,false,false,184
2000-09-25,2.2940657138824463,2.4314022064208984,1999-12-31,2.089303970336914,2000-05-24,false,false,185
2000-09-26,2.312272548675537,2.4314022064208984,1999-12-31,2.089303970336914,2000-05-24,false,false,186
2000-09-27,2.2940657138824463,2.4314022064208984,1999-12-31,2.089303970336914,2000-05-24,false,false,187
2000-09-28,2.2940657138824463,2.4314022064208984,1999-12-31,2.089303970336914,2000-05-24,false,false,188
2000-09-29,2.2940657138824463,2.4314022064208984,1999-12-31,2.089303970336914,2000-05-24,false,false,189
2000-10-02,2.2940657138824463,2.4314022064208984,1999-12-31,2.089303970336914,2000-05-24,false,false,190
2000-10-03,2.330479383468628,2.4314022064208984,1999-12-31,2.089303970336914,2000-05-24,false,false,191
2000-10-04,2.2940657138824463,2.4314022064208984,1999-12-31,2.089303970336914,2000-05-24,false,false,192
2000-10-05,2.2940657138824463,2.4314022064208984,1999-12-31,2.089303970336914,2000-05-24,false,false,193
2000-10-06,2.2940657138824463,2.4314022064208984,1999-12-31,2.089303970336914,2000-05-24,false,false,194
2000-10-09,2.2940657138824463,2.4314022064208984,1999-12-31,2.089303970336914,2000-05-24,false,false,195
2000-10-10,2.2940657138824463,2.4314022064208984,1999-12-31,2.089303970336914,2000-05-24,false,false,196
2000-10-11,2.2576522827148438,2.4314022064208984,1999-12-31,2.089303970336914,2000-05-24,false,false,197
2000-10-12,2.239445209503174,2.4314022064208984,1999-12-31,2.089303970336914,2000-05-24,false,false,198
2000-10-13,2.366893768310547,2.4314022064208984,1999-12-31,2.089303970336914,2000-05-24,false,false,199
2000-10-16,2.2576522827148438,2.4314022064208984,1999-12-31,2.089303970336914,2000-05-24,false,false,200
2000-10-17,2.2576522827148438,2.4314022064208984,1999-12-31,2.089303970336914,2000-05-24,false,false,201
2000-10-18,2.2576522827148438,2.4314022064208984,1999-12-31,2.089303970336914,2000-05-24,false,false,202
2000-10-19,2.2576522827148438,2.4314022064208984,1999-12-31,2.089303970336914,2000-05-24,false,false,203
2000-10-20,2.2212390899658203,2.4314022064208984,1999-12-31,2.089303970336914,2000-05-24,false,false,204
2000-10-23,2.057377338409424,2.4314022064208984,1999-12-31,2.057377338409424,2000-10-23,false,true,205
2000-10-24,2.4033074378967285,2.4314022064208984,1999-12-31,2.057377338409424,2000-10-23,false,false,206
2000-10-25,2.4033074378967285,2.4314022064208984,1999-12-31,2.057377338409424,2000-10-23,false,false,207
2000-10-26,2.2940657138824463,2.4314022064208984,1999-12-31,2.057377338409424,2000-10-23,false,false,208
2000-10-27,2.2940657138824463,2.4314022064208984,1999-12-31,2.057377338409424,2000-10-23,false,false,209
2000-10-30,2.2940657138824463,2.4314022064208984,1999-12-31,2.057377338409424,2000-10-23,false,false,210
2000-10-31,2.330479383468628,2.4314022064208984,1999-12-31,2.057377338409424,2000-10-23,false,false,211
2000-11-01,2.330479383468628,2.4314022064208984,1999-12-31,2.057377338409424,2000-10-23,false,false,212
2000-11-02,2.330479383468628,2.4314022064208984,1999-12-31,2.057377338409424,2000-10-23,false,false,213
2000-11-03,2.330479383468628,2.4314022064208984,1999-12-31,2.057377338409424,2000-10-23,false,false,214
2000-11-06,2.2940657138824463,2.4314022064208984,1999-12-31,2.057377338409424,2000-10-23,false,false,215
2000-11-07,2.2940657138824463,2.4314022064208984,1999-12-31,2.057377338409424,2000-10-23,false,false,216
2000-11-08,2.2940657138824463,2.4314022064208984,1999-12-31,2.057377338409424,2000-10-23,false,false,217
2000-11-09,2.2940657138824463,2.4314022064208984,1999-12-31,2.057377338409424,2000-10-23,false,false,218
2000-11-10,2.330479383468628,2.4314022064208984,1999-12-31,2.057377338409424,2000-10-23,false,false,219
2000-11-13,2.330479383468628,2.4314022064208984,1999-12-31,2.057377338409424,2000-10-23,false,false,220
2000-11-14,2.330479383468628,2.4314022064208984,1999-12-31,2.057377338409424,2000-10-23,false,false,221
2000-11-15,2.330479383468628,2.4314022064208984,1999-12-31,2.057377338409424,2000-10-23,false,false,222
2000-11-16,2.2986176013946533,2.4314022064208984,1999-12-31,2.057377338409424,2000-10-23,false,false,223
2000-11-17,2.2986176013946533,2.4314022064208984,1999-12-31,2.057377338409424,2000-10-23,false,false,224
2000-11-20,2.2940657138824463,2.4314022064208984,1999-12-31,2.057377338409424,2000-10-23,false,false,225
2000-11-21,2.2940657138824463,2.4314022064208984,1999-12-31,2.057377338409424,2000-10-23,false,false,226
2000-11-22,2.2940657138824463,2.4314022064208984,1999-12-31,2.057377338409424,2000-10-23,false,false,227
2000-11-24,2.2576522827148438,2.4314022064208984,1999-12-31,2.057377338409424,2000-10-23,false,false,228
2000-11-27,2.2576522827148438,2.4314022064208984,1999-12-31,2.057377338409424,2000-10-23,false,false,229
2000-11-28,2.330479383468628,2.4314022064208984,1999-12-31,2.057377338409424,2000-10-23,false,false,230
2000-11-29,2.330479383468628,2.4314022064208984,1999-12-31,2.057377338409424,2000-10-23,false,false,231
2000-11-30,2.366893768310547,2.4314022064208984,1999-12-31,2.057377338409424,2000-10-23,false,false,232
2000-12-01,2.4761343002319336,2.4761343002319336,2000-12-01,2.057377338409424,2000-10-23,true,false,233
2000-12-04,2.5125491619110107,2.5125491619110107,2000-12-04,2.057377338409424,2000-10-23,true,false,234
2000-12-05,2.366893768310547,2.5125491619110107,2000-12-04,2.057377338409424,2000-10-23,false,false,235
2000-12-06,2.366893768310547,2.5125491619110107,2000-12-04,2.057377338409424,2000-10-23,false,false,236
2000-12-07,2.366893768310547,2.5125491619110107,2000-12-04,2.057377338409424,2000-10-23,false,false,237
2000-12-08,2.366893768310547,2.5125491619110107,2000-12-04,2.057377338409424,2000-10-23,false,false,238
2000-12-11,2.366893768310547,2.5125491619110107,2000-12-04,2.057377338409424,2000-10-23,false,false,239
2000-12-12,2.366893768310547,2.5125491619110107,2000-12-04,2.057377338409424,2000-10-23,false,false,240
2000-12-13,2.5307559967041016,2.5307559967041016,2000-12-13,2.057377338409424,2000-10-23,true,false,241
2000-12-14,2.4761343002319336,2.5307559967041016,2000-12-13,2.057377338409424,2000-10-23,false,false,242
2000-12-15,2.4761343002319336,2.5307559967041016,2000-12-13,2.057377338409424,2000-10-23,false,false,243
2000-12-18,2.4761343002319336,2.5307559967041016,2000-12-13,2.057377338409424,2000-10-23,false,false,244
2000-12-19,2.4397213459014893,2.5307559967041016,2000-12-13,2.057377338409424,2000-10-23,false,false,245
2000-12-20,2.4397213459014893,2.5307559967041016,2000-12-13,2.057377338409424,2000-10-23,false,false,246
2000-12-21,2.4397213459014893,2.5307559967041016,2000-12-13,2.057377338409424,2000-10-23,false,false,247
2000-12-22,2.4397213459014893,2.5307559967041016,2000-12-13,2.057377338409424,2000-10-23,false,false,248
2000-12-26,2.4397213459014893,2.5307559967041016,2000-12-13,2.057377338409424,2000-10-23,false,false,249
2000-12-27,2.4397213459014893,2.5307559967041016,2000-12-13,2.057377338409424,2000-10-23,false,false,250
2000-12-28,2.4397213459014893,2.5307559967041016,2000-12-13,2.057377338409424,2000-10-23,false,false,251
2000-12-29,2.4397213459014893,2.5307559967041016,2000-12-13,2.057377338409424,2000-10-23,false,false,252
2001-01-02,2.4397213459014893,2.5307559967041016,2000-12-13,2.057377338409424,2000-10-23,false,false,251
2001-01-03,2.4397213459014893,2.5307559967041016,2000-12-13,2.057377338409424,2000-10-23,false,false,251
2001-01-04,2.4397213459014893,2.5307559967041016,2000-12-13,2.057377338409424,2000-10-23,false,false,251
2001-01-05,2.4761343002319336,2.5307559967041016,2000-12-13,2.057377338409424,2000-10-23,false,false,251
2001-01-08,2.4761343002319336,2.5307559967041016,2000-12-13,2.057377338409424,2000-10-23,false,false,251
2001-01-09,2.4397213459014893,2.5307559967041016,2000-12-13,2.057377338409424,2000-10-23,false,false,251
2001-01-10,2.4397213459014893,2.5307559967041016,2000-12-13,2.057377338409424,2000-10-23,false,false,251
2001-01-11,2.4397213459014893,2.5307559967041016,2000-12-13,2.057377338409424,2000-10-23,false,false,251
2001-01-12,2.5489614009857178,2.5489614009857178,2001-01-12,2.057377338409424,2000-10-23,true,false,251
2001-01-16,2.6946165561676025,2.6946165561676025,2001-01-16,2.057377338409424,2000-10-23,true,false,251
2001-01-17,2.6946165561676025,2.6946165561676025,2001-01-17,2.057377338409424,2000-10-23,true,false,251
2001-01-18,2.658202886581421,2.6946165561676025,2001-01-17,2.057377338409424,2000-10-23,false,false,251
2001-01-19,2.658202886581421,2.6946165561676025,2001-01-17,2.057377338409424,2000-10-23,false,false,251
2001-01-22,2.767443895339966,2.767443895339966,2001-01-22,2.057377338409424,2000-10-23,true,false,251
2001-01-23,2.8402717113494873,2.8402717113494873,2001-01-23,2.057377338409424,2000-10-23,true,false,251
2001-01-24,2.8402717113494873,2.8402717113494873,2001-01-24,2.057377338409424,2000-10-23,true,false,251
2001-01-25,2.8402717113494873,2.8402717113494873,2001-01-25,2.057377338409424,2000-10-23,true,false,251
2001-01-26,2.8402717113494873,2.8402717113494873,2001-01-26,2.057377338409424,2000-10-23,true,false,251
2001-01-29,2.8766868114471436,2.8766868114471436,2001-01-29,2.057377338409424,2000-10-23,true,false,251
2001-01-30,2.658202886581421,2.8766868114471436,2001-01-29,2.057377338409424,2000-10-23,false,false,251
2001-01-31,2.658202886581421,2.8766868114471436,2001-01-29,2.057377338409424,2000-10-23,false,false,251
2001-02-01,2.658202886581421,2.8766868114471436,2001-01-29,2.057377338409424,2000-10-23,false,false,251
2001-02-02,2.658202886581421,2.8766868114471436,2001-01-29,2.057377338409424,2000-10-23,false,false,251
2001-02-05,2.658202886581421,2.8766868114471436,2001-01-29,2.057377338409424,2000-10-23,false,false,251
2001-02-06,2.658202886581421,2.8766868114471436,2001-01-29,2.057377338409424,2000-10-23,false,false,251
2001-02-07,2.731029987335205,2.8766868114471436,2001-01-29,2.057377338409424,2000-10-23,false,false,251
2001-02-08,2.767443895339966,2.8766868114471436,2001-01-29,2.057377338409424,2000-10-23,false,false,251
2001-02-09,2.6946165561676025,2.8766868114471436,2001-01-29,2.057377338409424,2000-10-23,false,false,251
2001-02-12,2.8402717113494873,2.8766868114471436,2001-01-29,2.057377338409424,2000-10-23,false,false,251
2001-02-13,2.985926866531372,2.985926866531372,2001-02-13,2.057377338409424,2000-10-23,true,false,251
2001-02-14,2.8402717113494873,2.985926866531372,2001-02-13,2.057377338409424,2000-10-23,false,false,251
2001-02-15,2.9130992889404297,2.985926866531372,2001-02-13,2.057377338409424,2000-10-23,false,false,251
2001-02-16,2.9130992889404297,2.985926866531372,2001-02-13,2.057377338409424,2000-10-23,false,false,251
2001-02-20,2.8948922157287598,2.985926866531372,2001-02-13,2.057377338409424,2000-10-23,false,false,251
2001-02-21,2.8448238372802734,2.985926866531372,2001-02-13,2.057377338409424,2000-10-23,false,false,251
2001-02-22,2.8766868114471436,2.985926866531372,2001-02-13,2.057377338409424,2000-10-23,false,false,251
2001-02-23,2.8584775924682617,2.985926866531372,2001-02-13,2.057377338409424,2000-10-23,false,false,251
2001-02-26,2.8402717113494873,2.985926866531372,2001-02-13,2.057377338409424,2000-10-23,false,false,251
2001-02-27,2.8766868114471436,2.985926866531372,2001-02-13,2.057377338409424,2000-10-23,false,false,251
2001-02-28,2.8402717113494873,2.985926866531372,2001-02-13,2.057377338409424,2000-10-23,false,false,251
2001-03-01,2.8766868114471436,2.985926866531372,2001-02-13,2.057377338409424,2000-10-23,false,false,251
2001-03-02,2.8766868114471436,2.985926866531372,2001-02-13,2.057377338409424,2000-10-23,false,false,251
2001-03-05,2.9130992889404297,2.985926866531372,2001-02-13,2.057377338409424,2000-10-23,false,false,251
2001-03-06,2.9130992889404297,2.985926866531372,2001-02-13,2.057377338409424,2000-10-23,false,false,251
2001-03-07,2.9130992889404297,2.985926866531372,2001-02-13,2.057377338409424,2000-10-23,false,false,251
2001-03-08,2.9130992889404297,2.985926866531372,2001-02-13,2.057377338409424,2000-10-23,false,false,251
2001-03-09,2.8766868114471436,2.985926866531372,2001-02-13,2.057377338409424,2000-10-23,false,false,251
2001-03-12,2.9130992889404297,2.985926866531372,2001-02-13,2.057377338409424,2000-10-23,false,false,251
2001-03-13,2.9313058853149414,2.985926866531372,2001-02-13,2.057377338409424,2000-10-23,false,false,251
2001-03-14,2.8584775924682617,2.985926866531372,2001-02-13,2.057377338409424,2000-10-23,false,false,251
2001-03-15,2.8948922157287598,2.985926866531372,2001-02-13,2.057377338409424,2000-10-23,false,false,251
2001-03-16,2.8948922157287598,2.985926866531372,2001-02-13,2.057377338409424,2000-10-23,false,false,251
2001-03-19,2.8948922157287598,2.985926866531372,2001-02-13,2.057377338409424,2000-10-23,false,false,251
2001-03-20,2.8948922157287598,2.985926866531372,2001-02-13,2.057377338409424,2000-10-23,false,false,251
2001-03-21,2.920773506164551,2.985926866531372,2001-02-13,2.057377338409424,2000-10-23,false,false,251
2001-03-22,2.920773506164551,2.985926866531372,2001-02-13,2.057377338409424,2000-10-23,false,false,251
2001-03-23,2.920773506164551,2.985926866531372,2001-02-13,2.057377338409424,2000-10-23,false,false,251
2001-03-26,2.883800506591797,2.985926866531372,2001-02-13,2.057377338409424,2000-10-23,false,false,251
2001-03-27,2.809857130050659,2.985926866531372,2001-02-13,2.057377338409424,2000-10-23,false,false,251
2001-03-28,2.809857130050659,2.985926866531372,2001-02-13,2.057377338409424,2000-10-23,false,false,251
2001-03-29,2.883800506591797,2.985926866531372,2001-02-13,2.057377338409424,2000-10-23,false,false,251
2001-03-30,2.846829891204834,2.985926866531372,2001-02-13,2.057377338409424,2000-10-23,false,false,251
2001-04-02,2.846829891204834,2.985926866531372,2001-02-13,2.057377338409424,2000-10-23,false,false,251
2001-04-03,2.846829891204834,2.985926866531372,2001-02-13,2.057377338409424,2000-10-23,false,false,251
2001-04-04,2.828343629837036,2.985926866531372,2001-02-13,2.057377338409424,2000-10-23,false,false,251
2001-04-05,2.772885322570801,2.985926866531372,2001-02-13,2.057377338409424,2000-10-23,false,false,251
2001-04-06,2.7913715839385986,2.985926866531372,2001-02-13,2.057377338409424,2000-10-23,false,false,251
2001-04-09,2.809857130050659,2.985926866531372,2001-02-13,2.057377338409424,2000-10-23,false,false,251
2001-04-10,2.780280351638794,2.985926866531372,2001-02-13,2.057377338409424,2000-10-23,false,false,251
2001-04-11,2.780280351638794,2.985926866531372,2001-02-13,2.057377338409424,2000-10-23,false,false,251
2001-04-12,2.780280351638794,2.985926866531372,2001-02-13,2.057377338409424,2000-10-23,false,false,251
2001-04-16,2.783238172531128,2.985926866531372,2001-02-13,2.057377338409424,2000-10-23,false,false,250
2001-04-17,2.795069694519043,2.985926866531372,2001-02-13,2.057377338409424,2000-10-23,false,false,250
2001-04-18,2.795069694519043,2.985926866531372,2001-02-13,2.057377338409424,2000-10-23,false,false,250
2001-04-19,2.774364948272705,2.985926866531372,2001-02-13,2.057377338409424,2000-10-23,false,false,250
2001-04-20,2.7359135150909424,2.985926866531372,2001-02-13,2.057377338409424,2000-10-23,false,false,250
2001-04-23,2.6323931217193604,2.985926866531372,2001-02-13,2.057377338409424,2000-10-23,false,false,251
2001-04-24,2.481548309326172,2.985926866531372,2001-02-13,2.057377338409424,2000-10-23,false,false,251
2001-04-25,2.443096876144409,2.985926866531372,2001-02-13,2.057377338409424,2000-10-23,false,false,251
2001-04-26,2.451969861984253,2.985926866531372,2001-02-13,2.057377338409424,2000-10-23,false,false,251
2001-04-27,2.451969861984253,2.985926866531372,2001-02-13,2.057377338409424,2000-10-23,false,false,251
2001-04-30,2.454927682876587,2.985926866531372,2001-02-13,2.057377338409424,2000-10-23,false,false,251
2001-05-01,2.4401402473449707,2.985926866531372,2001-02-13,2.057377338409424,2000-10-23,false,false,251
2001-05-02,2.454927682876587,2.985926866531372,2001-02-13,2.057377338409424,2000-10-23,false,false,251
2001-05-03,2.454927682876587,2.985926866531372,2001-02-13,2.057377338409424,2000-10-23,false,false,251
2001-05-04,2.454927682876587,2.985926866531372,2001-02-13,2.057377338409424,2000-10-23,false,false,251
2001-05-07,2.451969861984253,2.985926866531372,2001-02-13,2.057377338409424,2000-10-23,false,false,251
2001-05-08,2.7654917240142822,2.985926866531372,2001-02-13,2.057377338409424,2000-10-23,false,false,251
2001-05-09,2.543660879135132,2.985926866531372,2001-02-13,2.057377338409424,2000-10-23,false,false,251
2001-05-10,2.6176037788391113,2.985926866531372,2001-02-13,2.057377338409424,2000-10-23,false,false,251
2001-05-11,2.6176037788391113,2.985926866531372,2001-02-13,2.057377338409424,2000-10-23,false,false,251
2001-05-14,2.514082670211792,2.985926866531372,2001-02-13,2.057377338409424,2000-10-23,false,false,251
2001-05-15,2.514082670211792,2.985926866531372,2001-02-13,2.057377338409424,2000-10-23,false,false,251
2001-05-16,2.661970615386963,2.985926866531372,2001-02-13,2.057377338409424,2000-10-23,false,false,251
2001-05-17,2.514082670211792,2.985926866531372,2001-02-13,2.057377338409424,2000-10-23,false,false,251
2001-05-18,2.514082670211792,2.985926866531372,2001-02-13,2.057377338409424,2000-10-23,false,false,251
2001-05-21,2.454927682876587,2.985926866531372,2001-02-13,2.057377338409424,2000-10-23,false,false,251
2001-05-22,2.484506130218506,2.985926866531372,2001-02-13,2.057377338409424,2000-10-23,false,false,251
2001-05-23,2.588027000427246,2.985926866531372,2001-02-13,2.057377338409424,2000-10-23,false,false,251
2001-05-24,2.514082670211792,2.985926866531372,2001-02-13,2.057377338409424,2000-10-23,false,false,251
2001-05-25,2.4992945194244385,2.985926866531372,2001-02-13,2.057377338409424,2000-10-23,false,false,251
2001-05-29,2.4992945194244385,2.985926866531372,2001-02-13,2.057377338409424,2000-10-23,false,false,251
2001-05-30,2.6767592430114746,2.985926866531372,2001-02-13,2.057377338409424,2000-10-23,false,false,251
2001-05-31,2.644223213195801,2.985926866531372,2001-02-13,2.057377338409424,2000-10-23,false,false,251
2001-06-01,2.528871774673462,2.985926866531372,2001-02-13,2.057377338409424,2000-10-23,false,false,251
2001-06-04,2.588027000427246,2.985926866531372,2001-02-13,2.057377338409424,2000-10-23,false,false,251
2001-06-05,2.6176037788391113,2.985926866531372,2001-02-13,2.057377338409424,2000-10-23,false,false,251
2001-06-06,2.543660879135132,2.985926866531372,2001-02-13,2.057377338409424,2000-10-23,false,false,251
2001-06-07,2.6826744079589844,2.985926866531372,2001-02-13,2.057377338409424,2000-10-23,false,false,251
2001-06-08,2.7359135150909424,2.985926866531372,2001-02-13,2.057377338409424,2000-10-23,false,false,251
2001-06-11,2.7359135150909424,2.985926866531372,2001-02-13,2.057377338409424,2000-10-23,false,false,251
2001-06-12,2.661970615386963,2.985926866531372,2001-02-13,2.057377338409424,2000-10-23,false,false,251
2001-06-13,2.661970615386963,2.985926866531372,2001-02-13,2.057377338409424,2000-10-23,false,false,251
2001-06-14,2.484506130218506,2.985926866531372,2001-02-13,2.057377338409424,2000-10-23,false,false,251
2001-06-15,2.484506130218506,2.985926866531372,2001-02-13,2.057377338409424,2000-10-23,false,false,251
2001-06-18,2.514082670211792,2.985926866531372,2001-02-13,2.057377338409424,2000-10-23,false,false,251
2001-06-19,2.5584490299224854,2.985926866531372,2001-02-13,2.057377338409424,2000-10-23,false,false,251
2001-06-20,2.528871774673462,2.985926866531372,2001-02-13,2.057377338409424,2000-10-23,false,false,251
2001-06-21,2.4874637126922607,2.985926866531372,2001-02-13,2.057377338409424,2000-10-23,false,false,251
2001-06-22,2.528871774673462,2.985926866531372,2001-02-13,2.057377338409424,2000-10-23,false,false,251
2001-06-25,2.4992945194244385,2.985926866531372,2001-02-13,2.057377338409424,2000-10-23,false,false,251
2001-06-26,2.588027000427246,2.985926866531372,2001-02-13,2.057377338409424,2000-10-23,false,false,251
2001-06-27,2.543660879135132,2.985926866531372,2001-02-13,2.057377338409424,2000-10-23,false,false,251
2001-06-28,2.5732381343841553,2.985926866531372,2001-02-13,2.057377338409424,2000-10-23,false,false,251
2001-06-29,2.588027000427246,2.985926866531372,2001-02-13,2.057377338409424,2000-10-23,false,false,251
2001-07-02,2.469717502593994,2.985926866531372,2001-02-13,2.057377338409424,2000-10-23,false,false,251
2001-07-03,2.4135191440582275,2.985926866531372,2001-02-13,2.057377338409424,2000-10-23,false,false,251
2001-07-05,2.4992945194244385,2.985926866531372,2001-02-13,2.057377338409424,2000-10-23,false,false,251
2001-07-06,2.4105618000030518,2.985926866531372,2001-02-13,2.057377338409424,2000-10-23,false,false,251
2001-07-09,2.4253506660461426,2.985926866531372,2001-02-13,2.057377338409424,2000-10-23,false,false,251
2001-07-10,2.4253506660461426,2.985926866531372,2001-02-13,2.057377338409424,2000-10-23,false,false,251
2001-07-11,2.4253506660461426,2.985926866531372,2001-02-13,2.057377338409424,2000-10-23,false,false,251
2001-07-12,2.4253506660461426,2.985926866531372,2001-02-13,2.057377338409424,2000-10-23,false,false,251
2001-07-13,2.4253506660461426,2.985926866531372,2001-02-13,2.057377338409424,2000-10-23,false,false,251
2001-07-16,2.537745237350464,2.985926866531372,2001-02-13,2.057377338409424,2000-10-23,false,false,251
2001-07-17,2.5732381343841553,2.985926866531372,2001-02-13,2.057377338409424,2000-10-23,false,false,251
2001-07-18,2.454927682876587,2.985926866531372,2001-02-13,2.057377338409424,2000-10-23,false,false,251
2001-07-19,2.454927682876587,2.985926866531372,2001-02-13,2.057377338409424,2000-10-23,false,false,251
2001-07-20,2.454927682876587,2.985926866531372,2001-02-13,2.057377338409424,2000-10-23,false,false,251
2001-07-23,2.469717502593994,2.985926866531372,2001-02-13,2.057377338409424,2000-10-23,false,false,251
2001-07-24,2.454927682876587,2.985926866531372,2001-02-13,2.057377338409424,2000-10-23,false,false,251
2001-07-25,2.454927682876587,2.985926866531372,2001-02-13,2.057377338409424,2000-10-23,false,false,251
2001-07-26,2.514082670211792,2.985926866531372,2001-02-13,2.057377338409424,2000-10-23,false,false,251
2001-07-27,2.484506130218506,2.985926866531372,2001-02-13,2.057377338409424,2000-10-23,false,false,251
2001-07-30,2.454927682876587,2.985926866531372,2001-02-13,2.057377338409424,2000-10-23,false,false,251
2001-07-31,2.5229556560516357,2.985926866531372,2001-02-13,2.057377338409424,2000-10-23,false,false,251
2001-08-01,2.5229556560516357,2.985926866531372,2001-02-13,2.057377338409424,2000-10-23,false,false,251
2001-08-02,2.484506130218506,2.985926866531372,2001-02-13,2.057377338409424,2000-10-23,false,false,251
2001-08-03,2.514082670211792,2.985926866531372,2001-02-13,2.057377338409424,2000-10-23,false,false,251
2001-08-06,2.514082670211792,2.985926866531372,2001-02-13,2.057377338409424,2000-10-23,false,false,251
2001-08-07,2.514082670211792,2.985926866531372,2001-02-13,2.057377338409424,2000-10-23,false,false,251
2001-08-08,2.5584490299224854,2.985926866531372,2001-02-13,2.057377338409424,2000-10-23,false,false,251
2001-08-09,2.543660879135132,2.985926866531372,2001-02-13,2.057377338409424,2000-10-23,false,false,251
2001-08-10,2.543660879135132,2.985926866531372,2001-02-13,2.057377338409424,2000-10-23,false,false,251
2001-08-13,2.5022525787353516,2.985926866531372,2001-02-13,2.057377338409424,2000-10-23,false,false,251
2001-08-14,2.484506130218506,2.985926866531372,2001-02-13,2.057377338409424,2000-10-23,false,false,251
2001-08-15,2.484506130218506,2.985926866531372,2001-02-13,2.057377338409424,2000-10-23,false,false,251
2001-08-16,2.4342238903045654,2.985926866531372,2001-02-13,2.057377338409424,2000-10-23,false,false,251
2001-08-17,2.4342238903045654,2.985926866531372,2001-02-13,2.057377338409424,2000-10-23,false,false,251
2001-08-20,2.454927682876587,2.985926866531372,2001-02-13,2.057377338409424,2000-10-23,false,false,251
2001-08-21,2.454927682876587,2.985926866531372,2001-02-13,2.057377338409424,2000-10-23,false,false,251
2001-08-22,2.454927682876587,2.985926866531372,2001-02-13,2.057377338409424,2000-10-23,false,false,251
2001-08-23,2.469717502593994,2.985926866531372,2001-02-13,2.057377338409424,2000-10-23,false,false,251
2001-08-24,2.454927682876587,2.985926866531372,2001-02-13,2.057377338409424,2000-10-23,false,false,251
2001-08-27,2.454927682876587,2.985926866531372,2001-02-13,2.057377338409424,2000-10-23,false,false,251
2001-08-28,2.4638020992279053,2.985926866531372,2001-02-13,2.057377338409424,2000-10-23,false,false,251
2001-08-29,2.4401402473449707,2.985926866531372,2001-02-13,2.057377338409424,2000-10-23,false,false,251
2001-08-30,2.4105618000030518,2.985926866531372,2001-02-13,2.057377338409424,2000-10-23,false,false,251
2001-08-31,2.484506130218506,2.985926866531372,2001-02-13,2.057377338409424,2000-10-23,false,false,251
2001-09-04,2.4253506660461426,2.985926866531372,2001-02-13,2.057377338409424,2000-10-23,false,false,251
2001-09-05,2.3957736492156982,2.985926866531372,2001-02-13,2.057377338409424,2000-10-23,false,false,251
2001-09-06,2.3957736492156982,2.985926866531372,2001-02-13,2.057377338409424,2000-10-23,false,false,251
2001-09-07,2.3957736492156982,2.985926866531372,2001-02-13,2.057377338409424,2000-10-23,false,false,251
2001-09-10,2.4992945194244385,2.985926866531372,2001-02-13,2.057377338409424,2000-10-23,false,false,251
2001-09-17,2.3957736492156982,2.985926866531372,2001-02-13,2.057377338409424,2000-10-23,false,false,247
2001-09-18,2.3661952018737793,2.985926866531372,2001-02-13,2.057377338409424,2000-10-23,false,false,247
2001-09-19,2.3661952018737793,2.985926866531372,2001-02-13,2.057377338409424,2000-10-23,false,false,247
2001-09-20,2.3957736492156982,2.985926866531372,2001-02-13,2.057377338409424,2000-10-23,false,false,247
2001-09-21,2.3602800369262695,2.985926866531372,2001-02-13,2.057377338409424,2000-10-23,false,false,247
2001-09-24,2.336617946624756,2.985926866531372,2001-02-13,2.057377338409424,2000-10-23,false,false,247
2001-09-25,2.3869004249572754,2.985926866531372,2001-02-13,2.057377338409424,2000-10-23,false,false,247
2001-09-26,2.3627898693084717,2.985926866531372,2001-02-13,2.057377338409424,2000-10-23,false,false,247
2001-09-27,2.133744478225708,2.985926866531372,2001-02-13,2.057377338409424,2000-10-23,false,false,247
2001-09-28,2.329639434814453,2.985926866531372,2001-02-13,2.057377338409424,2000-10-23,false,false,247
2001-10-01,2.3356661796569824,2.985926866531372,2001-02-13,2.057377338409424,2000-10-23,false,false,247
2001-10-02,2.3658030033111572,2.985926866531372,2001-02-13,2.057377338409424,2000-10-23,false,false,247
2001-10-03,2.3507347106933594,2.985926866531372,2001-02-13,2.057377338409424,2000-10-23,false,false,247
2001-10-04,2.401968479156494,2.985926866531372,2001-02-13,2.057377338409424,2000-10-23,false,false,247
2001-10-05,2.4110095500946045,2.985926866531372,2001-02-13,2.057377338409424,2000-10-23,false,false,247
2001-10-08,2.4110095500946045,2.985926866531372,2001-02-13,2.057377338409424,2000-10-23,false,false,247
2001-10-09,2.404982328414917,2.985926866531372,2001-02-13,2.057377338409424,2000-10-23,false,false,247
2001-10-10,2.3356661796569824,2.985926866531372,2001-02-13,2.057377338409424,2000-10-23,false,false,247
2001-10-11,2.3356661796569824,2.985926866531372,2001-02-13,2.057377338409424,2000-10-23,false,false,247
2001-10-12,2.579780340194702,2.985926866531372,2001-02-13,2.057377338409424,2000-10-23,false,false,247
2001-10-15,2.3838863372802734,2.985926866531372,2001-02-13,2.057377338409424,2000-10-23,false,false,247
2001-10-16,2.4110095500946045,2.985926866531372,2001-02-13,2.057377338409424,2000-10-23,false,false,247
2001-10-17,2.3356661796569824,2.985926866531372,2001-02-13,2.057377338409424,2000-10-23,false,false,247
2001-10-18,2.260322332382202,2.985926866531372,2001-02-13,2.057377338409424,2000-10-23,false,false,247
2001-10-19,2.260322332382202,2.985926866531372,2001-02-13,2.057377338409424,2000-10-23,false,false,247
2001-10-22,2.260322332382202,2.985926866531372,2001-02-13,2.057377338409424,2000-10-23,false,false,247
2001-10-23,2.3356661796569824,2.985926866531372,2001-02-13,2.057377338409424,2000-10-23,false,false,247
2001-10-24,2.4110095500946045,2.985926866531372,2001-02-13,2.133744478225708,2001-09-27,false,false,247
2001-10-25,2.290459632873535,2.985926866531372,2001-02-13,2.133744478225708,2001-09-27,false,false,247
2001-10-26,2.2000467777252197,2.985926866531372,2001-02-13,2.133744478225708,2001-09-27,false,false,247
2001-10-29,2.23018479347229,2.985926866531372,2001-02-13,2.133744478225708,2001-09-27,false,false,247
2001-10-30,2.1548402309417725,2.985926866531372,2001-02-13,2.133744478225708,2001-09-27,false,false,247
2001-10-31,2.305528163909912,2.985926866531372,2001-02-13,2.133744478225708,2001-09-27,false,false,247
2001-11-01,2.305528163909912,2.985926866531372,2001-02-13,2.133744478225708,2001-09-27,false,false,247
2001-11-02,2.260322332382202,2.985926866531372,2001-02-13,2.133744478225708,2001-09-27,false,false,247
2001-11-05,2.3808722496032715,2.985926866531372,2001-02-13,2.133744478225708,2001-09-27,false,false,247
2001-11-06,2.441148281097412,2.985926866531372,2001-02-13,2.133744478225708,2001-09-27,false,false,247
2001-11-07,2.290459632873535,2.985926866531372,2001-02-13,2.133744478225708,2001-09-27,false,false,247
2001-11-08,2.260322332382202,2.985926866531372,2001-02-13,2.133744478225708,2001-09-27,false,false,247
2001-11-09,2.2844319343566895,2.985926866531372,2001-02-13,2.133744478225708,2001-09-27,false,false,247
2001-11-12,2.260322332382202,2.985926866531372,2001-02-13,2.133744478225708,2001-09-27,false,false,247
2001-11-13,2.2784039974212646,2.985926866531372,2001-02-13,2.133744478225708,2001-09-27,false,false,247
2001-11-14,2.2784039974212646,2.985926866531372,2001-02-13,2.133744478225708,2001-09-27,false,false,247
2001-11-15,2.3236114978790283,2.985926866531372,2001-02-13,2.133744478225708,2001-09-27,false,false,247
2001-11-16,2.3236114978790283,2.985926866531372,2001-02-13,2.133744478225708,2001-09-27,false,false,247
2001-11-19,2.320596694946289,2.985926866531372,2001-02-13,2.133744478225708,2001-09-27,false,false,247
2001-11-20,2.441148281097412,2.985926866531372,2001-02-13,2.133744478225708,2001-09-27,false,false,247
2001-11-21,2.4110095500946045,2.985926866531372,2001-02-13,2.133744478225708,2001-09-27,false,false,247
2001-11-23,2.4110095500946045,2.985926866531372,2001-02-13,2.133744478225708,2001-09-27,false,false,247
2001-11-26,2.3507347106933594,2.985926866531372,2001-02-13,2.133744478225708,2001-09-27,false,false,247
2001-11-27,2.3808722496032715,2.985926866531372,2001-02-13,2.133744478225708,2001-09-27,false,false,247
2001-11-28,2.40799617767334,2.985926866531372,2001-02-13,2.133744478225708,2001-09-27,false,false,247
2001-11-29,2.2693636417388916,2.985926866531372,2001-02-13,2.133744478225708,2001-09-27,false,false,247
2001-11-30,2.471285343170166,2.985926866531372,2001-02-13,2.133744478225708,2001-09-27,false,false,247
2001-12-03,2.3658030033111572,2.985926866531372,2001-02-13,2.133744478225708,2001-09-27,false,false,247
2001-12-04,2.3658030033111572,2.985926866531372,2001-02-13,2.133744478225708,2001-09-27,false,false,247
2001-12-05,2.456216335296631,2.985926866531372,2001-02-13,2.133744478225708,2001-09-27,false,false,247
2001-12-06,2.4110095500946045,2.985926866531372,2001-02-13,2.133744478225708,2001-09-27,false,false,247
2001-12-07,2.50142240524292,2.985926866531372,2001-02-13,2.133744478225708,2001-09-27,false,false,247
2001-12-10,2.4110095500946045,2.985926866531372,2001-02-13,2.133744478225708,2001-09-27,false,false,247
2001-12-11,2.441148281097412,2.985926866531372,2001-02-13,2.133744478225708,2001-09-27,false,false,247
2001-12-12,2.456216335296631,2.985926866531372,2001-02-13,2.133744478225708,2001-09-27,false,false,247
2001-12-13,2.441148281097412,2.985926866531372,2001-02-13,2.133744478225708,2001-09-27,false,false,247
2001-12-14,2.471285343170166,2.985926866531372,2001-02-13,2.133744478225708,2001-09-27,false,false,247
2001-12-17,2.441148281097412,2.985926866531372,2001-02-13,2.133744478225708,2001-09-27,false,false,247
2001-12-18,2.50142240524292,2.985926866531372,2001-02-13,2.133744478225708,2001-09-27,false,false,247
2001-12-19,2.50142240524292,2.985926866531372,2001-02-13,2.133744478225708,2001-09-27,false,false,247
2001-12-20,2.5164923667907715,2.985926866531372,2001-02-13,2.133744478225708,2001-09-27,false,false,247
2001-12-21,2.621973752975464,2.985926866531372,2001-02-13,2.133744478225708,2001-09-27,false,false,247
2001-12-24,2.50142240524292,2.985926866531372,2001-02-13,2.133744478225708,2001-09-27,false,false,247
2001-12-26,2.621973752975464,2.985926866531372,2001-02-13,2.133744478225708,2001-09-27,false,false,247
2001-12-27,2.6460835933685303,2.985926866531372,2001-02-13,2.133744478225708,2001-09-27,false,false,247
2001-12-28,2.6460835933685303,2.985926866531372,2001-02-13,2.133744478225708,2001-09-27,false,false,247
2001-12-31,2.682248830795288,2.985926866531372,2001-02-13,2.133744478225708,2001-09-27,false,false,247
2002-01-02,2.667179822921753,2.985926866531372,2001-02-13,2.133744478225708,2001-09-27,false,false,247
2002-01-03,2.5767672061920166,2.985926866531372,2001-02-13,2.133744478225708,2001-09-27,false,false,247
2002-01-04,2.682248830795288,2.985926866531372,2001-02-13,2.133744478225708,2001-09-27,false,false,247
2002-01-07,2.6069045066833496,2.985926866531372,2001-02-13,2.133744478225708,2001-09-27,false,false,247
2002-01-08,2.667179822921753,2.985926866531372,2001-02-13,2.133744478225708,2001-09-27,false,false,247
2002-01-09,2.6069045066833496,2.985926866531372,2001-02-13,2.133744478225708,2001-09-27,false,false,247
2002-01-10,2.5616977214813232,2.985926866531372,2001-02-13,2.133744478225708,2001-09-27,false,false,247
2002-01-11,2.7274553775787354,2.985926866531372,2001-02-13,2.133744478225708,2001-09-27,false,false,247
2002-01-14,2.63704252243042,2.985926866531372,2001-02-13,2.133744478225708,2001-09-27,false,false,247
2002-01-15,2.7123866081237793,2.985926866531372,2001-02-13,2.133744478225708,2001-09-27,false,false,248
2002-01-16,2.7877302169799805,2.985926866531372,2001-02-13,2.133744478225708,2001-09-27,false,false,248
2002-01-17,2.697317600250244,2.985926866531372,2001-02-13,2.133744478225708,2001-09-27,false,false,248
2002-01-18,2.697317600250244,2.985926866531372,2001-02-13,2.133744478225708,2001-09-27,false,false,248
2002-01-22,2.6521108150482178,2.985926866531372,2001-02-13,2.133744478225708,2001-09-27,false,false,247
2002-01-23,2.7575926780700684,2.985926866531372,2001-02-13,2.133744478225708,2001-09-27,false,false,247
2002-01-24,2.7425241470336914,2.985926866531372,2001-02-13,2.133744478225708,2001-09-27,false,false,247
2002-01-25,2.748551845550537,2.985926866531372,2001-02-13,2.133744478225708,2001-09-27,false,false,247
2002-01-28,2.8630740642547607,2.985926866531372,2001-02-13,2.133744478225708,2001-09-27,false,false,247
2002-01-29,2.8027994632720947,2.985926866531372,2001-02-13,2.133744478225708,2001-09-27,false,false,247
2002-01-30,2.748551845550537,2.985926866531372,2001-02-13,2.133744478225708,2001-09-27,false,false,247
2002-01-31,2.8027994632720947,2.985926866531372,2001-02-13,2.133744478225708,2001-09-27,false,false,247
2002-02-01,2.8238956928253174,2.985926866531372,2001-02-13,2.133744478225708,2001-09-27,false,false,247
2002-02-04,2.832937002182007,2.985926866531372,2001-02-13,2.133744478225708,2001-09-27,false,false,247
2002-02-05,2.878143310546875,2.985926866531372,2001-02-13,2.133744478225708,2001-09-27,false,false,247
2002-02-06,2.621973752975464,2.985926866531372,2001-02-13,2.133744478225708,2001-09-27,false,false,247
2002-02-07,2.631014585494995,2.985926866531372,2001-02-13,2.133744478225708,2001-09-27,false,false,247
2002-02-08,2.5918359756469727,2.985926866531372,2001-02-13,2.133744478225708,2001-09-27,false,false,247
2002-02-11,2.8269097805023193,2.985926866531372,2001-02-13,2.133744478225708,2001-09-27,false,false,247
2002-02-12,2.7123866081237793,2.985926866531372,2001-02-13,2.133744478225708,2001-09-27,false,false,247
2002-02-13,2.81786847114563,2.985926866531372,2001-02-13,2.133744478225708,2001-09-27,false,false,247
2002-02-14,2.7425241470336914,2.9313058853149414,2001-03-13,2.133744478225708,2001-09-27,false,false,247
2002-02-15,2.7425241470336914,2.9313058853149414,2001-03-13,2.133744478225708,2001-09-27,false,false,247
2002-02-19,2.7274553775787354,2.9313058853149414,2001-03-13,2.133744478225708,2001-09-27,false,false,247
2002-02-20,2.667179822921753,2.9313058853149414,2001-03-13,2.133744478225708,2001-09-27,false,false,247
2002-02-21,2.697317600250244,2.9313058853149414,2001-03-13,2.133744478225708,2001-09-27,false,false,247
2002-02-22,2.7425241470336914,2.9313058853149414,2001-03-13,2.133744478225708,2001-09-27,false,false,247
2002-02-25,2.6521108150482178,2.9313058853149414,2001-03-13,2.133744478225708,2001-09-27,false,false,247
2002-02-26,2.667179822921753,2.9313058853149414,2001-03-13,2.133744478225708,2001-09-27,false,false,247
2002-02-27,2.5918359756469727,2.9313058853149414,2001-03-13,2.133744478225708,2001-09-27,false,false,247
2002-02-28,2.5616977214813232,2.9313058853149414,2001-03-13,2.133744478225708,2001-09-27,false,false,247
2002-03-01,2.522519111633301,2.9313058853149414,2001-03-13,2.133744478225708,2001-09-27,false,false,247
2002-03-04,2.5616977214813232,2.9313058853149414,2001-03-13,2.133744478225708,2001-09-27,false,false,247
2002-03-05,2.7123866081237793,2.9313058853149414,2001-03-13,2.133744478225708,2001-09-27,false,false,247
2002-03-06,2.682248830795288,2.9313058853149414,2001-03-13,2.133744478225708,2001-09-27,false,false,247
2002-03-07,2.7123866081237793,2.9313058853149414,2001-03-13,2.133744478225708,2001-09-27,false,false,247
2002-03-08,2.7274553775787354,2.9313058853149414,2001-03-13,2.133744478225708,2001-09-27,false,false,247
2002-03-11,2.772660970687866,2.9313058853149414,2001-03-13,2.133744478225708,2001-09-27,false,false,247
2002-03-12,2.745537042617798,2.9313058853149414,2001-03-13,2.133744478225708,2001-09-27,false,false,247
2002-03-13,2.748551845550537,2.9313058853149414,2001-03-13,2.133744478225708,2001-09-27,false,false,247
2002-03-14,2.832937002182007,2.920773506164551,2001-03-23,2.133744478225708,2001-09-27,false,false,247
2002-03-15,2.832937002182007,2.920773506164551,2001-03-23,2.133744478225708,2001-09-27,false,false,247
2002-03-18,2.878143310546875,2.920773506164551,2001-03-23,2.133744478225708,2001-09-27,false,false,247
2002-03-19,2.8630740642547607,2.920773506164551,2001-03-23,2.133744478225708,2001-09-27,false,false,247
2002-03-20,2.954937696456909,2.954937696456909,2002-03-20,2.133744478225708,2001-09-27,true,false,247
2002-03-21,2.9396276473999023,2.954937696456909,2002-03-20,2.133744478225708,2001-09-27,false,false,247
2002-03-22,2.7252795696258545,2.954937696456909,2002-03-20,2.133744478225708,2001-09-27,false,false,247
2002-03-25,2.8998210430145264,2.954937696456909,2002-03-20,2.133744478225708,2001-09-27,false,false,247
2002-03-26,2.8171427249908447,2.954937696456909,2002-03-20,2.133744478225708,2001-09-27,false,false,247
2002-03-27,2.7252795696258545,2.954937696456909,2002-03-20,2.133744478225708,2001-09-27,false,false,247
2002-03-28,2.7987704277038574,2.954937696456909,2002-03-20,2.133744478225708,2001-09-27,false,false,247
2002-04-01,2.694658041000366,2.954937696456909,2002-03-20,2.133744478225708,2001-09-27,false,false,246
2002-04-02,2.7742741107940674,2.954937696456909,2002-03-20,2.133744478225708,2001-09-27,false,false,246
2002-04-03,2.795708417892456,2.954937696456909,2002-03-20,2.133744478225708,2001-09-27,false,false,246
2002-04-04,2.8018317222595215,2.954937696456909,2002-03-20,2.133744478225708,2001-09-27,false,false,246
2002-04-05,2.8171427249908447,2.954937696456909,2002-03-20,2.133744478225708,2001-09-27,false,false,246
2002-04-08,2.847763776779175,2.954937696456909,2002-03-20,2.133744478225708,2001-09-27,false,false,246
2002-04-09,2.841639995574951,2.954937696456909,2002-03-20,2.133744478225708,2001-09-27,false,false,246
2002-04-10,2.8936967849731445,2.954937696456909,2002-03-20,2.133744478225708,2001-09-27,false,false,246
2002-04-11,2.909005880355835,2.954937696456909,2002-03-20,2.133744478225708,2001-09-27,false,false,246
2002-04-12,2.98555850982666,2.98555850982666,2002-04-12,2.133744478225708,2001-09-27,true,false,246
2002-04-15,3.0008697509765625,3.0008697509765625,2002-04-15,2.133744478225708,2001-09-27,true,false,247
2002-04-16,3.0621111392974854,3.0621111392974854,2002-04-16,2.133744478225708,2001-09-27,true,false,247
2002-04-17,3.0621111392974854,3.0621111392974854,2002-04-17,2.133744478225708,2001-09-27,true,false,247
2002-04-18,3.0621111392974854,3.0621111392974854,2002-04-18,2.133744478225708,2001-09-27,true,false,247
2002-04-19,3.1111059188842773,3.1111059188842773,2002-04-19,2.133744478225708,2001-09-27,true,false,247
2002-04-22,3.1080431938171387,3.1111059188842773,2002-04-19,2.133744478225708,2001-09-27,false,false,247
2002-04-23,3.1080431938171387,3.1111059188842773,2002-04-19,2.133744478225708,2001-09-27,false,false,247
2002-04-24,3.0774221420288086,3.1111059188842773,2002-04-19,2.133744478225708,2001-09-27,false,false,247
2002-04-25,3.089670181274414,3.1111059188842773,2002-04-19,2.133744478225708,2001-09-27,false,false,247
2002-04-26,3.092733383178711,3.1111059188842773,2002-04-19,2.133744478225708,2001-09-27,false,false,247
2002-04-29,3.092733383178711,3.1111059188842773,2002-04-19,2.133744478225708,2001-09-27,false,false,247
2002-04-30,3.092733383178711,3.1111059188842773,2002-04-19,2.133744478225708,2001-09-27,false,false,247
2002-05-01,3.0529253482818604,3.1111059188842773,2002-04-19,2.133744478225708,2001-09-27,false,false,247
2002-05-02,3.0008697509765625,3.1111059188842773,2002-04-19,2.133744478225708,2001-09-27,false,false,247
2002-05-03,2.909005880355835,3.1111059188842773,2002-04-19,2.133744478225708,2001-09-27,false,false,247
2002-05-06,2.98555850982666,3.1111059188842773,2002-04-19,2.133744478225708,2001-09-27,false,false,247
2002-05-07,2.909005880355835,3.1111059188842773,2002-04-19,2.133744478225708,2001-09-27,false,false,247
2002-05-08,3.0314905643463135,3.1111059188842773,2002-04-19,2.133744478225708,2001-09-27,false,false,247
2002-05-09,2.9702491760253906,3.1111059188842773,2002-04-19,2.133744478225708,2001-09-27,false,false,247
2002-05-10,3.0314905643463135,3.1111059188842773,2002-04-19,2.133744478225708,2001-09-27,false,false,247
2002-05-13,3.0161800384521484,3.1111059188842773,2002-04-19,2.133744478225708,2001-09-27,false,false,247
2002-05-14,3.1233530044555664,3.1233530044555664,2002-05-14,2.133744478225708,2001-09-27,true,false,247
2002-05-15,3.092733383178711,3.1233530044555664,2002-05-14,2.133744478225708,2001-09-27,false,false,247
2002-05-16,3.0621111392974854,3.1233530044555664,2002-05-14,2.133744478225708,2001-09-27,false,false,247
2002-05-17,3.0774221420288086,3.1233530044555664,2002-05-14,2.133744478225708,2001-09-27,false,false,247
2002-05-20,3.0621111392974854,3.1233530044555664,2002-05-14,2.133744478225708,2001-09-27,false,false,247
2002-05-21,3.0314905643463135,3.1233530044555664,2002-05-14,2.133744478225708,2001-09-27,false,false,247
2002-05-22,3.028428316116333,3.1233530044555664,2002-05-14,2.133744478225708,2001-09-27,false,false,247
2002-05-23,3.028428316116333,3.1233530044555664,2002-05-14,2.133744478225708,2001-09-27,false,false,247
2002-05-24,3.022303819656372,3.1233530044555664,2002-05-14,2.133744478225708,2001-09-27,false,false,247
2002-05-28,2.98555850982666,3.1233530044555664,2002-05-14,2.133744478225708,2001-09-27,false,false,247
2002-05-29,3.022303819656372,3.1233530044555664,2002-05-14,2.133744478225708,2001-09-27,false,false,247
2002-05-30,3.02536678314209,3.1233530044555664,2002-05-14,2.133744478225708,2001-09-27,false,false,247
2002-05-31,3.0314905643463135,3.1233530044555664,2002-05-14,2.133744478225708,2001-09-27,false,false,247
2002-06-03,3.0161800384521484,3.1233530044555664,2002-05-14,2.133744478225708,2001-09-27,false,false,247
2002-06-04,3.028428316116333,3.1233530044555664,2002-05-14,2.133744478225708,2001-09-27,false,false,247
2002-06-05,3.02536678314209,3.1233530044555664,2002-05-14,2.133744478225708,2001-09-27,false,false,247
2002-06-06,2.9947447776794434,3.1233530044555664,2002-05-14,2.133744478225708,2001-09-27,false,false,247
2002-06-07,2.98555850982666,3.1233530044555664,2002-05-14,2.133744478225708,2001-09-27,false,false,247
2002-06-10,2.98555850982666,3.1233530044555664,2002-05-14,2.133744478225708,2001-09-27,false,false,247
2002-06-11,3.028428316116333,3.1233530044555664,2002-05-14,2.133744478225708,2001-09-27,false,false,247
2002-06-12,3.0314905643463135,3.1233530044555664,2002-05-14,2.133744478225708,2001-09-27,false,false,247
2002-06-13,3.0008697509765625,3.1233530044555664,2002-05-14,2.133744478225708,2001-09-27,false,false,247
2002-06-14,3.028428316116333,3.1233530044555664,2002-05-14,2.133744478225708,2001-09-27,false,false,247
2002-06-17,3.028428316116333,3.1233530044555664,2002-05-14,2.133744478225708,2001-09-27,false,false,247
2002-06-18,3.0314905643463135,3.1233530044555664,2002-05-14,2.133744478225708,2001-09-27,false,false,247
2002-06-19,2.98555850982666,3.1233530044555664,2002-05-14,2.133744478225708,2001-09-27,false,false,247
2002-06-20,2.98555850982666,3.1233530044555664,2002-05-14,2.133744478225708,2001-09-27,false,false,247
2002-06-21,2.954937696456909,3.1233530044555664,2002-05-14,2.133744478225708,2001-09-27,false,false,247
2002-06-24,2.909005880355835,3.1233530044555664,2002-05-14,2.133744478225708,2001-09-27,false,false,247
2002-06-25,2.909005880355835,3.1233530044555664,2002-05-14,2.133744478225708,2001-09-27,false,false,247
2002-06-26,2.8936967849731445,3.1233530044555664,2002-05-14,2.133744478225708,2001-09-27,false,false,247
2002-06-27,2.8232667446136475,3.1233530044555664,2002-05-14,2.133744478225708,2001-09-27,false,false,247
2002-06-28,2.8600120544433594,3.1233530044555664,2002-05-14,2.133744478225708,2001-09-27,false,false,247
2002-07-01,2.7405900955200195,3.1233530044555664,2002-05-14,2.133744478225708,2001-09-27,false,false,247
2002-07-02,2.7405900955200195,3.1233530044555664,2002-05-14,2.133744478225708,2001-09-27,false,false,247
2002-07-03,2.7405900955200195,3.1233530044555664,2002-05-14,2.133744478225708,2001-09-27,false,false,247
2002-07-05,2.7497756481170654,3.1233530044555664,2002-05-14,2.133744478225708,2001-09-27,false,false,247
2002-07-08,2.7712113857269287,3.1233530044555664,2002-05-14,2.133744478225708,2001-09-27,false,false,247
2002-07-09,2.8140811920166016,3.1233530044555664,2002-05-14,2.133744478225708,2001-09-27,false,false,247
2002-07-10,3.0314905643463135,3.1233530044555664,2002-05-14,2.133744478225708,2001-09-27,false,false,247
2002-07-11,2.7865216732025146,3.1233530044555664,2002-05-14,2.133744478225708,2001-09-27,false,false,247
2002-07-12,2.7559006214141846,3.1233530044555664,2002-05-14,2.133744478225708,2001-09-27,false,false,247
2002-07-15,2.758963108062744,3.1233530044555664,2002-05-14,2.133744478225708,2001-09-27,false,false,247
2002-07-16,2.758963108062744,3.1233530044555664,2002-05-14,2.133744478225708,2001-09-27,false,false,247
2002-07-17,2.758963108062744,3.1233530044555664,2002-05-14,2.133744478225708,2001-09-27,false,false,247
2002-07-18,2.8018317222595215,3.1233530044555664,2002-05-14,2.133744478225708,2001-09-27,false,false,247
2002-07-19,2.6640372276306152,3.1233530044555664,2002-05-14,2.133744478225708,2001-09-27,false,false,247
2002-07-22,2.6640372276306152,3.1233530044555664,2002-05-14,2.133744478225708,2001-09-27,false,false,247
2002-07-23,2.581360101699829,3.1233530044555664,2002-05-14,2.133744478225708,2001-09-27,false,false,247
2002-07-24,2.4956212043762207,3.1233530044555664,2002-05-14,2.133744478225708,2001-09-27,false,false,247
2002-07-25,2.5415523052215576,3.1233530044555664,2002-05-14,2.133744478225708,2001-09-27,false,false,247
2002-07-26,2.6150426864624023,3.1233530044555664,2002-05-14,2.133744478225708,2001-09-27,false,false,247
2002-07-29,2.5874850749969482,3.1233530044555664,2002-05-14,2.133744478225708,2001-09-27,false,false,247
2002-07-30,2.538490056991577,3.1233530044555664,2002-05-14,2.133744478225708,2001-09-27,false,false,247
2002-07-31,2.7252795696258545,3.1233530044555664,2002-05-14,2.133744478225708,2001-09-27,false,false,247
2002-08-01,2.694658041000366,3.1233530044555664,2002-05-14,2.133744478225708,2001-09-27,false,false,247
2002-08-02,2.6150426864624023,3.1233530044555664,2002-05-14,2.133744478225708,2001-09-27,false,false,247
2002-08-05,2.572173833847046,3.1233530044555664,2002-05-14,2.133744478225708,2001-09-27,false,false,247
2002-08-06,2.572173833847046,3.1233530044555664,2002-05-14,2.133744478225708,2001-09-27,false,false,247
2002-08-07,2.5874850749969482,3.1233530044555664,2002-05-14,2.133744478225708,2001-09-27,false,false,247
2002-08-08,2.9304401874542236,3.1233530044555664,2002-05-14,2.133744478225708,2001-09-27,false,false,247
2002-08-09,2.6027944087982178,3.1233530044555664,2002-05-14,2.133744478225708,2001-09-27,false,false,247
2002-08-12,2.6640372276306152,3.1233530044555664,2002-05-14,2.133744478225708,2001-09-27,false,false,247
2002-08-13,2.7895824909210205,3.1233530044555664,2002-05-14,2.133744478225708,2001-09-27,false,false,247
2002-08-14,2.618105411529541,3.1233530044555664,2002-05-14,2.133744478225708,2001-09-27,false,false,247
2002-08-15,2.605856418609619,3.1233530044555664,2002-05-14,2.133744478225708,2001-09-27,false,false,247
2002-08-16,2.618105411529541,3.1233530044555664,2002-05-14,2.133744478225708,2001-09-27,false,false,247
2002-08-19,2.61198091506958,3.1233530044555664,2002-05-14,2.133744478225708,2001-09-27,false,false,247
2002-08-20,2.6609742641448975,3.1233530044555664,2002-05-14,2.133744478225708,2001-09-27,false,false,247
2002-08-21,2.6609742641448975,3.1233530044555664,2002-05-14,2.133744478225708,2001-09-27,false,false,247
2002-08-22,2.694658041000366,3.1233530044555664,2002-05-14,2.133744478225708,2001-09-27,false,false,247
2002-08-23,2.722217559814453,3.1233530044555664,2002-05-14,2.133744478225708,2001-09-27,false,false,247
2002-08-26,2.679347515106201,3.1233530044555664,2002-05-14,2.133744478225708,2001-09-27,false,false,247
2002-08-27,2.7252795696258545,3.1233530044555664,2002-05-14,2.133744478225708,2001-09-27,false,false,247
2002-08-28,2.7252795696258545,3.1233530044555664,2002-05-14,2.133744478225708,2001-09-27,false,false,247
2002-08-29,2.633416175842285,3.1233530044555664,2002-05-14,2.133744478225708,2001-09-27,false,false,247
2002-08-30,2.7375268936157227,3.1233530044555664,2002-05-14,2.133744478225708,2001-09-27,false,false,247
2002-09-03,2.61198091506958,3.1233530044555664,2002-05-14,2.133744478225708,2001-09-27,false,false,247
2002-09-04,2.572173833847046,3.1233530044555664,2002-05-14,2.133744478225708,2001-09-27,false,false,247
2002-09-05,2.538490056991577,3.1233530044555664,2002-05-14,2.133744478225708,2001-09-27,false,false,247
2002-09-06,2.483372926712036,3.1233530044555664,2002-05-14,2.133744478225708,2001-09-27,false,false,247
2002-09-09,2.483372926712036,3.1233530044555664,2002-05-14,2.133744478225708,2001-09-27,false,false,247
2002-09-10,2.7252795696258545,3.1233530044555664,2002-05-14,2.133744478225708,2001-09-27,false,false,247
2002-09-11,2.7252795696258545,3.1233530044555664,2002-05-14,2.133744478225708,2001-09-27,false,false,248
2002-09-12,2.633416175842285,3.1233530044555664,2002-05-14,2.133744478225708,2001-09-27,false,false,249
2002-09-13,2.618105411529541,3.1233530044555664,2002-05-14,2.133744478225708,2001-09-27,false,false,250
2002-09-16,2.7099688053131104,3.1233530044555664,2002-05-14,2.133744478225708,2001-09-27,false,false,251
2002-09-17,2.7099688053131104,3.1233530044555664,2002-05-14,2.133744478225708,2001-09-27,false,false,251
2002-09-18,2.7847259044647217,3.1233530044555664,2002-05-14,2.133744478225708,2001-09-27,false,false,251
2002-09-19,2.8501391410827637,3.1233530044555664,2002-05-14,2.133744478225708,2001-09-27,false,false,251
2002-09-20,2.800302028656006,3.1233530044555664,2002-05-14,2.133744478225708,2001-09-27,false,false,251
2002-09-23,2.800302028656006,3.1233530044555664,2002-05-14,2.133744478225708,2001-09-27,false,false,251
2002-09-24,2.7442333698272705,3.1233530044555664,2002-05-14,2.133744478225708,2001-09-27,false,false,251
2002-09-25,2.72554349899292,3.1233530044555664,2002-05-14,2.133744478225708,2001-09-27,false,false,251
2002-09-26,2.7161991596221924,3.1233530044555664,2002-05-14,2.133744478225708,2001-09-27,false,false,251
2002-09-27,2.7348883152008057,3.1233530044555664,2002-05-14,2.133744478225708,2001-09-27,false,false,251
2002-09-30,2.7099690437316895,3.1233530044555664,2002-05-14,2.1548402309417725,2001-10-30,false,false,251
2002-10-01,2.647670269012451,3.1233530044555664,2002-05-14,2.1548402309417725,2001-10-30,false,false,251
2002-10-02,2.647670269012451,3.1233530044555664,2002-05-14,2.1548402309417725,2001-10-30,false,false,251
2002-10-03,2.641439914703369,3.1233530044555664,2002-05-14,2.1548402309417725,2001-10-30,false,false,251
2002-10-04,2.5542240142822266,3.1233530044555664,2002-05-14,2.1548402309417725,2001-10-30,false,false,251
2002-10-07,2.5230746269226074,3.1233530044555664,2002-05-14,2.1548402309417725,2001-10-30,false,false,251
2002-10-08,2.5230746269226074,3.1233530044555664,2002-05-14,2.1548402309417725,2001-10-30,false,false,251
2002-10-09,2.491925001144409,3.1233530044555664,2002-05-14,2.1548402309417725,2001-10-30,false,false,251
2002-10-10,2.491925001144409,3.1233530044555664,2002-05-14,2.1548402309417725,2001-10-30,false,false,251
2002-10-11,2.7753820419311523,3.1233530044555664,2002-05-14,2.1548402309417725,2001-10-30,false,false,251
2002-10-14,2.738002300262451,3.1233530044555664,2002-05-14,2.1548402309417725,2001-10-30,false,false,251
2002-10-15,2.7411179542541504,3.1233530044555664,2002-05-14,2.1548402309417725,2001-10-30,false,false,251
2002-10-16,2.7940709590911865,3.1233530044555664,2002-05-14,2.1548402309417725,2001-10-30,false,false,251
2002-10-17,2.7722675800323486,3.1233530044555664,2002-05-14,2.1548402309417725,2001-10-30,false,false,251
2002-10-18,2.7037394046783447,3.1233530044555664,2002-05-14,2.1548402309417725,2001-10-30,false,false,251
2002-10-21,2.728658676147461,3.1233530044555664,2002-05-14,2.1548402309417725,2001-10-30,false,false,251
2002-10-22,2.7317733764648438,3.1233530044555664,2002-05-14,2.1548402309417725,2001-10-30,false,false,251
2002-10-23,2.7971854209899902,3.1233530044555664,2002-05-14,2.1548402309417725,2001-10-30,false,false,251
2002-10-24,2.75357723236084,3.1233530044555664,2002-05-14,2.1548402309417725,2001-10-30,false,false,251
2002-10-25,2.7722675800323486,3.1233530044555664,2002-05-14,2.1548402309417725,2001-10-30,false,false,251
2002-10-28,2.759807586669922,3.1233530044555664,2002-05-14,2.1548402309417725,2001-10-30,false,false,251
2002-10-29,2.756692409515381,3.1233530044555664,2002-05-14,2.1548402309417725,2001-10-30,false,false,251
2002-10-30,2.7722675800323486,3.1233530044555664,2002-05-14,2.1548402309417725,2001-10-30,false,false,251
2002-10-31,2.790956735610962,3.1233530044555664,2002-05-14,2.260322332382202,2001-11-12,false,false,251
2002-11-01,2.756692409515381,3.1233530044555664,2002-05-14,2.260322332382202,2001-11-12,false,false,251
2002-11-04,2.685048818588257,3.1233530044555664,2002-05-14,2.260322332382202,2001-11-12,false,false,251
2002-11-05,2.632096767425537,3.1233530044555664,2002-05-14,2.260322332382202,2001-11-12,false,false,251
2002-11-06,2.6757047176361084,3.1233530044555664,2002-05-14,2.260322332382202,2001-11-12,false,false,251
2002-11-07,2.6165220737457275,3.1233530044555664,2002-05-14,2.260322332382202,2001-11-12,false,false,251
2002-11-08,2.6165220737457275,3.1233530044555664,2002-05-14,2.260322332382202,2001-11-12,false,false,251
2002-11-11,2.650784969329834,3.1233530044555664,2002-05-14,2.260322332382202,2001-11-12,false,false,251
2002-11-12,2.72554349899292,3.1233530044555664,2002-05-14,2.260322332382202,2001-11-12,false,false,251
2002-11-13,2.7411179542541504,3.1233530044555664,2002-05-14,2.2693636417388916,2001-11-29,false,false,251
2002-11-14,2.728658676147461,3.1233530044555664,2002-05-14,2.2693636417388916,2001-11-29,false,false,251
2002-11-15,2.719313621520996,3.1233530044555664,2002-05-14,2.2693636417388916,2001-11-29,false,false,251
2002-11-18,2.660130023956299,3.1233530044555664,2002-05-14,2.2693636417388916,2001-11-29,false,false,251
2002-11-19,2.647670269012451,3.1233530044555664,2002-05-14,2.2693636417388916,2001-11-29,false,false,251
2002-11-20,2.5729129314422607,3.1233530044555664,2002-05-14,2.2693636417388916,2001-11-29,false,false,251
2002-11-21,2.600947856903076,3.1233530044555664,2002-05-14,2.2693636417388916,2001-11-29,false,false,251
2002-11-22,2.6445553302764893,3.1233530044555664,2002-05-14,2.2693636417388916,2001-11-29,false,false,252
2002-11-25,2.66324520111084,3.1233530044555664,2002-05-14,2.2693636417388916,2001-11-29,false,false,252
2002-11-26,2.6352121829986572,3.1233530044555664,2002-05-14,2.2693636417388916,2001-11-29,false,false,252
2002-11-27,2.66324520111084,3.1233530044555664,2002-05-14,2.2693636417388916,2001-11-29,false,false,252
2002-11-29,2.72554349899292,3.1233530044555664,2002-05-14,2.2693636417388916,2001-11-29,false,false,251
2002-12-02,2.7068536281585693,3.1233530044555664,2002-05-14,2.3658030033111572,2001-12-04,false,false,251
2002-12-03,2.6757047176361084,3.1233530044555664,2002-05-14,2.3658030033111572,2001-12-04,false,false,251
2002-12-04,2.647670269012451,3.1233530044555664,2002-05-14,2.3658030033111572,2001-12-04,false,false,251
2002-12-05,2.610292911529541,3.1233530044555664,2002-05-14,2.4110095500946045,2001-12-10,false,false,251
2002-12-06,2.6788201332092285,3.1233530044555664,2002-05-14,2.4110095500946045,2001-12-10,false,false,251
2002-12-09,2.7099690437316895,3.1233530044555664,2002-05-14,2.4110095500946045,2001-12-10,false,false,251
2002-12-10,2.7099690437316895,3.1233530044555664,2002-05-14,2.4110095500946045,2001-12-10,false,false,251
2002-12-11,2.7099690437316895,3.1233530044555664,2002-05-14,2.441148281097412,2001-12-17,false,false,251
2002-12-12,2.728658676147461,3.1233530044555664,2002-05-14,2.441148281097412,2001-12-17,false,false,251
2002-12-13,2.7411179542541504,3.1233530044555664,2002-05-14,2.441148281097412,2001-12-17,false,false,251
2002-12-16,2.7348883152008057,3.1233530044555664,2002-05-14,2.441148281097412,2001-12-17,false,false,251
2002-12-17,2.7348883152008057,3.1233530044555664,2002-05-14,2.441148281097412,2001-12-17,false,false,251
2002-12-18,2.7099690437316895,3.1233530044555664,2002-05-14,2.483372926712036,2002-09-09,false,false,251
2002-12-19,2.7411179542541504,3.1233530044555664,2002-05-14,2.483372926712036,2002-09-09,false,false,251
2002-12-20,2.6134071350097656,3.1233530044555664,2002-05-14,2.483372926712036,2002-09-09,false,false,251
2002-12-23,2.660130023956299,3.1233530044555664,2002-05-14,2.483372926712036,2002-09-09,false,false,251
2002-12-24,2.660130023956299,3.1233530044555664,2002-05-14,2.483372926712036,2002-09-09,false,false,251
2002-12-26,2.8034160137176514,3.1233530044555664,2002-05-14,2.483372926712036,2002-09-09,false,false,251
2002-12-27,2.728658676147461,3.1233530044555664,2002-05-14,2.483372926712036,2002-09-09,false,false,251
2002-12-30,2.787841796875,3.1233530044555664,2002-05-14,2.483372926712036,2002-09-09,false,false,251
2002-12-31,2.800302028656006,3.1233530044555664,2002-05-14,2.483372926712036,2002-09-09,false,false,251
2003-01-02,2.7629220485687256,3.1233530044555664,2002-05-14,2.483372926712036,2002-09-09,false,false,251
2003-01-03,2.647670269012451,3.1233530044555664,2002-05-14,2.483372926712036,2002-09-09,false,false,251
2003-01-06,2.7099690437316895,3.1233530044555664,2002-05-14,2.483372926712036,2002-09-09,false,false,251
2003-01-07,2.747347116470337,3.1233530044555664,2002-05-14,2.483372926712036,2002-09-09,false,false,251
2003-01-08,2.756692409515381,3.1233530044555664,2002-05-14,2.483372926712036,2002-09-09,false,false,251
2003-01-09,2.7411179542541504,3.1233530044555664,2002-05-14,2.483372926712036,2002-09-09,false,false,251
2003-01-10,2.778496742248535,3.1233530044555664,2002-05-14,2.483372926712036,2002-09-09,false,false,251
2003-01-13,2.75357723236084,3.1233530044555664,2002-05-14,2.483372926712036,2002-09-09,false,false,251
2003-01-14,2.8034160137176514,3.1233530044555664,2002-05-14,2.483372926712036,2002-09-09,false,false,251
2003-01-15,2.7442333698272705,3.1233530044555664,2002-05-14,2.483372926712036,2002-09-09,false,false,251
2003-01-16,2.7971854209899902,3.1233530044555664,2002-05-14,2.483372926712036,2002-09-09,false,false,251
2003-01-17,2.787841796875,3.1233530044555664,2002-05-14,2.483372926712036,2002-09-09,false,false,251
2003-01-21,2.778496742248535,3.1233530044555664,2002-05-14,2.483372926712036,2002-09-09,false,false,251
2003-01-22,2.8034160137176514,3.1233530044555664,2002-05-14,2.483372926712036,2002-09-09,false,false,251
2003-01-23,2.8034160137176514,3.1233530044555664,2002-05-14,2.483372926712036,2002-09-09,false,false,251
2003-01-24,2.8034160137176514,3.1233530044555664,2002-05-14,2.483372926712036,2002-09-09,false,false,251
2003-01-27,2.809645414352417,3.1233530044555664,2002-05-14,2.483372926712036,2002-09-09,false,false,251
2003-01-28,2.809645414352417,3.1233530044555664,2002-05-14,2.483372926712036,2002-09-09,false,false,251
2003-01-29,2.8345654010772705,3.1233530044555664,2002-05-14,2.483372926712036,2002-09-09,false,false,251
2003-01-30,2.8345654010772705,3.1233530044555664,2002-05-14,2.483372926712036,2002-09-09,false,false,251
2003-01-31,2.818990468978882,3.1233530044555664,2002-05-14,2.483372926712036,2002-09-09,false,false,251
2003-02-03,2.8065314292907715,3.1233530044555664,2002-05-14,2.483372926712036,2002-09-09,false,false,251
2003-02-04,2.8345654010772705,3.1233530044555664,2002-05-14,2.483372926712036,2002-09-09,false,false,251
2003-02-05,2.8345654010772705,3.1233530044555664,2002-05-14,2.483372926712036,2002-09-09,false,false,251
2003-02-06,2.781611442565918,3.1233530044555664,2002-05-14,2.483372926712036,2002-09-09,false,false,251
2003-02-07,2.697509765625,3.1233530044555664,2002-05-14,2.483372926712036,2002-09-09,false,false,251
2003-02-10,2.9280126094818115,3.1233530044555664,2002-05-14,2.483372926712036,2002-09-09,false,false,251
2003-02-11,2.881288766860962,3.1233530044555664,2002-05-14,2.483372926712036,2002-09-09,false,false,251
2003-02-12,2.8657138347625732,3.1233530044555664,2002-05-14,2.483372926712036,2002-09-09,false,false,251
2003-02-13,2.822105646133423,3.1233530044555664,2002-05-14,2.483372926712036,2002-09-09,false,false,251
2003-02-14,2.8657138347625732,3.1233530044555664,2002-05-14,2.483372926712036,2002-09-09,false,false,251
2003-02-18,2.7442333698272705,3.1233530044555664,2002-05-14,2.483372926712036,2002-09-09,false,false,251
2003-02-19,2.8345654010772705,3.1233530044555664,2002-05-14,2.483372926712036,2002-09-09,false,false,251
2003-02-20,2.7504630088806152,3.1233530044555664,2002-05-14,2.483372926712036,2002-09-09,false,false,251
2003-02-21,2.747347116470337,3.1233530044555664,2002-05-14,2.483372926712036,2002-09-09,false,false,251
2003-02-24,2.681934356689453,3.1233530044555664,2002-05-14,2.483372926712036,2002-09-09,false,false,251
2003-02-25,2.7722675800323486,3.1233530044555664,2002-05-14,2.483372926712036,2002-09-09,false,false,251
2003-02-26,2.7722675800323486,3.1233530044555664,2002-05-14,2.483372926712036,2002-09-09,false,false,251
2003-02-27,2.8034160137176514,3.1233530044555664,2002-05-14,2.483372926712036,2002-09-09,false,false,251
2003-02-28,2.6165220737457275,3.1233530044555664,2002-05-14,2.483372926712036,2002-09-09,false,false,251
2003-03-03,2.8345654010772705,3.1233530044555664,2002-05-14,2.483372926712036,2002-09-09,false,false,251
2003-03-04,2.818990468978882,3.1233530044555664,2002-05-14,2.483372926712036,2002-09-09,false,false,251
2003-03-05,2.7753820419311523,3.1233530044555664,2002-05-14,2.483372926712036,2002-09-09,false,false,251
2003-03-06,2.781611442565918,3.1233530044555664,2002-05-14,2.483372926712036,2002-09-09,false,false,251
2003-03-07,2.781611442565918,3.1233530044555664,2002-05-14,2.483372926712036,2002-09-09,false,false,251
2003-03-10,2.781611442565918,3.1233530044555664,2002-05-14,2.483372926712036,2002-09-09,false,false,251
2003-03-11,2.812760829925537,3.1233530044555664,2002-05-14,2.483372926712036,2002-09-09,false,false,251
2003-03-12,2.7722675800323486,3.1233530044555664,2002-05-14,2.483372926712036,2002-09-09,false,false,251
2003-03-13,2.7722675800323486,3.1233530044555664,2002-05-14,2.483372926712036,2002-09-09,false,false,251
2003-03-14,2.787841796875,3.1233530044555664,2002-05-14,2.483372926712036,2002-09-09,false,false,251
2003-03-17,2.787841796875,3.1233530044555664,2002-05-14,2.483372926712036,2002-09-09,false,false,251
2003-03-18,2.787841796875,3.1233530044555664,2002-05-14,2.483372926712036,2002-09-09,false,false,251
2003-03-19,2.8345654010772705,3.1233530044555664,2002-05-14,2.483372926712036,2002-09-09,false,false,251
2003-03-20,2.8034160137176514,3.1233530044555664,2002-05-14,2.483372926712036,2002-09-09,false,false,251
2003-03-21,2.8501391410827637,3.1233530044555664,2002-05-14,2.483372926712036,2002-09-09,false,false,251
2003-03-24,2.881288766860962,3.1233530044555664,2002-05-14,2.483372926712036,2002-09-09,false,false,251
2003-03-25,2.8345654010772705,3.1233530044555664,2002-05-14,2.483372926712036,2002-09-09,false,false,251
2003-03-26,2.936253786087036,3.1233530044555664,2002-05-14,2.483372926712036,2002-09-09,false,false,251
2003-03-27,2.926719903945923,3.1233530044555664,2002-05-14,2.483372926712036,2002-09-09,false,false,251
2003-03-28,2.9394314289093018,3.1233530044555664,2002-05-14,2.483372926712036,2002-09-09,false,false,251
2003-03-31,2.8758764266967773,3.1233530044555664,2002-05-14,2.483372926712036,2002-09-09,false,false,252
2003-04-01,2.8758764266967773,3.1233530044555664,2002-05-14,2.483372926712036,2002-09-09,false,false,252
2003-04-02,2.869520664215088,3.1233530044555664,2002-05-14,2.483372926712036,2002-09-09,false,false,252
2003-04-03,2.9171876907348633,3.1233530044555664,2002-05-14,2.483372926712036,2002-09-09,false,false,252
2003-04-04,2.955320119857788,3.1233530044555664,2002-05-14,2.483372926712036,2002-09-09,false,false,252
2003-04-07,2.955320119857788,3.1233530044555664,2002-05-14,2.483372926712036,2002-09-09,false,false,252
2003-04-08,2.955320119857788,3.1233530044555664,2002-05-14,2.483372926712036,2002-09-09,false,false,252
2003-04-09,2.955320119857788,3.1233530044555664,2002-05-14,2.483372926712036,2002-09-09,false,false,252
2003-04-10,3.114208698272705,3.1233530044555664,2002-05-14,2.483372926712036,2002-09-09,false,false,252
2003-04-11,3.0983190536499023,3.1233530044555664,2002-05-14,2.483372926712036,2002-09-09,false,false,252
2003-04-14,3.0824317932128906,3.1233530044555664,2002-05-14,2.483372926712036,2002-09-09,false,false,252
2003-04-15,3.0983190536499023,3.1233530044555664,2002-05-14,2.483372926712036,2002-09-09,false,false,252
2003-04-16,3.0983190536499023,3.1233530044555664,2002-05-14,2.483372926712036,2002-09-09,false,false,252
2003-04-17,3.0983190536499023,3.1233530044555664,2002-05-14,2.483372926712036,2002-09-09,false,false,252
2003-04-21,3.114208698272705,3.1233530044555664,2002-05-14,2.483372926712036,2002-09-09,false,false,251
2003-04-22,3.0887856483459473,3.1233530044555664,2002-05-14,2.483372926712036,2002-09-09,false,false,251
2003-04-23,3.1459860801696777,3.1459860801696777,2003-04-23,2.483372926712036,2002-09-09,true,false,251
2003-04-24,3.114208698272705,3.1459860801696777,2003-04-23,2.483372926712036,2002-09-09,false,false,251
2003-04-25,3.114208698272705,3.1459860801696777,2003-04-23,2.483372926712036,2002-09-09,false,false,251
2003-04-28,3.133274555206299,3.1459860801696777,2003-04-23,2.483372926712036,2002-09-09,false,false,251
2003-04-29,3.1459860801696777,3.1459860801696777,2003-04-29,2.483372926712036,2002-09-09,true,false,251
2003-04-30,3.152341604232788,3.152341604232788,2003-04-30,2.483372926712036,2002-09-09,true,false,251
2003-05-01,3.133274555206299,3.152341604232788,2003-04-30,2.483372926712036,2002-09-09,false,false,251
2003-05-02,3.0983190536499023,3.152341604232788,2003-04-30,2.483372926712036,2002-09-09,false,false,251
2003-05-05,3.0887856483459473,3.152341604232788,2003-04-30,2.483372926712036,2002-09-09,false,false,251
2003-05-06,3.114208698272705,3.152341604232788,2003-04-30,2.483372926712036,2002-09-09,false,false,251
2003-05-07,3.161875009536743,3.161875009536743,2003-05-07,2.483372926712036,2002-09-09,true,false,251
2003-05-08,3.177762985229492,3.177762985229492,2003-05-08,2.483372926712036,2002-09-09,true,false,251
2003-05-09,3.2413182258605957,3.2413182258605957,2003-05-09,2.483372926712036,2002-09-09,true,false,251
2003-05-12,3.177762985229492,3.2413182258605957,2003-05-09,2.483372926712036,2002-09-09,false,false,251
2003-05-13,3.2095415592193604,3.2413182258605957,2003-05-09,2.483372926712036,2002-09-09,false,false,251
2003-05-14,3.222252130508423,3.2413182258605957,2003-05-09,2.483372926712036,2002-09-09,false,false,251
2003-05-15,3.2858059406280518,3.2858059406280518,2003-05-15,2.483372926712036,2002-09-09,true,false,251
2003-05-16,3.416095495223999,3.416095495223999,2003-05-16,2.483372926712036,2002-09-09,true,false,251
2003-05-19,3.320763111114502,3.416095495223999,2003-05-16,2.483372926712036,2002-09-09,false,false,251
2003-05-20,3.222252130508423,3.416095495223999,2003-05-16,2.483372926712036,2002-09-09,false,false,251
2003-05-21,3.1237423419952393,3.416095495223999,2003-05-16,2.483372926712036,2002-09-09,false,false,251
2003-05-22,3.1237423419952393,3.416095495223999,2003-05-16,2.483372926712036,2002-09-09,false,false,251
2003-05-23,3.2572078704833984,3.416095495223999,2003-05-16,2.483372926712036,2002-09-09,false,false,251
2003-05-27,3.2667407989501953,3.416095495223999,2003-05-16,2.483372926712036,2002-09-09,false,false,251
2003-05-28,3.260385751724243,3.416095495223999,2003-05-16,2.483372926712036,2002-09-09,false,false,251
2003-05-29,3.247673988342285,3.416095495223999,2003-05-16,2.483372926712036,2002-09-09,false,false,251
2003-05-30,3.2667407989501953,3.416095495223999,2003-05-16,2.483372926712036,2002-09-09,false,false,251
2003-06-02,3.2095415592193604,3.416095495223999,2003-05-16,2.483372926712036,2002-09-09,false,false,251
2003-06-03,3.177762985229492,3.416095495223999,2003-05-16,2.483372926712036,2002-09-09,false,false,251
2003-06-04,3.177762985229492,3.416095495223999,2003-05-16,2.483372926712036,2002-09-09,false,false,251
2003-06-05,3.1682305335998535,3.416095495223999,2003-05-16,2.483372926712036,2002-09-09,false,false,251
2003-06-06,3.190474510192871,3.416095495223999,2003-05-16,2.483372926712036,2002-09-09,false,false,251
2003-06-09,3.327118396759033,3.416095495223999,2003-05-16,2.483372926712036,2002-09-09,false,false,251
2003-06-10,3.3366525173187256,3.416095495223999,2003-05-16,2.483372926712036,2002-09-09,false,false,251
2003-06-11,3.3334743976593018,3.416095495223999,2003-05-16,2.483372926712036,2002-09-09,false,false,251
2003-06-12,3.460585117340088,3.460585117340088,2003-06-12,2.483372926712036,2002-09-09,true,false,251
2003-06-13,3.4923620223999023,3.4923620223999023,2003-06-13,2.483372926712036,2002-09-09,true,false,251
2003-06-16,3.463762044906616,3.4923620223999023,2003-06-13,2.483372926712036,2002-09-09,false,false,251
2003-06-17,3.594050168991089,3.594050168991089,2003-06-17,2.483372926712036,2002-09-09,true,false,251
2003-06-18,3.606762647628784,3.606762647628784,2003-06-18,2.483372926712036,2002-09-09,true,false,251
2003-06-19,3.4256296157836914,3.606762647628784,2003-06-18,2.483372926712036,2002-09-09,false,false,251
2003-06-20,3.5177834033966064,3.606762647628784,2003-06-18,2.483372926712036,2002-09-09,false,false,251
2003-06-23,3.5495612621307373,3.606762647628784,2003-06-18,2.483372926712036,2002-09-09,false,false,251
2003-06-24,3.495539426803589,3.606762647628784,2003-06-18,2.483372926712036,2002-09-09,false,false,251
2003-06-25,3.4987175464630127,3.606762647628784,2003-06-18,2.483372926712036,2002-09-09,false,false,251
2003-06-26,3.44787335395813,3.606762647628784,2003-06-18,2.483372926712036,2002-09-09,false,false,251
2003-06-27,3.495539426803589,3.606762647628784,2003-06-18,2.483372926712036,2002-09-09,false,false,251
2003-06-30,3.161875009536743,3.606762647628784,2003-06-18,2.483372926712036,2002-09-09,false,false,251
2003-07-01,3.3048746585845947,3.606762647628784,2003-06-18,2.483372926712036,2002-09-09,false,false,251
2003-07-02,3.44787335395813,3.606762647628784,2003-06-18,2.483372926712036,2002-09-09,false,false,251
2003-07-03,3.44787335395813,3.606762647628784,2003-06-18,2.483372926712036,2002-09-09,false,false,251
2003-07-07,3.4033851623535156,3.606762647628784,2003-06-18,2.483372926712036,2002-09-09,false,false,251
2003-07-08,3.352541208267212,3.606762647628784,2003-06-18,2.483372926712036,2002-09-09,false,false,251
2003-07-09,3.320763111114502,3.606762647628784,2003-06-18,2.483372926712036,2002-09-09,false,false,251
2003-07-10,3.320763111114502,3.606762647628784,2003-06-18,2.483372926712036,2002-09-09,false,false,251
2003-07-11,3.3302953243255615,3.606762647628784,2003-06-18,2.483372926712036,2002-09-09,false,false,251
2003-07-14,3.3334743976593018,3.606762647628784,2003-06-18,2.483372926712036,2002-09-09,false,false,251
2003-07-15,3.3366525173187256,3.606762647628784,2003-06-18,2.483372926712036,2002-09-09,false,false,251
2003-07-16,3.3588953018188477,3.606762647628784,2003-06-18,2.483372926712036,2002-09-09,false,false,251
2003-07-17,3.3366525173187256,3.606762647628784,2003-06-18,2.483372926712036,2002-09-09,false,false,251
2003-07-18,3.3366525173187256,3.606762647628784,2003-06-18,2.483372926712036,2002-09-09,false,false,251
2003-07-21,3.3366525173187256,3.606762647628784,2003-06-18,2.483372926712036,2002-09-09,false,false,251
2003-07-22,3.2667407989501953,3.606762647628784,2003-06-18,2.483372926712036,2002-09-09,false,false,251
2003-07-23,3.3048746585845947,3.606762647628784,2003-06-18,2.483372926712036,2002-09-09,false,false,251
2003-07-24,3.3144078254699707,3.606762647628784,2003-06-18,2.483372926712036,2002-09-09,false,false,251
2003-07-25,3.352541208267212,3.606762647628784,2003-06-18,2.483372926712036,2002-09-09,false,false,251
2003-07-28,3.3366525173187256,3.606762647628784,2003-06-18,2.483372926712036,2002-09-09,false,false,251
2003-07-29,3.352541208267212,3.606762647628784,2003-06-18,2.483372926712036,2002-09-09,false,false,251
2003-07-30,3.352541208267212,3.606762647628784,2003-06-18,2.483372926712036,2002-09-09,false,false,251
2003-07-31,3.393852472305298,3.606762647628784,2003-06-18,2.483372926712036,2002-09-09,false,false,251
2003-08-01,3.4002063274383545,3.606762647628784,2003-06-18,2.483372926712036,2002-09-09,false,false,251
2003-08-04,3.4002063274383545,3.606762647628784,2003-06-18,2.483372926712036,2002-09-09,false,false,251
2003-08-05,3.495539426803589,3.606762647628784,2003-06-18,2.483372926712036,2002-09-09,false,false,251
2003-08-06,3.4510509967803955,3.606762647628784,2003-06-18,2.483372926712036,2002-09-09,false,false,251
2003-08-07,3.4574058055877686,3.606762647628784,2003-06-18,2.483372926712036,2002-09-09,false,false,251
2003-08-08,3.606762647628784,3.606762647628784,2003-08-08,2.483372926712036,2002-09-09,true,false,251
2003-08-11,3.606762647628784,3.606762647628784,2003-08-11,2.483372926712036,2002-09-09,true,false,251
2003-08-12,3.5686287879943848,3.606762647628784,2003-08-11,2.483372926712036,2002-09-09,false,false,251
2003-08-13,3.58451771736145,3.606762647628784,2003-08-11,2.483372926712036,2002-09-09,false,false,251
2003-08-14,3.654428243637085,3.654428243637085,2003-08-14,2.483372926712036,2002-09-09,true,false,251
2003-08-15,3.654428243637085,3.654428243637085,2003-08-15,2.483372926712036,2002-09-09,true,false,251
2003-08-18,3.6862056255340576,3.6862056255340576,2003-08-18,2.483372926712036,2002-09-09,true,false,251
2003-08-19,3.695739984512329,3.695739984512329,2003-08-19,2.483372926712036,2002-09-09,true,false,251
2003-08-20,3.822848320007324,3.822848320007324,2003-08-20,2.483372926712036,2002-09-09,true,false,251
2003-08-21,3.813316583633423,3.822848320007324,2003-08-20,2.483372926712036,2002-09-09,false,false,251
2003-08-22,3.867337942123413,3.867337942123413,2003-08-22,2.483372926712036,2002-09-09,true,false,251
2003-08-25,3.829205274581909,3.867337942123413,2003-08-22,2.483372926712036,2002-09-09,false,false,251
2003-08-26,3.813316583633423,3.867337942123413,2003-08-22,2.483372926712036,2002-09-09,false,false,251
2003-08-27,3.819671630859375,3.867337942123413,2003-08-22,2.483372926712036,2002-09-09,false,false,251
2003-08-28,3.8260278701782227,3.867337942123413,2003-08-22,2.483372926712036,2002-09-09,false,false,251
2003-08-29,3.8991169929504395,3.8991169929504395,2003-08-29,2.483372926712036,2002-09-09,true,false,251
2003-09-02,3.9467811584472656,3.9467811584472656,2003-09-02,2.483372926712036,2002-09-09,true,false,251
2003-09-03,3.9372494220733643,3.9467811584472656,2003-09-02,2.483372926712036,2002-09-09,false,false,251
2003-09-04,3.9817371368408203,3.9817371368408203,2003-09-04,2.483372926712036,2002-09-09,true,false,251
2003-09-05,3.9022936820983887,3.9817371368408203,2003-09-04,2.483372926712036,2002-09-09,false,false,251
2003-09-08,3.9404263496398926,3.9817371368408203,2003-09-04,2.483372926712036,2002-09-09,false,false,251
2003-09-09,3.9086499214172363,3.9817371368408203,2003-09-04,2.483372926712036,2002-09-09,false,false,251
2003-09-10,3.845094680786133,3.9817371368408203,2003-09-04,2.491925001144409,2002-10-10,false,false,251
2003-09-11,3.867337942123413,3.9817371368408203,2003-09-04,2.491925001144409,2002-10-10,false,false,251
2003-09-12,3.9404263496398926,3.9817371368408203,2003-09-04,2.491925001144409,2002-10-10,false,false,251
2003-09-15,3.883227586746216,3.9817371368408203,2003-09-04,2.491925001144409,2002-10-10,false,false,251
2003-09-16,3.9372494220733643,3.9817371368408203,2003-09-04,2.491925001144409,2002-10-10,false,false,251
2003-09-17,3.9722039699554443,3.9817371368408203,2003-09-04,2.491925001144409,2002-10-10,false,false,251
2003-09-18,4.0675368309021,4.0675368309021,2003-09-18,2.491925001144409,2002-10-10,true,false,251
2003-09-19,3.959494113922119,4.0675368309021,2003-09-18,2.491925001144409,2002-10-10,false,false,251
2003-09-22,4.035758972167969,4.0675368309021,2003-09-18,2.491925001144409,2002-10-10,false,false,251
2003-09-23,4.121559143066406,4.121559143066406,2003-09-23,2.491925001144409,2002-10-10,true,false,251
2003-09-24,4.15700626373291,4.15700626373291,2003-09-24,2.491925001144409,2002-10-10,true,false,251
2003-09-25,4.1022257804870605,4.15700626373291,2003-09-24,2.491925001144409,2002-10-10,false,false,251
2003-09-26,4.0603346824646,4.15700626373291,2003-09-24,2.491925001144409,2002-10-10,false,false,251
2003-09-29,4.092556953430176,4.15700626373291,2003-09-24,2.491925001144409,2002-10-10,false,false,251
2003-09-30,4.128004550933838,4.15700626373291,2003-09-24,2.491925001144409,2002-10-10,false,false,251
2003-10-01,4.089334964752197,4.15700626373291,2003-09-24,2.491925001144409,2002-10-10,false,false,251
2003-10-02,4.153785705566406,4.15700626373291,2003-09-24,2.491925001144409,2002-10-10,false,false,251
2003-10-03,4.1892313957214355,4.1892313957214355,2003-10-03,2.491925001144409,2002-10-10,true,false,251
2003-10-06,4.256903171539307,4.256903171539307,2003-10-06,2.491925001144409,2002-10-10,true,false,251
2003-10-07,4.205343246459961,4.256903171539307,2003-10-06,2.491925001144409,2002-10-10,false,false,251
2003-10-08,4.1892313957214355,4.256903171539307,2003-10-06,2.491925001144409,2002-10-10,false,false,251
2003-10-09,4.237569808959961,4.256903171539307,2003-10-06,2.491925001144409,2002-10-10,false,false,251
2003-10-10,4.3986921310424805,4.3986921310424805,2003-10-10,2.491925001144409,2002-10-10,true,false,251
2003-10-13,4.472810745239258,4.472810745239258,2003-10-13,2.5729129314422607,2002-11-20,true,false,251
2003-10-14,4.421249866485596,4.472810745239258,2003-10-13,2.5729129314422607,2002-11-20,false,false,251
2003-10-15,4.3245768547058105,4.472810745239258,2003-10-13,2.5729129314422607,2002-11-20,false,false,251
2003-10-16,4.3342437744140625,4.472810745239258,2003-10-13,2.5729129314422607,2002-11-20,false,false,251
2003-10-17,4.353579044342041,4.472810745239258,2003-10-13,2.5729129314422607,2002-11-20,false,false,251
2003-10-20,4.456697463989258,4.472810745239258,2003-10-13,2.5729129314422607,2002-11-20,false,false,251
2003-10-21,4.437364101409912,4.472810745239258,2003-10-13,2.5729129314422607,2002-11-20,false,false,251
2003-10-22,4.3245768547058105,4.472810745239258,2003-10-13,2.5729129314422607,2002-11-20,false,false,251
2003-10-23,4.318131446838379,4.472810745239258,2003-10-13,2.5729129314422607,2002-11-20,false,false,251
2003-10-24,4.15700626373291,4.472810745239258,2003-10-13,2.5729129314422607,2002-11-20,false,false,251
2003-10-27,4.1892313957214355,4.472810745239258,2003-10-13,2.5729129314422607,2002-11-20,false,false,251
2003-10-28,4.115113735198975,4.472810745239258,2003-10-13,2.5729129314422607,2002-11-20,false,false,251
2003-10-29,4.089334964752197,4.472810745239258,2003-10-13,2.5729129314422607,2002-11-20,false,false,251
2003-10-30,4.092556953430176,4.472810745239258,2003-10-13,2.5729129314422607,2002-11-20,false,false,251
2003-10-31,4.0861124992370605,4.472810745239258,2003-10-13,2.5729129314422607,2002-11-20,false,false,251
2003-11-03,4.105446815490723,4.472810745239258,2003-10-13,2.5729129314422607,2002-11-20,false,false,251
2003-11-04,4.079667091369629,4.472810745239258,2003-10-13,2.5729129314422607,2002-11-20,false,false,251
2003-11-05,4.089334964752197,4.472810745239258,2003-10-13,2.5729129314422607,2002-11-20,false,false,251
2003-11-06,4.092556953430176,4.472810745239258,2003-10-13,2.5729129314422607,2002-11-20,false,false,251
2003-11-07,4.108669757843018,4.472810745239258,2003-10-13,2.5729129314422607,2002-11-20,false,false,251
2003-11-10,4.092556953430176,4.472810745239258,2003-10-13,2.5729129314422607,2002-11-20,false,false,251
2003-11-11,4.089334964752197,4.472810745239258,2003-10-13,2.5729129314422607,2002-11-20,false,false,251
2003-11-12,4.105446815490723,4.472810745239258,2003-10-13,2.5729129314422607,2002-11-20,false,false,251
2003-11-13,4.092556953430176,4.472810745239258,2003-10-13,2.5729129314422607,2002-11-20,false,false,251
2003-11-14,4.079667091369629,4.472810745239258,2003-10-13,2.5729129314422607,2002-11-20,false,false,251
2003-11-17,4.079667091369629,4.472810745239258,2003-10-13,2.5729129314422607,2002-11-20,false,false,251
2003-11-18,4.066776752471924,4.472810745239258,2003-10-13,2.5729129314422607,2002-11-20,false,false,251
2003-11-19,4.105446815490723,4.472810745239258,2003-10-13,2.5729129314422607,2002-11-20,false,false,251
2003-11-20,4.221457481384277,4.472810745239258,2003-10-13,2.5729129314422607,2002-11-20,false,false,251
2003-11-21,4.266571998596191,4.472810745239258,2003-10-13,2.610292911529541,2002-12-05,false,false,251
2003-11-24,4.266571998596191,4.472810745239258,2003-10-13,2.610292911529541,2002-12-05,false,false,251
2003-11-25,4.208565711975098,4.472810745239258,2003-10-13,2.610292911529541,2002-12-05,false,false,251
2003-11-26,4.224678993225098,4.472810745239258,2003-10-13,2.610292911529541,2002-12-05,false,false,251
2003-11-28,4.224678993225098,4.472810745239258,2003-10-13,2.610292911529541,2002-12-05,false,false,251
2003-12-01,4.21823263168335,4.472810745239258,2003-10-13,2.610292911529541,2002-12-05,false,false,251
2003-12-02,4.347133636474609,4.472810745239258,2003-10-13,2.610292911529541,2002-12-05,false,false,251
2003-12-03,4.3245768547058105,4.472810745239258,2003-10-13,2.610292911529541,2002-12-05,false,false,251
2003-12-04,4.26979398727417,4.472810745239258,2003-10-13,2.610292911529541,2002-12-05,false,false,251
2003-12-05,4.253680229187012,4.472810745239258,2003-10-13,2.610292911529541,2002-12-05,false,false,251
2003-12-08,4.256903171539307,4.472810745239258,2003-10-13,2.6134071350097656,2002-12-20,false,false,251
2003-12-09,4.311687469482422,4.472810745239258,2003-10-13,2.6134071350097656,2002-12-20,false,false,251
2003-12-10,4.479255676269531,4.479255676269531,2003-12-10,2.6134071350097656,2002-12-20,true,false,251
2003-12-11,4.337464809417725,4.479255676269531,2003-12-10,2.6134071350097656,2002-12-20,false,false,251
2003-12-12,4.401916980743408,4.479255676269531,2003-12-10,2.6134071350097656,2002-12-20,false,false,251
2003-12-15,4.434140205383301,4.479255676269531,2003-12-10,2.6134071350097656,2002-12-20,false,false,251
2003-12-16,4.3986921310424805,4.479255676269531,2003-12-10,2.6134071350097656,2002-12-20,false,false,251
2003-12-17,4.3986921310424805,4.479255676269531,2003-12-10,2.6134071350097656,2002-12-20,false,false,251
2003-12-18,4.3986921310424805,4.479255676269531,2003-12-10,2.6134071350097656,2002-12-20,false,false,251
2003-12-19,4.382580280303955,4.479255676269531,2003-12-10,2.6134071350097656,2002-12-20,false,false,251
2003-12-22,4.308464050292969,4.479255676269531,2003-12-10,2.6134071350097656,2002-12-20,false,false,251
2003-12-23,4.311687469482422,4.479255676269531,2003-12-10,2.6165220737457275,2003-02-28,false,false,251
2003-12-24,4.3149094581604,4.479255676269531,2003-12-10,2.6165220737457275,2003-02-28,false,false,251
2003-12-26,4.437364101409912,4.479255676269531,2003-12-10,2.6165220737457275,2003-02-28,false,false,251
2003-12-29,4.440585613250732,4.479255676269531,2003-12-10,2.6165220737457275,2003-02-28,false,false,251
2003-12-30,4.443807601928711,4.479255676269531,2003-12-10,2.6165220737457275,2003-02-28,false,false,251
2003-12-31,4.456697463989258,4.479255676269531,2003-12-10,2.6165220737457275,2003-02-28,false,false,251
2004-01-02,4.3986921310424805,4.479255676269531,2003-12-10,2.6165220737457275,2003-02-28,false,false,251
2004-01-05,4.3986921310424805,4.479255676269531,2003-12-10,2.6165220737457275,2003-02-28,false,false,251
2004-01-06,4.366468906402588,4.479255676269531,2003-12-10,2.6165220737457275,2003-02-28,false,false,251
2004-01-07,4.39224910736084,4.479255676269531,2003-12-10,2.6165220737457275,2003-02-28,false,false,251
2004-01-08,4.321352958679199,4.479255676269531,2003-12-10,2.6165220737457275,2003-02-28,false,false,251
2004-01-09,4.379356861114502,4.479255676269531,2003-12-10,2.6165220737457275,2003-02-28,false,false,251
2004-01-12,4.3245768547058105,4.479255676269531,2003-12-10,2.6165220737457275,2003-02-28,false,false,251
2004-01-13,4.3342437744140625,4.479255676269531,2003-12-10,2.6165220737457275,2003-02-28,false,false,251
2004-01-14,4.26979398727417,4.479255676269531,2003-12-10,2.6165220737457275,2003-02-28,false,false,251
2004-01-15,4.302017688751221,4.479255676269531,2003-12-10,2.6165220737457275,2003-02-28,false,false,251
2004-01-16,4.276239395141602,4.479255676269531,2003-12-10,2.6165220737457275,2003-02-28,false,false,251
2004-01-20,4.224678993225098,4.479255676269531,2003-12-10,2.6165220737457275,2003-02-28,false,false,251
2004-01-21,4.221457481384277,4.479255676269531,2003-12-10,2.6165220737457275,2003-02-28,false,false,251
2004-01-22,4.279461860656738,4.479255676269531,2003-12-10,2.6165220737457275,2003-02-28,false,false,251
2004-01-23,4.244014739990234,4.479255676269531,2003-12-10,2.6165220737457275,2003-02-28,false,false,251
2004-01-26,4.1731181144714355,4.479255676269531,2003-12-10,2.6165220737457275,2003-02-28,false,false,251
2004-01-27,4.131226539611816,4.479255676269531,2003-12-10,2.6165220737457275,2003-02-28,false,false,251
2004-01-28,4.118337154388428,4.479255676269531,2003-12-10,2.6165220737457275,2003-02-28,false,false,251
2004-01-29,4.108669757843018,4.479255676269531,2003-12-10,2.6165220737457275,2003-02-28,false,false,251
2004-01-30,4.053888320922852,4.479255676269531,2003-12-10,2.6165220737457275,2003-02-28,false,false,251
2004-02-02,4.008772850036621,4.479255676269531,2003-12-10,2.6165220737457275,2003-02-28,false,false,251
2004-02-03,3.963658571243286,4.479255676269531,2003-12-10,2.6165220737457275,2003-02-28,false,false,251
2004-02-04,4.002326965332031,4.479255676269531,2003-12-10,2.6165220737457275,2003-02-28,false,false,251
2004-02-05,3.9958817958831787,4.479255676269531,2003-12-10,2.6165220737457275,2003-02-28,false,false,251
2004-02-06,3.9926605224609375,4.479255676269531,2003-12-10,2.6165220737457275,2003-02-28,false,false,251
2004-02-09,3.966881036758423,4.479255676269531,2003-12-10,2.6165220737457275,2003-02-28,false,false,251
2004-02-10,3.9314334392547607,4.479255676269531,2003-12-10,2.6165220737457275,2003-02-28,false,false,251
2004-02-11,3.9797699451446533,4.479255676269531,2003-12-10,2.6165220737457275,2003-02-28,false,false,251
2004-02-12,3.973325252532959,4.479255676269531,2003-12-10,2.6165220737457275,2003-02-28,false,false,251
2004-02-13,3.963658571243286,4.479255676269531,2003-12-10,2.6165220737457275,2003-02-28,false,false,251
2004-02-17,3.802534580230713,4.479255676269531,2003-12-10,2.6165220737457275,2003-02-28,false,false,251
2004-02-18,3.863760471343994,4.479255676269531,2003-12-10,2.6165220737457275,2003-02-28,false,false,251
2004-02-19,3.837980270385742,4.479255676269531,2003-12-10,2.6165220737457275,2003-02-28,false,false,251
2004-02-20,3.828312397003174,4.479255676269531,2003-12-10,2.6165220737457275,2003-02-28,false,false,251
2004-02-23,3.808978319168091,4.479255676269531,2003-12-10,2.6165220737457275,2003-02-28,false,false,251
2004-02-24,3.7574188709259033,4.479255676269531,2003-12-10,2.6165220737457275,2003-02-28,false,false,251
2004-02-25,3.8154234886169434,4.479255676269531,2003-12-10,2.6165220737457275,2003-02-28,false,false,251
2004-02-26,3.799309730529785,4.479255676269531,2003-12-10,2.6165220737457275,2003-02-28,false,false,251
2004-02-27,3.783198833465576,4.479255676269531,2003-12-10,2.6165220737457275,2003-02-28,false,false,251
2004-03-01,3.738083600997925,4.479255676269531,2003-12-10,2.6165220737457275,2003-02-28,false,false,251
2004-03-02,3.873427391052246,4.479255676269531,2003-12-10,2.7722675800323486,2003-03-13,false,false,251
2004-03-03,3.866983413696289,4.479255676269531,2003-12-10,2.7722675800323486,2003-03-13,false,false,251
2004-03-04,3.9314334392547607,4.479255676269531,2003-12-10,2.7722675800323486,2003-03-13,false,false,251
2004-03-05,3.9926605224609375,4.479255676269531,2003-12-10,2.7722675800323486,2003-03-13,false,false,251
2004-03-08,3.9249866008758545,4.479255676269531,2003-12-10,2.7722675800323486,2003-03-13,false,false,251
2004-03-09,3.973325252532959,4.479255676269531,2003-12-10,2.7722675800323486,2003-03-13,false,false,251
2004-03-10,3.9829931259155273,4.479255676269531,2003-12-10,2.7722675800323486,2003-03-13,false,false,251
2004-03-11,3.9797699451446533,4.479255676269531,2003-12-10,2.7722675800323486,2003-03-13,false,false,251
2004-03-12,3.973325252532959,4.479255676269531,2003-12-10,2.7722675800323486,2003-03-13,false,false,251
2004-03-15,3.9604344367980957,4.479255676269531,2003-12-10,2.787841796875,2003-03-18,false,false,251
2004-03-16,4.002326965332031,4.479255676269531,2003-12-10,2.787841796875,2003-03-18,false,false,251
2004-03-17,4.0184407234191895,4.479255676269531,2003-12-10,2.787841796875,2003-03-18,false,false,251
2004-03-18,3.9185421466827393,4.479255676269531,2003-12-10,2.8034160137176514,2003-03-20,false,false,251
2004-03-19,3.9185421466827393,4.479255676269531,2003-12-10,2.8034160137176514,2003-03-20,false,false,251
2004-03-22,3.8766489028930664,4.479255676269531,2003-12-10,2.8345654010772705,2003-03-25,false,false,251
2004-03-23,3.866983413696289,4.479255676269531,2003-12-10,2.8345654010772705,2003-03-25,false,false,251
2004-03-24,3.798280715942383,4.479255676269531,2003-12-10,2.8345654010772705,2003-03-25,false,false,251
2004-03-25,3.8767988681793213,4.479255676269531,2003-12-10,2.869520664215088,2003-04-02,false,false,251
2004-03-26,3.860438823699951,4.479255676269531,2003-12-10,2.869520664215088,2003-04-02,false,false,251
2004-03-29,3.9258720874786377,4.479255676269531,2003-12-10,2.869520664215088,2003-04-02,false,false,251
2004-03-30,3.9225995540618896,4.479255676269531,2003-12-10,2.869520664215088,2003-04-02,false,false,251
2004-03-31,3.8964271545410156,4.479255676269531,2003-12-10,2.869520664215088,2003-04-02,false,false,251
2004-04-01,3.971673011779785,4.479255676269531,2003-12-10,2.869520664215088,2003-04-02,false,false,251
2004-04-02,4.007660388946533,4.479255676269531,2003-12-10,2.955320119857788,2003-04-09,false,false,251
2004-04-05,4.037105560302734,4.479255676269531,2003-12-10,2.955320119857788,2003-04-09,false,false,251
2004-04-06,3.9356849193573,4.479255676269531,2003-12-10,2.955320119857788,2003-04-09,false,false,251
2004-04-07,3.929142475128174,4.479255676269531,2003-12-10,2.955320119857788,2003-04-09,false,false,251
2004-04-08,3.971673011779785,4.479255676269531,2003-12-10,2.955320119857788,2003-04-09,false,false,251
2004-04-12,4.073091506958008,4.479255676269531,2003-12-10,3.0824317932128906,2003-04-14,false,false,250
2004-04-13,3.938957452774048,4.479255676269531,2003-12-10,3.0824317932128906,2003-04-14,false,false,250
2004-04-14,3.9585869312286377,4.479255676269531,2003-12-10,3.0887856483459473,2003-05-05,false,false,250
2004-04-15,3.9454989433288574,4.479255676269531,2003-12-10,3.0887856483459473,2003-05-05,false,false,250
2004-04-16,3.9880306720733643,4.479255676269531,2003-12-10,3.0887856483459473,2003-05-05,false,false,250
2004-04-19,3.9095139503479004,4.479255676269531,2003-12-10,3.0887856483459473,2003-05-05,false,false,251
2004-04-20,3.893155813217163,4.479255676269531,2003-12-10,3.0887856483459473,2003-05-05,false,false,251
2004-04-21,3.9095139503479004,4.479255676269531,2003-12-10,3.0887856483459473,2003-05-05,false,false,251
2004-04-22,3.929142475128174,4.479255676269531,2003-12-10,3.0887856483459473,2003-05-05,false,false,251
2004-04-23,3.9454989433288574,4.479255676269531,2003-12-10,3.0887856483459473,2003-05-05,false,false,251
2004-04-26,3.9487717151641846,4.479255676269531,2003-12-10,3.0887856483459473,2003-05-05,false,false,251
2004-04-27,3.952043294906616,4.479255676269531,2003-12-10,3.0887856483459473,2003-05-05,false,false,251
2004-04-28,3.9356849193573,4.479255676269531,2003-12-10,3.0887856483459473,2003-05-05,false,false,251
2004-04-29,3.9585869312286377,4.479255676269531,2003-12-10,3.0887856483459473,2003-05-05,false,false,251
2004-04-30,3.9553160667419434,4.479255676269531,2003-12-10,3.0887856483459473,2003-05-05,false,false,251
2004-05-03,3.9258720874786377,4.479255676269531,2003-12-10,3.0887856483459473,2003-05-05,false,false,251
2004-05-04,3.9324135780334473,4.479255676269531,2003-12-10,3.0887856483459473,2003-05-05,false,false,251
2004-05-05,3.9422287940979004,4.479255676269531,2003-12-10,3.1237423419952393,2003-05-22,false,false,251
2004-05-06,3.938957452774048,4.479255676269531,2003-12-10,3.1237423419952393,2003-05-22,false,false,251
2004-05-07,3.902968406677246,4.479255676269531,2003-12-10,3.1237423419952393,2003-05-22,false,false,251
2004-05-10,3.912785530090332,4.479255676269531,2003-12-10,3.1237423419952393,2003-05-22,false,false,251
2004-05-11,3.9487717151641846,4.479255676269531,2003-12-10,3.1237423419952393,2003-05-22,false,false,251
2004-05-12,3.9258720874786377,4.479255676269531,2003-12-10,3.1237423419952393,2003-05-22,false,false,251
2004-05-13,3.938957452774048,4.479255676269531,2003-12-10,3.1237423419952393,2003-05-22,false,false,251
2004-05-14,3.9258720874786377,4.479255676269531,2003-12-10,3.1237423419952393,2003-05-22,false,false,251
2004-05-17,3.938957452774048,4.479255676269531,2003-12-10,3.1237423419952393,2003-05-22,false,false,251
2004-05-18,3.929142475128174,4.479255676269531,2003-12-10,3.1237423419952393,2003-05-22,false,false,251
2004-05-19,3.929142475128174,4.479255676269531,2003-12-10,3.1237423419952393,2003-05-22,false,false,251
2004-05-20,3.9258720874786377,4.479255676269531,2003-12-10,3.1237423419952393,2003-05-22,false,false,251
2004-05-21,3.929142475128174,4.479255676269531,2003-12-10,3.1237423419952393,2003-05-22,false,false,251
2004-05-24,3.9324135780334473,4.479255676269531,2003-12-10,3.161875009536743,2003-06-30,false,false,251
2004-05-25,3.9258720874786377,4.479255676269531,2003-12-10,3.161875009536743,2003-06-30,false,false,252
2004-05-26,3.9324135780334473,4.479255676269531,2003-12-10,3.161875009536743,2003-06-30,false,false,252
2004-05-27,3.9324135780334473,4.479255676269531,2003-12-10,3.161875009536743,2003-06-30,false,false,252
2004-05-28,3.938957452774048,4.479255676269531,2003-12-10,3.161875009536743,2003-06-30,false,false,252
2004-06-01,3.929142475128174,4.479255676269531,2003-12-10,3.161875009536743,2003-06-30,false,false,251
2004-06-02,3.9258720874786377,4.479255676269531,2003-12-10,3.161875009536743,2003-06-30,false,false,251
2004-06-03,3.929142475128174,4.479255676269531,2003-12-10,3.161875009536743,2003-06-30,false,false,251
2004-06-04,3.9258720874786377,4.479255676269531,2003-12-10,3.161875009536743,2003-06-30,false,false,251
2004-06-07,3.929142475128174,4.479255676269531,2003-12-10,3.161875009536743,2003-06-30,false,false,251
2004-06-08,3.9422287940979004,4.479255676269531,2003-12-10,3.161875009536743,2003-06-30,false,false,251
2004-06-09,3.929142475128174,4.479255676269531,2003-12-10,3.161875009536743,2003-06-30,false,false,251
2004-06-10,3.9258720874786377,4.479255676269531,2003-12-10,3.161875009536743,2003-06-30,false,false,251
2004-06-14,3.9225995540618896,4.479255676269531,2003-12-10,3.161875009536743,2003-06-30,false,false,250
2004-06-15,3.8964271545410156,4.479255676269531,2003-12-10,3.161875009536743,2003-06-30,false,false,250
2004-06-16,3.9454989433288574,4.479255676269531,2003-12-10,3.161875009536743,2003-06-30,false,false,250
2004-06-17,3.9160568714141846,4.479255676269531,2003-12-10,3.161875009536743,2003-06-30,false,false,250
2004-06-18,3.929142475128174,4.479255676269531,2003-12-10,3.161875009536743,2003-06-30,false,false,250
2004-06-21,3.9160568714141846,4.479255676269531,2003-12-10,3.161875009536743,2003-06-30,false,false,250
2004-06-22,3.8767988681793213,4.479255676269531,2003-12-10,3.161875009536743,2003-06-30,false,false,250
2004-06-23,3.9225995540618896,4.479255676269531,2003-12-10,3.161875009536743,2003-06-30,false,false,250
2004-06-24,3.8637125492095947,4.479255676269531,2003-12-10,3.161875009536743,2003-06-30,false,false,250
2004-06-25,3.8767988681793213,4.479255676269531,2003-12-10,3.161875009536743,2003-06-30,false,false,250
2004-06-28,3.8866119384765625,4.479255676269531,2003-12-10,3.161875009536743,2003-06-30,false,false,250
2004-06-29,3.893155813217163,4.479255676269531,2003-12-10,3.161875009536743,2003-06-30,false,false,250
2004-06-30,3.919327974319458,4.479255676269531,2003-12-10,3.2667407989501953,2003-07-22,false,false,250
2004-07-01,3.9225995540618896,4.479255676269531,2003-12-10,3.2667407989501953,2003-07-22,false,false,250
2004-07-02,3.9225995540618896,4.479255676269531,2003-12-10,3.2667407989501953,2003-07-22,false,false,250
2004-07-06,3.9258720874786377,4.479255676269531,2003-12-10,3.2667407989501953,2003-07-22,false,false,250
2004-07-07,3.8996965885162354,4.479255676269531,2003-12-10,3.2667407989501953,2003-07-22,false,false,250
2004-07-08,3.8637125492095947,4.479255676269531,2003-12-10,3.2667407989501953,2003-07-22,false,false,250
2004-07-09,3.889883279800415,4.479255676269531,2003-12-10,3.2667407989501953,2003-07-22,false,false,250
2004-07-12,3.893155813217163,4.479255676269531,2003-12-10,3.2667407989501953,2003-07-22,false,false,250
2004-07-13,3.9225995540618896,4.479255676269531,2003-12-10,3.2667407989501953,2003-07-22,false,false,250
2004-07-14,3.889883279800415,4.479255676269531,2003-12-10,3.2667407989501953,2003-07-22,false,false,250
2004-07-15,3.9062416553497314,4.479255676269531,2003-12-10,3.2667407989501953,2003-07-22,false,false,250
2004-07-16,3.8637125492095947,4.479255676269531,2003-12-10,3.2667407989501953,2003-07-22,false,false,250
2004-07-19,3.8473551273345947,4.479255676269531,2003-12-10,3.2667407989501953,2003-07-22,false,false,250
2004-07-20,3.8440816402435303,4.479255676269531,2003-12-10,3.2667407989501953,2003-07-22,false,false,250
2004-07-21,3.8440816402435303,4.479255676269531,2003-12-10,3.2667407989501953,2003-07-22,false,false,250
2004-07-22,3.8473551273345947,4.479255676269531,2003-12-10,3.3144078254699707,2003-07-24,false,false,250
2004-07-23,3.8440816402435303,4.479255676269531,2003-12-10,3.3144078254699707,2003-07-24,false,false,250
2004-07-26,3.9258720874786377,4.479255676269531,2003-12-10,3.3366525173187256,2003-07-28,false,false,250
2004-07-27,3.938957452774048,4.479255676269531,2003-12-10,3.3366525173187256,2003-07-28,false,false,250
2004-07-28,3.9095139503479004,4.479255676269531,2003-12-10,3.352541208267212,2003-07-30,false,false,250
2004-07-29,3.9258720874786377,4.479255676269531,2003-12-10,3.352541208267212,2003-07-30,false,false,250
2004-07-30,3.9258720874786377,4.479255676269531,2003-12-10,3.4002063274383545,2003-08-04,false,false,250
2004-08-02,3.880068778991699,4.479255676269531,2003-12-10,3.4002063274383545,2003-08-04,false,false,250
2004-08-03,3.9095139503479004,4.479255676269531,2003-12-10,3.4002063274383545,2003-08-04,false,false,250
2004-08-04,3.9095139503479004,4.479255676269531,2003-12-10,3.4510509967803955,2003-08-06,false,false,250
2004-08-05,3.919327974319458,4.479255676269531,2003-12-10,3.4510509967803955,2003-08-06,false,false,250
2004-08-06,3.860438823699951,4.479255676269531,2003-12-10,3.5686287879943848,2003-08-12,false,false,250
2004-08-09,3.88334059715271,4.479255676269531,2003-12-10,3.5686287879943848,2003-08-12,false,false,250
2004-08-10,3.853895902633667,4.479255676269531,2003-12-10,3.5686287879943848,2003-08-12,false,false,250
2004-08-11,3.8767988681793213,4.479255676269531,2003-12-10,3.5686287879943848,2003-08-12,false,false,250
2004-08-12,3.853895902633667,4.479255676269531,2003-12-10,3.654428243637085,2003-08-15,false,false,250
2004-08-13,3.8342678546905518,4.479255676269531,2003-12-10,3.654428243637085,2003-08-15,false,false,250
2004-08-16,3.811366081237793,4.479255676269531,2003-12-10,3.654428243637085,2003-08-15,false,false,250
2004-08-17,3.811366081237793,4.479255676269531,2003-12-10,3.695739984512329,2003-08-19,false,false,250
2004-08-18,3.8080952167510986,4.479255676269531,2003-12-10,3.695739984512329,2003-08-19,false,false,250
2004-08-19,3.840811252593994,4.479255676269531,2003-12-10,3.738083600997925,2004-03-01,false,false,250
2004-08-20,3.889883279800415,4.479255676269531,2003-12-10,3.738083600997925,2004-03-01,false,false,250
2004-08-23,3.889883279800415,4.479255676269531,2003-12-10,3.738083600997925,2004-03-01,false,false,250
2004-08-24,3.893155813217163,4.479255676269531,2003-12-10,3.738083600997925,2004-03-01,false,false,250
2004-08-25,3.9062416553497314,4.479255676269531,2003-12-10,3.738083600997925,2004-03-01,false,false,250
2004-08-26,3.9422287940979004,4.479255676269531,2003-12-10,3.738083600997925,2004-03-01,false,false,250
2004-08-27,3.9258720874786377,4.479255676269531,2003-12-10,3.738083600997925,2004-03-01,false,false,250
2004-08-30,3.8964271545410156,4.479255676269531,2003-12-10,3.738083600997925,2004-03-01,false,false,250
2004-08-31,3.9160568714141846,4.479255676269531,2003-12-10,3.738083600997925,2004-03-01,false,false,251
2004-09-01,3.9258720874786377,4.479255676269531,2003-12-10,3.738083600997925,2004-03-01,false,false,251
2004-09-02,3.9258720874786377,4.479255676269531,2003-12-10,3.738083600997925,2004-03-01,false,false,251
2004-09-03,3.9258720874786377,4.479255676269531,2003-12-10,3.738083600997925,2004-03-01,false,false,251
2004-09-07,3.9095139503479004,4.479255676269531,2003-12-10,3.738083600997925,2004-03-01,false,false,250
2004-09-08,3.8767988681793213,4.479255676269531,2003-12-10,3.738083600997925,2004-03-01,false,false,250
2004-09-09,3.9258720874786377,4.479255676269531,2003-12-10,3.738083600997925,2004-03-01,false,false,250
2004-09-10,3.9258720874786377,4.479255676269531,2003-12-10,3.738083600997925,2004-03-01,false,false,250
2004-09-13,3.9324135780334473,4.479255676269531,2003-12-10,3.738083600997925,2004-03-01,false,false,250
2004-09-14,3.9258720874786377,4.479255676269531,2003-12-10,3.738083600997925,2004-03-01,false,false,250
2004-09-15,3.8735275268554688,4.479255676269531,2003-12-10,3.738083600997925,2004-03-01,false,false,250
2004-09-16,3.8637125492095947,4.479255676269531,2003-12-10,3.738083600997925,2004-03-01,false,false,250
2004-09-17,3.8637125492095947,4.479255676269531,2003-12-10,3.738083600997925,2004-03-01,false,false,250
2004-09-20,3.8637125492095947,4.479255676269531,2003-12-10,3.738083600997925,2004-03-01,false,false,250
2004-09-21,3.9258720874786377,4.479255676269531,2003-12-10,3.738083600997925,2004-03-01,false,false,250
2004-09-22,3.959084987640381,4.479255676269531,2003-12-10,3.738083600997925,2004-03-01,false,false,250
2004-09-23,3.9856553077697754,4.479255676269531,2003-12-10,3.738083600997925,2004-03-01,false,false,250
2004-09-24,3.9524412155151367,4.479255676269531,2003-12-10,3.738083600997925,2004-03-01,false,false,250
2004-09-27,3.9291930198669434,4.479255676269531,2003-12-10,3.738083600997925,2004-03-01,false,false,250
2004-09-28,3.9491217136383057,4.479255676269531,2003-12-10,3.738083600997925,2004-03-01,false,false,250
2004-09-29,3.9657275676727295,4.479255676269531,2003-12-10,3.738083600997925,2004-03-01,false,false,250
2004-09-30,3.969048500061035,4.479255676269531,2003-12-10,3.738083600997925,2004-03-01,false,false,250
2004-10-01,3.9657275676727295,4.479255676269531,2003-12-10,3.738083600997925,2004-03-01,false,false,250
2004-10-04,3.9657275676727295,4.479255676269531,2003-12-10,3.738083600997925,2004-03-01,false,false,250
2004-10-05,3.9524412155151367,4.479255676269531,2003-12-10,3.738083600997925,2004-03-01,false,false,250
2004-10-06,3.9856553077697754,4.479255676269531,2003-12-10,3.738083600997925,2004-03-01,false,false,250
2004-10-07,3.9989407062530518,4.479255676269531,2003-12-10,3.738083600997925,2004-03-01,false,false,250
2004-10-08,4.068690299987793,4.479255676269531,2003-12-10,3.738083600997925,2004-03-01,false,false,250
2004-10-11,4.048763275146484,4.479255676269531,2003-12-10,3.738083600997925,2004-03-01,false,false,250
2004-10-12,3.988978385925293,4.479255676269531,2003-12-10,3.738083600997925,2004-03-01,false,false,250
2004-10-13,3.9856553077697754,4.479255676269531,2003-12-10,3.738083600997925,2004-03-01,false,false,250
2004-10-14,3.9856553077697754,4.479255676269531,2003-12-10,3.738083600997925,2004-03-01,false,false,250
2004-10-15,3.995619058609009,4.479255676269531,2003-12-10,3.738083600997925,2004-03-01,false,false,250
2004-10-18,3.9856553077697754,4.479255676269531,2003-12-10,3.738083600997925,2004-03-01,false,false,250
2004-10-19,3.9856553077697754,4.479255676269531,2003-12-10,3.738083600997925,2004-03-01,false,false,250
2004-10-20,3.9557652473449707,4.479255676269531,2003-12-10,3.738083600997925,2004-03-01,false,false,250
2004-10-21,3.9790124893188477,4.479255676269531,2003-12-10,3.738083600997925,2004-03-01,false,false,250
2004-10-22,3.9856553077697754,4.479255676269531,2003-12-10,3.738083600997925,2004-03-01,false,false,250
2004-10-25,3.8893375396728516,4.479255676269531,2003-12-10,3.738083600997925,2004-03-01,false,false,250
2004-10-26,3.9524412155151367,4.479255676269531,2003-12-10,3.738083600997925,2004-03-01,false,false,250
2004-10-27,4.002263069152832,4.479255676269531,2003-12-10,3.738083600997925,2004-03-01,false,false,250
2004-10-28,4.002263069152832,4.479255676269531,2003-12-10,3.738083600997925,2004-03-01,false,false,250
2004-10-29,4.002263069152832,4.479255676269531,2003-12-10,3.738083600997925,2004-03-01,false,false,250
2004-11-01,4.022191047668457,4.479255676269531,2003-12-10,3.738083600997925,2004-03-01,false,false,250
2004-11-02,3.9225494861602783,4.479255676269531,2003-12-10,3.738083600997925,2004-03-01,false,false,250
2004-11-03,3.9856553077697754,4.479255676269531,2003-12-10,3.738083600997925,2004-03-01,false,false,250
2004-11-04,3.969048500061035,4.479255676269531,2003-12-10,3.738083600997925,2004-03-01,false,false,250
2004-11-05,3.9624063968658447,4.479255676269531,2003-12-10,3.738083600997925,2004-03-01,false,false,250
2004-11-08,3.969048500061035,4.479255676269531,2003-12-10,3.738083600997925,2004-03-01,false,false,250
2004-11-09,3.9657275676727295,4.479255676269531,2003-12-10,3.738083600997925,2004-03-01,false,false,250
2004-11-10,3.9657275676727295,4.479255676269531,2003-12-10,3.738083600997925,2004-03-01,false,false,250
2004-11-11,3.9856553077697754,4.479255676269531,2003-12-10,3.738083600997925,2004-03-01,false,false,250
2004-11-12,3.9856553077697754,4.479255676269531,2003-12-10,3.738083600997925,2004-03-01,false,false,250
2004-11-15,3.9457974433898926,4.479255676269531,2003-12-10,3.738083600997925,2004-03-01,false,false,250
2004-11-16,3.992299795150757,4.479255676269531,2003-12-10,3.738083600997925,2004-03-01,false,false,250
2004-11-17,3.9823343753814697,4.479255676269531,2003-12-10,3.738083600997925,2004-03-01,false,false,250
2004-11-18,3.9358346462249756,4.479255676269531,2003-12-10,3.738083600997925,2004-03-01,false,false,250
2004-11-19,3.9358346462249756,4.479255676269531,2003-12-10,3.738083600997925,2004-03-01,false,false,250
2004-11-22,3.9457974433898926,4.479255676269531,2003-12-10,3.738083600997925,2004-03-01,false,false,250
2004-11-23,3.9457974433898926,4.479255676269531,2003-12-10,3.738083600997925,2004-03-01,false,false,250
2004-11-24,3.9856553077697754,4.479255676269531,2003-12-10,3.738083600997925,2004-03-01,false,false,250
2004-11-26,3.9856553077697754,4.479255676269531,2003-12-10,3.738083600997925,2004-03-01,false,false,250
2004-11-29,3.988978385925293,4.479255676269531,2003-12-10,3.738083600997925,2004-03-01,false,false,250
2004-11-30,3.9358346462249756,4.479255676269531,2003-12-10,3.738083600997925,2004-03-01,false,false,250
2004-12-01,3.9358346462249756,4.479255676269531,2003-12-10,3.738083600997925,2004-03-01,false,false,250
2004-12-02,3.9624063968658447,4.479255676269531,2003-12-10,3.738083600997925,2004-03-01,false,false,250
2004-12-03,3.9823343753814697,4.479255676269531,2003-12-10,3.738083600997925,2004-03-01,false,false,250
2004-12-06,3.975691556930542,4.479255676269531,2003-12-10,3.738083600997925,2004-03-01,false,false,250
2004-12-07,3.942478895187378,4.479255676269531,2003-12-10,3.738083600997925,2004-03-01,false,false,250
2004-12-08,3.9358346462249756,4.479255676269531,2003-12-10,3.738083600997925,2004-03-01,false,false,250
2004-12-09,3.9989407062530518,4.479255676269531,2003-12-10,3.738083600997925,2004-03-01,false,false,250
2004-12-10,3.9391565322875977,4.456697463989258,2003-12-31,3.738083600997925,2004-03-01,false,false,250
2004-12-13,3.9358346462249756,4.456697463989258,2003-12-31,3.738083600997925,2004-03-01,false,false,250
2004-12-14,3.9391565322875977,4.456697463989258,2003-12-31,3.738083600997925,2004-03-01,false,false,250
2004-12-15,3.9823343753814697,4.456697463989258,2003-12-31,3.738083600997925,2004-03-01,false,false,250
2004-12-16,3.995619058609009,4.456697463989258,2003-12-31,3.738083600997925,2004-03-01,false,false,250
2004-12-17,3.9856553077697754,4.456697463989258,2003-12-31,3.738083600997925,2004-03-01,false,false,250
2004-12-20,3.9391565322875977,4.456697463989258,2003-12-31,3.738083600997925,2004-03-01,false,false,250
2004-12-21,3.9358346462249756,4.456697463989258,2003-12-31,3.738083600997925,2004-03-01,false,false,250
2004-12-22,3.969048500061035,4.456697463989258,2003-12-31,3.738083600997925,2004-03-01,false,false,250
2004-12-23,3.969048500061035,4.456697463989258,2003-12-31,3.738083600997925,2004-03-01,false,false,250
2004-12-27,3.9192276000976562,4.456697463989258,2003-12-31,3.738083600997925,2004-03-01,false,false,250
2004-12-28,3.9358346462249756,4.456697463989258,2003-12-31,3.738083600997925,2004-03-01,false,false,250
2004-12-29,3.899301052093506,4.456697463989258,2003-12-31,3.738083600997925,2004-03-01,false,false,250
2004-12-30,3.9491217136383057,4.456697463989258,2003-12-31,3.738083600997925,2004-03-01,false,false,250
2004-12-31,3.932513952255249,4.3986921310424805,2004-01-05,3.738083600997925,2004-03-01,false,false,251
2005-01-03,3.9225494861602783,4.3986921310424805,2004-01-05,3.738083600997925,2004-03-01,false,false,251
2005-01-04,3.9225494861602783,4.3986921310424805,2004-01-05,3.738083600997925,2004-03-01,false,false,251
2005-01-05,3.9491217136383057,4.39224910736084,2004-01-07,3.738083600997925,2004-03-01,false,false,251
2005-01-06,3.9358346462249756,4.39224910736084,2004-01-07,3.738083600997925,2004-03-01,false,false,251
2005-01-07,3.9026215076446533,4.379356861114502,2004-01-09,3.738083600997925,2004-03-01,false,false,251
2005-01-10,3.9823343753814697,4.379356861114502,2004-01-09,3.738083600997925,2004-03-01,false,false,251
2005-01-11,3.9358346462249756,4.3342437744140625,2004-01-13,3.738083600997925,2004-03-01,false,false,251
2005-01-12,3.8893375396728516,4.3342437744140625,2004-01-13,3.738083600997925,2004-03-01,false,false,251
2005-01-13,3.8760502338409424,4.302017688751221,2004-01-15,3.738083600997925,2004-03-01,false,false,251
2005-01-14,3.9026215076446533,4.302017688751221,2004-01-15,3.738083600997925,2004-03-01,false,false,251
2005-01-18,3.9026215076446533,4.279461860656738,2004-01-22,3.738083600997925,2004-03-01,false,false,251
2005-01-19,3.9026215076446533,4.279461860656738,2004-01-22,3.738083600997925,2004-03-01,false,false,251
2005-01-20,3.9125845432281494,4.279461860656738,2004-01-22,3.738083600997925,2004-03-01,false,false,251
2005-01-21,3.8694076538085938,4.279461860656738,2004-01-22,3.738083600997925,2004-03-01,false,false,251
2005-01-24,3.9026215076446533,4.1731181144714355,2004-01-26,3.738083600997925,2004-03-01,false,false,251
2005-01-25,3.899301052093506,4.1731181144714355,2004-01-26,3.738083600997925,2004-03-01,false,false,251
2005-01-26,3.9026215076446533,4.118337154388428,2004-01-28,3.738083600997925,2004-03-01,false,false,251
2005-01-27,3.9026215076446533,4.118337154388428,2004-01-28,3.738083600997925,2004-03-01,false,false,251
2005-01-28,3.9358346462249756,4.073091506958008,2004-04-12,3.738083600997925,2004-03-01,false,false,251
2005-01-31,3.905942440032959,4.073091506958008,2004-04-12,3.738083600997925,2004-03-01,false,false,251
2005-02-01,3.8893375396728516,4.073091506958008,2004-04-12,3.738083600997925,2004-03-01,false,false,251
2005-02-02,3.9026215076446533,4.073091506958008,2004-04-12,3.738083600997925,2004-03-01,false,false,251
2005-02-03,3.9026215076446533,4.073091506958008,2004-04-12,3.738083600997925,2004-03-01,false,false,251
2005-02-04,3.9225494861602783,4.073091506958008,2004-04-12,3.738083600997925,2004-03-01,false,false,251
2005-02-07,3.9258711338043213,4.073091506958008,2004-04-12,3.738083600997925,2004-03-01,false,false,251
2005-02-08,3.9225494861602783,4.073091506958008,2004-04-12,3.738083600997925,2004-03-01,false,false,251
2005-02-09,3.9524412155151367,4.073091506958008,2004-04-12,3.738083600997925,2004-03-01,false,false,251
2005-02-10,3.9358346462249756,4.073091506958008,2004-04-12,3.738083600997925,2004-03-01,false,false,251
2005-02-11,3.9823343753814697,4.073091506958008,2004-04-12,3.738083600997925,2004-03-01,false,false,251
2005-02-14,4.012226581573486,4.073091506958008,2004-04-12,3.738083600997925,2004-03-01,false,false,251
2005-02-15,3.9790124893188477,4.073091506958008,2004-04-12,3.738083600997925,2004-03-01,false,false,252
2005-02-16,3.969048500061035,4.073091506958008,2004-04-12,3.738083600997925,2004-03-01,false,false,252
2005-02-17,3.9856553077697754,4.073091506958008,2004-04-12,3.738083600997925,2004-03-01,false,false,252
2005-02-18,3.988978385925293,4.073091506958008,2004-04-12,3.738083600997925,2004-03-01,false,false,252
2005-02-22,3.9524412155151367,4.073091506958008,2004-04-12,3.738083600997925,2004-03-01,false,false,251
2005-02-23,3.9856553077697754,4.073091506958008,2004-04-12,3.738083600997925,2004-03-01,false,false,251
2005-02-24,3.995619058609009,4.073091506958008,2004-04-12,3.738083600997925,2004-03-01,false,false,251
2005-02-25,3.9989407062530518,4.073091506958008,2004-04-12,3.738083600997925,2004-03-01,false,false,251
2005-02-28,4.002263069152832,4.073091506958008,2004-04-12,3.738083600997925,2004-03-01,false,false,251
2005-03-01,3.969048500061035,4.073091506958008,2004-04-12,3.738083600997925,2004-03-01,false,false,251
2005-03-02,3.969048500061035,4.073091506958008,2004-04-12,3.798280715942383,2004-03-24,false,false,251
2005-03-03,3.969048500061035,4.073091506958008,2004-04-12,3.798280715942383,2004-03-24,false,false,251
2005-03-04,3.969048500061035,4.073091506958008,2004-04-12,3.798280715942383,2004-03-24,false,false,251
2005-03-07,3.9856553077697754,4.073091506958008,2004-04-12,3.798280715942383,2004-03-24,false,false,251
2005-03-08,3.9657275676727295,4.073091506958008,2004-04-12,3.798280715942383,2004-03-24,false,false,251
2005-03-09,3.9856553077697754,4.073091506958008,2004-04-12,3.798280715942383,2004-03-24,false,false,251
2005-03-10,3.9856553077697754,4.073091506958008,2004-04-12,3.798280715942383,2004-03-24,false,false,251
2005-03-11,4.035476207733154,4.073091506958008,2004-04-12,3.798280715942383,2004-03-24,false,false,251
2005-03-14,4.028832912445068,4.073091506958008,2004-04-12,3.798280715942383,2004-03-24,false,false,251
2005-03-15,3.9856553077697754,4.073091506958008,2004-04-12,3.798280715942383,2004-03-24,false,false,251
2005-03-16,3.995619058609009,4.073091506958008,2004-04-12,3.798280715942383,2004-03-24,false,false,251
2005-03-17,3.9989407062530518,4.073091506958008,2004-04-12,3.798280715942383,2004-03-24,false,false,251
2005-03-18,3.9856553077697754,4.073091506958008,2004-04-12,3.798280715942383,2004-03-24,false,false,251
2005-03-21,3.992299795150757,4.073091506958008,2004-04-12,3.798280715942383,2004-03-24,false,false,251
2005-03-22,4.059735298156738,4.073091506958008,2004-04-12,3.798280715942383,2004-03-24,false,false,251
2005-03-23,3.985555648803711,4.073091506958008,2004-04-12,3.798280715942383,2004-03-24,false,false,251
2005-03-24,4.052992820739746,4.073091506958008,2004-04-12,3.798280715942383,2004-03-24,false,false,251
2005-03-28,4.036131381988525,4.073091506958008,2004-04-12,3.8080952167510986,2004-08-18,false,false,250
2005-03-29,4.0867109298706055,4.0867109298706055,2005-03-29,3.8080952167510986,2004-08-18,true,false,250
2005-03-30,4.012528419494629,4.0867109298706055,2005-03-29,3.8080952167510986,2004-08-18,false,false,250
2005-03-31,4.015902996063232,4.0867109298706055,2005-03-29,3.8080952167510986,2004-08-18,false,false,250
2005-04-01,4.052992820739746,4.0867109298706055,2005-03-29,3.8080952167510986,2004-08-18,false,false,250
2005-04-04,4.046247482299805,4.0867109298706055,2005-03-29,3.8080952167510986,2004-08-18,false,false,250
2005-04-05,4.049622058868408,4.0867109298706055,2005-03-29,3.8080952167510986,2004-08-18,false,false,250
2005-04-06,4.069851875305176,4.0867109298706055,2005-03-29,3.8080952167510986,2004-08-18,false,false,250
2005-04-07,4.063107967376709,4.0867109298706055,2005-03-29,3.8080952167510986,2004-08-18,false,false,250
2005-04-08,4.177750587463379,4.177750587463379,2005-04-08,3.8080952167510986,2004-08-18,true,false,250
2005-04-11,4.137289524078369,4.177750587463379,2005-04-08,3.8080952167510986,2004-08-18,false,false,251
2005-04-12,4.052992820739746,4.177750587463379,2005-04-08,3.8080952167510986,2004-08-18,false,false,251
2005-04-13,4.069851875305176,4.177750587463379,2005-04-08,3.8080952167510986,2004-08-18,false,false,251
2005-04-14,4.056363582611084,4.177750587463379,2005-04-08,3.8080952167510986,2004-08-18,false,false,251
2005-04-15,4.046247482299805,4.177750587463379,2005-04-08,3.8080952167510986,2004-08-18,false,false,251
2005-04-18,4.046247482299805,4.177750587463379,2005-04-08,3.8080952167510986,2004-08-18,false,false,251
2005-04-19,4.029388427734375,4.177750587463379,2005-04-08,3.8080952167510986,2004-08-18,false,false,251
2005-04-20,4.079967975616455,4.177750587463379,2005-04-08,3.8080952167510986,2004-08-18,false,false,251
2005-04-21,4.1136860847473145,4.177750587463379,2005-04-08,3.8080952167510986,2004-08-18,false,false,251
2005-04-22,4.096827030181885,4.177750587463379,2005-04-08,3.8080952167510986,2004-08-18,false,false,251
2005-04-25,4.056363582611084,4.177750587463379,2005-04-08,3.8080952167510986,2004-08-18,false,false,251
2005-04-26,4.046247482299805,4.177750587463379,2005-04-08,3.8080952167510986,2004-08-18,false,false,251
2005-04-27,4.079967975616455,4.177750587463379,2005-04-08,3.8080952167510986,2004-08-18,false,false,251
2005-04-28,4.015902996063232,4.177750587463379,2005-04-08,3.8080952167510986,2004-08-18,false,false,251
2005-04-29,4.110316753387451,4.177750587463379,2005-04-08,3.8080952167510986,2004-08-18,false,false,251
2005-05-02,4.046247482299805,4.177750587463379,2005-04-08,3.8080952167510986,2004-08-18,false,false,251
2005-05-03,4.1136860847473145,4.177750587463379,2005-04-08,3.8080952167510986,2004-08-18,false,false,251
2005-05-04,4.069851875305176,4.177750587463379,2005-04-08,3.8080952167510986,2004-08-18,false,false,251
2005-05-05,4.046247482299805,4.177750587463379,2005-04-08,3.8080952167510986,2004-08-18,false,false,251
2005-05-06,4.069851875305176,4.177750587463379,2005-04-08,3.8080952167510986,2004-08-18,false,false,251
2005-05-09,4.214842796325684,4.214842796325684,2005-05-09,3.8080952167510986,2004-08-18,true,false,251
2005-05-10,4.059735298156738,4.214842796325684,2005-05-09,3.8080952167510986,2004-08-18,false,false,251
2005-05-11,4.1136860847473145,4.214842796325684,2005-05-09,3.8080952167510986,2004-08-18,false,false,251
2005-05-12,4.1136860847473145,4.214842796325684,2005-05-09,3.8080952167510986,2004-08-18,false,false,251
2005-05-13,4.056363582611084,4.214842796325684,2005-05-09,3.8080952167510986,2004-08-18,false,false,251
2005-05-16,4.029388427734375,4.214842796325684,2005-05-09,3.8080952167510986,2004-08-18,false,false,251
2005-05-17,4.046247482299805,4.214842796325684,2005-05-09,3.8080952167510986,2004-08-18,false,false,251
2005-05-18,4.066479206085205,4.214842796325684,2005-05-09,3.8080952167510986,2004-08-18,false,false,251
2005-05-19,4.063107967376709,4.214842796325684,2005-05-09,3.8080952167510986,2004-08-18,false,false,251
2005-05-20,4.103569507598877,4.214842796325684,2005-05-09,3.8080952167510986,2004-08-18,false,false,251
2005-05-23,4.093454360961914,4.214842796325684,2005-05-09,3.8080952167510986,2004-08-18,false,false,251
2005-05-24,4.1136860847473145,4.214842796325684,2005-05-09,3.8080952167510986,2004-08-18,false,false,251
2005-05-25,4.147404670715332,4.214842796325684,2005-05-09,3.8080952167510986,2004-08-18,false,false,251
2005-05-26,4.147404670715332,4.214842796325684,2005-05-09,3.8080952167510986,2004-08-18,false,false,251
2005-05-27,4.1305460929870605,4.214842796325684,2005-05-09,3.8080952167510986,2004-08-18,false,false,251
2005-05-31,4.147404670715332,4.214842796325684,2005-05-09,3.8080952167510986,2004-08-18,false,false,251
2005-06-01,4.16426420211792,4.214842796325684,2005-05-09,3.8080952167510986,2004-08-18,false,false,251
2005-06-02,4.147404670715332,4.214842796325684,2005-05-09,3.8080952167510986,2004-08-18,false,false,251
2005-06-03,4.147404670715332,4.214842796325684,2005-05-09,3.8080952167510986,2004-08-18,false,false,251
2005-06-06,4.1136860847473145,4.214842796325684,2005-05-09,3.8080952167510986,2004-08-18,false,false,251
2005-06-07,4.1238017082214355,4.214842796325684,2005-05-09,3.8080952167510986,2004-08-18,false,false,251
2005-06-08,4.1305460929870605,4.214842796325684,2005-05-09,3.8080952167510986,2004-08-18,false,false,251
2005-06-09,4.0867109298706055,4.214842796325684,2005-05-09,3.8080952167510986,2004-08-18,false,false,251
2005-06-10,4.214842796325684,4.214842796325684,2005-06-10,3.8080952167510986,2004-08-18,true,false,251
2005-06-13,4.073223114013672,4.214842796325684,2005-06-10,3.8080952167510986,2004-08-18,false,false,252
2005-06-14,4.073223114013672,4.214842796325684,2005-06-10,3.8080952167510986,2004-08-18,false,false,252
2005-06-15,4.083339214324951,4.214842796325684,2005-06-10,3.8080952167510986,2004-08-18,false,false,252
2005-06-16,4.066479206085205,4.214842796325684,2005-06-10,3.8080952167510986,2004-08-18,false,false,252
2005-06-17,4.147404670715332,4.214842796325684,2005-06-10,3.8080952167510986,2004-08-18,false,false,252
2005-06-20,4.147404670715332,4.214842796325684,2005-06-10,3.8080952167510986,2004-08-18,false,false,252
2005-06-21,4.066479206085205,4.214842796325684,2005-06-10,3.8080952167510986,2004-08-18,false,false,252
2005-06-22,4.16426420211792,4.214842796325684,2005-06-10,3.8080952167510986,2004-08-18,false,false,252
2005-06-23,4.100199222564697,4.214842796325684,2005-06-10,3.8080952167510986,2004-08-18,false,false,252
2005-06-24,4.073223114013672,4.214842796325684,2005-06-10,3.8080952167510986,2004-08-18,false,false,252
2005-06-27,4.1305460929870605,4.214842796325684,2005-06-10,3.8080952167510986,2004-08-18,false,false,252
2005-06-28,4.1136860847473145,4.214842796325684,2005-06-10,3.8080952167510986,2004-08-18,false,false,252
2005-06-29,4.100199222564697,4.214842796325684,2005-06-10,3.8080952167510986,2004-08-18,false,false,252
2005-06-30,4.096827030181885,4.214842796325684,2005-06-10,3.8080952167510986,2004-08-18,false,false,252
2005-07-01,4.096827030181885,4.214842796325684,2005-06-10,3.8080952167510986,2004-08-18,false,false,252
2005-07-05,4.012528419494629,4.214842796325684,2005-06-10,3.8080952167510986,2004-08-18,false,false,252
2005-07-06,4.029388427734375,4.214842796325684,2005-06-10,3.8080952167510986,2004-08-18,false,false,252
2005-07-07,4.029388427734375,4.214842796325684,2005-06-10,3.8080952167510986,2004-08-18,false,false,252
2005-07-08,4.120429992675781,4.214842796325684,2005-06-10,3.8080952167510986,2004-08-18,false,false,252
2005-07-11,4.056363582611084,4.214842796325684,2005-06-10,3.8080952167510986,2004-08-18,false,false,252
2005-07-12,4.110316753387451,4.214842796325684,2005-06-10,3.8080952167510986,2004-08-18,false,false,252
2005-07-13,4.079967975616455,4.214842796325684,2005-06-10,3.8080952167510986,2004-08-18,false,false,252
2005-07-14,4.079967975616455,4.214842796325684,2005-06-10,3.8080952167510986,2004-08-18,false,false,252
2005-07-15,4.177750587463379,4.214842796325684,2005-06-10,3.8080952167510986,2004-08-18,false,false,252
2005-07-18,4.181124210357666,4.214842796325684,2005-06-10,3.8080952167510986,2004-08-18,false,false,252
2005-07-19,4.096827030181885,4.214842796325684,2005-06-10,3.8080952167510986,2004-08-18,false,false,252
2005-07-20,4.181124210357666,4.214842796325684,2005-06-10,3.8080952167510986,2004-08-18,false,false,252
2005-07-21,4.063107967376709,4.214842796325684,2005-06-10,3.8080952167510986,2004-08-18,false,false,252
2005-07-22,4.063107967376709,4.214842796325684,2005-06-10,3.8080952167510986,2004-08-18,false,false,252
2005-07-25,4.299139499664307,4.299139499664307,2005-07-25,3.8080952167510986,2004-08-18,true,false,252
2005-07-26,4.063107967376709,4.299139499664307,2005-07-25,3.8080952167510986,2004-08-18,false,false,252
2005-07-27,4.201356410980225,4.299139499664307,2005-07-25,3.8080952167510986,2004-08-18,false,false,252
2005-07-28,4.201356410980225,4.299139499664307,2005-07-25,3.8080952167510986,2004-08-18,false,false,252
2005-07-29,4.332858562469482,4.332858562469482,2005-07-29,3.8080952167510986,2004-08-18,true,false,252
2005-08-01,4.218214988708496,4.332858562469482,2005-07-29,3.8080952167510986,2004-08-18,false,false,252
2005-08-02,4.167636394500732,4.332858562469482,2005-07-29,3.8080952167510986,2004-08-18,false,false,252
2005-08-03,4.2047271728515625,4.332858562469482,2005-07-29,3.8080952167510986,2004-08-18,false,false,252
2005-08-04,4.160891532897949,4.332858562469482,2005-07-29,3.8080952167510986,2004-08-18,false,false,252
2005-08-05,4.160891532897949,4.332858562469482,2005-07-29,3.8080952167510986,2004-08-18,false,false,252
2005-08-08,4.16426420211792,4.332858562469482,2005-07-29,3.8080952167510986,2004-08-18,false,false,252
2005-08-09,4.214842796325684,4.332858562469482,2005-07-29,3.8080952167510986,2004-08-18,false,false,252
2005-08-10,4.258677005767822,4.332858562469482,2005-07-29,3.8080952167510986,2004-08-18,false,false,252
2005-08-11,4.2789082527160645,4.332858562469482,2005-07-29,3.8080952167510986,2004-08-18,false,false,252
2005-08-12,4.289023399353027,4.332858562469482,2005-07-29,3.8080952167510986,2004-08-18,false,false,252
2005-08-15,4.218214988708496,4.332858562469482,2005-07-29,3.8080952167510986,2004-08-18,false,false,252
2005-08-16,4.248559951782227,4.332858562469482,2005-07-29,3.8080952167510986,2004-08-18,false,false,252
2005-08-17,4.214842796325684,4.332858562469482,2005-07-29,3.8080952167510986,2004-08-18,false,false,252
2005-08-18,4.289023399353027,4.332858562469482,2005-07-29,3.8080952167510986,2004-08-18,false,false,252
2005-08-19,4.1979827880859375,4.332858562469482,2005-07-29,3.8637125492095947,2004-09-20,false,false,252
2005-08-22,4.265420913696289,4.332858562469482,2005-07-29,3.8637125492095947,2004-09-20,false,false,252
2005-08-23,4.3092546463012695,4.332858562469482,2005-07-29,3.8637125492095947,2004-09-20,false,false,252
2005-08-24,4.312627792358398,4.332858562469482,2005-07-29,3.8637125492095947,2004-09-20,false,false,252
2005-08-25,4.315998077392578,4.332858562469482,2005-07-29,3.8637125492095947,2004-09-20,false,false,252
2005-08-26,4.383436679840088,4.383436679840088,2005-08-26,3.8637125492095947,2004-09-20,true,false,252
2005-08-29,4.349717617034912,4.383436679840088,2005-08-26,3.8637125492095947,2004-09-20,false,false,252
2005-08-30,4.248559951782227,4.383436679840088,2005-08-26,3.8637125492095947,2004-09-20,false,false,252
2005-08-31,4.181124210357666,4.383436679840088,2005-08-26,3.8637125492095947,2004-09-20,false,false,252
2005-09-01,4.315998077392578,4.383436679840088,2005-08-26,3.8637125492095947,2004-09-20,false,false,252
2005-09-02,4.353089332580566,4.383436679840088,2005-08-26,3.8637125492095947,2004-09-20,false,false,252
2005-09-06,4.302510738372803,4.383436679840088,2005-08-26,3.8637125492095947,2004-09-20,false,false,252
2005-09-07,4.450870990753174,4.450870990753174,2005-09-07,3.8637125492095947,2004-09-20,true,false,252
2005-09-08,4.390180587768555,4.450870990753174,2005-09-07,3.8637125492095947,2004-09-20,false,false,252
2005-09-09,4.376692295074463,4.450870990753174,2005-09-07,3.8637125492095947,2004-09-20,false,false,252
2005-09-12,4.521683692932129,4.521683692932129,2005-09-12,3.8637125492095947,2004-09-20,true,false,252
2005-09-13,4.66667366027832,4.66667366027832,2005-09-13,3.8637125492095947,2004-09-20,true,false,252
2005-09-14,4.602606773376465,4.66667366027832,2005-09-13,3.8637125492095947,2004-09-20,false,false,252
2005-09-15,4.622839450836182,4.66667366027832,2005-09-13,3.8637125492095947,2004-09-20,false,false,252
2005-09-16,4.720623970031738,4.720623970031738,2005-09-16,3.8637125492095947,2004-09-20,true,false,252
2005-09-19,4.777945041656494,4.777945041656494,2005-09-19,3.8637125492095947,2004-09-20,true,false,252
2005-09-20,4.7981767654418945,4.7981767654418945,2005-09-20,3.8637125492095947,2004-09-20,true,false,252
2005-09-21,4.798177242279053,4.798177242279053,2005-09-21,3.8694076538085938,2005-01-21,true,false,252
2005-09-22,4.849475383758545,4.849475383758545,2005-09-22,3.8694076538085938,2005-01-21,true,false,252
2005-09-23,4.8289570808410645,4.849475383758545,2005-09-22,3.8694076538085938,2005-01-21,false,false,252
2005-09-26,4.794755935668945,4.849475383758545,2005-09-22,3.8694076538085938,2005-01-21,false,false,252
2005-09-27,4.757137298583984,4.849475383758545,2005-09-22,3.8694076538085938,2005-01-21,false,false,252
2005-09-28,4.753716945648193,4.849475383758545,2005-09-22,3.8694076538085938,2005-01-21,false,false,252
2005-09-29,4.719517707824707,4.849475383758545,2005-09-22,3.8694076538085938,2005-01-21,false,false,252
2005-09-30,4.654539108276367,4.849475383758545,2005-09-22,3.8694076538085938,2005-01-21,false,false,252
2005-10-03,4.787916660308838,4.849475383758545,2005-09-22,3.8694076538085938,2005-01-21,false,false,252
2005-10-04,4.787916660308838,4.849475383758545,2005-09-22,3.8694076538085938,2005-01-21,false,false,252
2005-10-05,4.610079765319824,4.849475383758545,2005-09-22,3.8694076538085938,2005-01-21,false,false,252
2005-10-06,4.5143208503723145,4.849475383758545,2005-09-22,3.8694076538085938,2005-01-21,false,false,252
2005-10-07,5.553985118865967,5.553985118865967,2005-10-07,3.8694076538085938,2005-01-21,true,false,252
2005-10-10,5.047832012176514,5.553985118865967,2005-10-07,3.8694076538085938,2005-01-21,false,false,252
2005-10-11,4.719517707824707,5.553985118865967,2005-10-07,3.8694076538085938,2005-01-21,false,false,252
2005-10-12,4.705839157104492,5.553985118865967,2005-10-07,3.8694076538085938,2005-01-21,false,false,252
2005-10-13,4.72977876663208,5.553985118865967,2005-10-07,3.8694076538085938,2005-01-21,false,false,252
2005-10-14,4.616920471191406,5.553985118865967,2005-10-07,3.8694076538085938,2005-01-21,false,false,252
2005-10-17,4.5143208503723145,5.553985118865967,2005-10-07,3.8694076538085938,2005-01-21,false,false,252
2005-10-18,4.428824424743652,5.553985118865967,2005-10-07,3.8694076538085938,2005-01-21,false,false,252
2005-10-19,4.452762126922607,5.553985118865967,2005-10-07,3.8694076538085938,2005-01-21,false,false,252
2005-10-20,4.476700782775879,5.553985118865967,2005-10-07,3.8694076538085938,2005-01-21,false,false,252
2005-10-21,4.596399784088135,5.553985118865967,2005-10-07,3.8694076538085938,2005-01-21,false,false,252
2005-10-24,4.777657985687256,5.553985118865967,2005-10-07,3.8694076538085938,2005-01-21,false,false,252
2005-10-25,4.685318946838379,5.553985118865967,2005-10-07,3.8694076538085938,2005-01-21,false,false,252
2005-10-26,4.661380290985107,5.553985118865967,2005-10-07,3.8694076538085938,2005-01-21,false,false,252
2005-10-27,4.62376070022583,5.553985118865967,2005-10-07,3.8694076538085938,2005-01-21,false,false,252
2005-10-28,4.719517707824707,5.553985118865967,2005-10-07,3.8694076538085938,2005-01-21,false,false,252
2005-10-31,4.805017948150635,5.553985118865967,2005-10-07,3.8694076538085938,2005-01-21,false,false,252
2005-11-01,4.822114944458008,5.553985118865967,2005-10-07,3.8694076538085938,2005-01-21,false,false,252
2005-11-02,4.616920471191406,5.553985118865967,2005-10-07,3.8694076538085938,2005-01-21,false,false,252
2005-11-03,4.616920471191406,5.553985118865967,2005-10-07,3.8694076538085938,2005-01-21,false,false,252
2005-11-04,4.616920471191406,5.553985118865967,2005-10-07,3.8694076538085938,2005-01-21,false,false,252
2005-11-07,4.616920471191406,5.553985118865967,2005-10-07,3.8694076538085938,2005-01-21,false,false,252
2005-11-08,4.493800640106201,5.553985118865967,2005-10-07,3.8694076538085938,2005-01-21,false,false,252
2005-11-09,4.497222423553467,5.553985118865967,2005-10-07,3.8694076538085938,2005-01-21,false,false,252
2005-11-10,4.565622329711914,5.553985118865967,2005-10-07,3.8694076538085938,2005-01-21,false,false,252
2005-11-11,4.5143208503723145,5.553985118865967,2005-10-07,3.8694076538085938,2005-01-21,false,false,252
2005-11-14,4.54168176651001,5.553985118865967,2005-10-07,3.8694076538085938,2005-01-21,false,false,252
2005-11-15,4.476700782775879,5.553985118865967,2005-10-07,3.8694076538085938,2005-01-21,false,false,252
2005-11-16,4.476700782775879,5.553985118865967,2005-10-07,3.8694076538085938,2005-01-21,false,false,252
2005-11-17,4.5143208503723145,5.553985118865967,2005-10-07,3.8694076538085938,2005-01-21,false,false,252
2005-11-18,4.565622329711914,5.553985118865967,2005-10-07,3.8694076538085938,2005-01-21,false,false,252
2005-11-21,4.784497261047363,5.553985118865967,2005-10-07,3.8694076538085938,2005-01-21,false,false,252
2005-11-22,4.685318946838379,5.553985118865967,2005-10-07,3.8694076538085938,2005-01-21,false,false,252
2005-11-23,4.685318946838379,5.553985118865967,2005-10-07,3.8694076538085938,2005-01-21,false,false,252
2005-11-25,4.616920471191406,5.553985118865967,2005-10-07,3.8694076538085938,2005-01-21,false,false,252
2005-11-28,4.719517707824707,5.553985118865967,2005-10-07,3.8694076538085938,2005-01-21,false,false,252
2005-11-29,4.794755935668945,5.553985118865967,2005-10-07,3.8694076538085938,2005-01-21,false,false,252
2005-11-30,4.822114944458008,5.553985118865967,2005-10-07,3.8694076538085938,2005-01-21,false,false,252
2005-12-01,4.822114944458008,5.553985118865967,2005-10-07,3.8694076538085938,2005-01-21,false,false,252
2005-12-02,4.822114944458008,5.553985118865967,2005-10-07,3.8694076538085938,2005-01-21,false,false,252
2005-12-05,4.822114944458008,5.553985118865967,2005-10-07,3.8694076538085938,2005-01-21,false,false,252
2005-12-06,4.890515327453613,5.553985118865967,2005-10-07,3.8694076538085938,2005-01-21,false,false,252
2005-12-07,4.907615661621094,5.553985118865967,2005-10-07,3.8694076538085938,2005-01-21,false,false,252
2005-12-08,4.8392157554626465,5.553985118865967,2005-10-07,3.8694076538085938,2005-01-21,false,false,252
2005-12-09,4.7502970695495605,5.553985118865967,2005-10-07,3.8694076538085938,2005-01-21,false,false,252
2005-12-12,4.835796356201172,5.553985118865967,2005-10-07,3.8694076538085938,2005-01-21,false,false,252
2005-12-13,4.99653434753418,5.553985118865967,2005-10-07,3.8694076538085938,2005-01-21,false,false,252
2005-12-14,4.9589152336120605,5.553985118865967,2005-10-07,3.8694076538085938,2005-01-21,false,false,252
2005-12-15,4.818695545196533,5.553985118865967,2005-10-07,3.8694076538085938,2005-01-21,false,false,252
2005-12-16,4.822114944458008,5.553985118865967,2005-10-07,3.8694076538085938,2005-01-21,false,false,252
2005-12-19,4.9931135177612305,5.553985118865967,2005-10-07,3.8694076538085938,2005-01-21,false,false,252
2005-12-20,4.852893352508545,5.553985118865967,2005-10-07,3.8694076538085938,2005-01-21,false,false,252
2005-12-21,4.719517707824707,5.553985118865967,2005-10-07,3.8694076538085938,2005-01-21,false,false,252
2005-12-22,4.702418804168701,5.553985118865967,2005-10-07,3.8694076538085938,2005-01-21,false,false,252
2005-12-23,4.702418804168701,5.553985118865967,2005-10-07,3.8694076538085938,2005-01-21,false,false,252
2005-12-27,4.668218612670898,5.553985118865967,2005-10-07,3.8694076538085938,2005-01-21,false,false,252
2005-12-28,4.740036964416504,5.553985118865967,2005-10-07,3.8694076538085938,2005-01-21,false,false,252
2005-12-29,4.784497261047363,5.553985118865967,2005-10-07,3.8694076538085938,2005-01-21,false,false,252
2005-12-30,4.784497261047363,5.553985118865967,2005-10-07,3.8694076538085938,2005-01-21,false,false,252
2006-01-03,4.753716945648193,5.553985118865967,2005-10-07,3.8694076538085938,2005-01-21,false,false,251
2006-01-04,4.692159175872803,5.553985118865967,2005-10-07,3.8694076538085938,2005-01-21,false,false,251
2006-01-05,4.702418804168701,5.553985118865967,2005-10-07,3.8694076538085938,2005-01-21,false,false,251
2006-01-06,4.668218612670898,5.553985118865967,2005-10-07,3.8694076538085938,2005-01-21,false,false,251
2006-01-09,4.616920471191406,5.553985118865967,2005-10-07,3.8694076538085938,2005-01-21,false,false,251
2006-01-10,4.616920471191406,5.553985118865967,2005-10-07,3.8694076538085938,2005-01-21,false,false,251
2006-01-11,4.685318946838379,5.553985118865967,2005-10-07,3.8694076538085938,2005-01-21,false,false,251
2006-01-12,4.685318946838379,5.553985118865967,2005-10-07,3.8694076538085938,2005-01-21,false,false,251
2006-01-13,4.640859603881836,5.553985118865967,2005-10-07,3.8694076538085938,2005-01-21,false,false,251
2006-01-17,4.702418804168701,5.553985118865967,2005-10-07,3.8694076538085938,2005-01-21,false,false,251
2006-01-18,4.685318946838379,5.553985118865967,2005-10-07,3.8694076538085938,2005-01-21,false,false,251
2006-01-19,4.787916660308838,5.553985118865967,2005-10-07,3.8694076538085938,2005-01-21,false,false,251
2006-01-20,4.753716945648193,5.553985118865967,2005-10-07,3.8694076538085938,2005-01-21,false,false,251
2006-01-23,4.72977876663208,5.553985118865967,2005-10-07,3.8694076538085938,2005-01-21,false,false,251
2006-01-24,4.787916660308838,5.553985118865967,2005-10-07,3.8893375396728516,2005-02-01,false,false,251
2006-01-25,4.787916660308838,5.553985118865967,2005-10-07,3.8893375396728516,2005-02-01,false,false,251
2006-01-26,4.787916660308838,5.553985118865967,2005-10-07,3.8893375396728516,2005-02-01,false,false,251
2006-01-27,4.698998928070068,5.553985118865967,2005-10-07,3.8893375396728516,2005-02-01,false,false,251
2006-01-30,4.698998928070068,5.553985118865967,2005-10-07,3.8893375396728516,2005-02-01,false,false,251
2006-01-31,4.760558128356934,5.553985118865967,2005-10-07,3.8893375396728516,2005-02-01,false,false,251
2006-02-01,4.698998928070068,5.553985118865967,2005-10-07,3.8893375396728516,2005-02-01,false,false,251
2006-02-02,4.664798259735107,5.553985118865967,2005-10-07,3.9026215076446533,2005-02-03,false,false,251
2006-02-03,4.664798259735107,5.553985118865967,2005-10-07,3.9026215076446533,2005-02-03,false,false,251
2006-02-06,4.746878147125244,5.553985118865967,2005-10-07,3.9225494861602783,2005-02-08,false,false,251
2006-02-07,4.668218612670898,5.553985118865967,2005-10-07,3.9225494861602783,2005-02-08,false,false,251
2006-02-08,4.784497261047363,5.553985118865967,2005-10-07,3.9225494861602783,2005-02-08,false,false,251
2006-02-09,4.722939491271973,5.553985118865967,2005-10-07,3.9358346462249756,2005-02-10,false,false,251
2006-02-10,4.7502970695495605,5.553985118865967,2005-10-07,3.9358346462249756,2005-02-10,false,false,251
2006-02-13,4.917874336242676,5.553985118865967,2005-10-07,3.9524412155151367,2005-02-22,false,false,251
2006-02-14,4.84605598449707,5.553985118865967,2005-10-07,3.9524412155151367,2005-02-22,false,false,251
2006-02-15,4.719517707824707,5.553985118865967,2005-10-07,3.9524412155151367,2005-02-22,false,false,251
2006-02-16,4.716098308563232,5.553985118865967,2005-10-07,3.9524412155151367,2005-02-22,false,false,251
2006-02-17,4.705839157104492,5.553985118865967,2005-10-07,3.9524412155151367,2005-02-22,false,false,251
2006-02-21,4.668218612670898,5.553985118865967,2005-10-07,3.9524412155151367,2005-02-22,false,false,251
2006-02-22,4.616920471191406,5.553985118865967,2005-10-07,3.9524412155151367,2005-02-22,false,false,251
2006-02-23,4.705839157104492,5.553985118865967,2005-10-07,3.9657275676727295,2005-03-08,false,false,251
2006-02-24,4.740036964416504,5.553985118865967,2005-10-07,3.9657275676727295,2005-03-08,false,false,251
2006-02-27,4.647699356079102,5.553985118865967,2005-10-07,3.9657275676727295,2005-03-08,false,false,251
2006-02-28,4.767398834228516,5.553985118865967,2005-10-07,3.9657275676727295,2005-03-08,false,false,251
2006-03-01,4.705839157104492,5.553985118865967,2005-10-07,3.9657275676727295,2005-03-08,false,false,251
2006-03-02,4.767398834228516,5.553985118865967,2005-10-07,3.9657275676727295,2005-03-08,false,false,251
2006-03-03,4.770816802978516,5.553985118865967,2005-10-07,3.9657275676727295,2005-03-08,false,false,251
2006-03-06,4.719517707824707,5.553985118865967,2005-10-07,3.9657275676727295,2005-03-08,false,false,251
2006-03-07,4.719517707824707,5.553985118865967,2005-10-07,3.9657275676727295,2005-03-08,false,false,251
2006-03-08,4.688737869262695,5.553985118865967,2005-10-07,3.9657275676727295,2005-03-08,false,false,251
2006-03-09,4.716098308563232,5.553985118865967,2005-10-07,3.985555648803711,2005-03-23,false,false,251
2006-03-10,4.698998928070068,5.553985118865967,2005-10-07,3.985555648803711,2005-03-23,false,false,251
2006-03-13,4.709258556365967,5.553985118865967,2005-10-07,3.985555648803711,2005-03-23,false,false,251
2006-03-14,4.712677955627441,5.553985118865967,2005-10-07,3.985555648803711,2005-03-23,false,false,251
2006-03-15,4.787916660308838,5.553985118865967,2005-10-07,3.985555648803711,2005-03-23,false,false,251
2006-03-16,4.651118278503418,5.553985118865967,2005-10-07,3.985555648803711,2005-03-23,false,false,251
2006-03-17,4.787916660308838,5.553985118865967,2005-10-07,3.985555648803711,2005-03-23,false,false,251
2006-03-20,4.781077861785889,5.553985118865967,2005-10-07,3.985555648803711,2005-03-23,false,false,251
2006-03-21,4.781077861785889,5.553985118865967,2005-10-07,3.985555648803711,2005-03-23,false,false,251
2006-03-22,4.82271146774292,5.553985118865967,2005-10-07,3.985555648803711,2005-03-23,false,false,251
2006-03-23,4.75331974029541,5.553985118865967,2005-10-07,3.985555648803711,2005-03-23,false,false,251
2006-03-24,4.788015365600586,5.553985118865967,2005-10-07,4.012528419494629,2005-07-05,false,false,251
2006-03-27,4.850468635559082,5.553985118865967,2005-10-07,4.012528419494629,2005-07-05,false,false,252
2006-03-28,4.833120346069336,5.553985118865967,2005-10-07,4.012528419494629,2005-07-05,false,false,252
2006-03-29,4.7567901611328125,5.553985118865967,2005-10-07,4.012528419494629,2005-07-05,false,false,252
2006-03-30,4.8157734870910645,5.553985118865967,2005-10-07,4.012528419494629,2005-07-05,false,false,252
2006-03-31,4.881694316864014,5.553985118865967,2005-10-07,4.012528419494629,2005-07-05,false,false,252
2006-04-03,4.850468635559082,5.553985118865967,2005-10-07,4.012528419494629,2005-07-05,false,false,252
2006-04-04,4.853938102722168,5.553985118865967,2005-10-07,4.012528419494629,2005-07-05,false,false,252
2006-04-05,4.874756813049316,5.553985118865967,2005-10-07,4.012528419494629,2005-07-05,false,false,252
2006-04-06,4.9372076988220215,5.553985118865967,2005-10-07,4.012528419494629,2005-07-05,false,false,252
2006-04-07,4.954555988311768,5.553985118865967,2005-10-07,4.012528419494629,2005-07-05,false,false,252
2006-04-10,4.926797389984131,5.553985118865967,2005-10-07,4.012528419494629,2005-07-05,false,false,252
2006-04-11,4.909450531005859,5.553985118865967,2005-10-07,4.012528419494629,2005-07-05,false,false,252
2006-04-12,4.892101287841797,5.553985118865967,2005-10-07,4.012528419494629,2005-07-05,false,false,252
2006-04-13,4.892101287841797,5.553985118865967,2005-10-07,4.012528419494629,2005-07-05,false,false,252
2006-04-17,4.871285438537598,5.553985118865967,2005-10-07,4.012528419494629,2005-07-05,false,false,251
2006-04-18,4.857407569885254,5.553985118865967,2005-10-07,4.012528419494629,2005-07-05,false,false,251
2006-04-19,4.871285438537598,5.553985118865967,2005-10-07,4.012528419494629,2005-07-05,false,false,251
2006-04-20,4.76025915145874,5.553985118865967,2005-10-07,4.012528419494629,2005-07-05,false,false,251
2006-04-21,4.84352970123291,5.553985118865967,2005-10-07,4.012528419494629,2005-07-05,false,false,251
2006-04-24,4.840059280395508,5.553985118865967,2005-10-07,4.012528419494629,2005-07-05,false,false,251
2006-04-25,4.774137496948242,5.553985118865967,2005-10-07,4.012528419494629,2005-07-05,false,false,251
2006-04-26,4.80536413192749,5.553985118865967,2005-10-07,4.012528419494629,2005-07-05,false,false,251
2006-04-27,4.774137496948242,5.553985118865967,2005-10-07,4.012528419494629,2005-07-05,false,false,251
2006-04-28,4.770668983459473,5.553985118865967,2005-10-07,4.012528419494629,2005-07-05,false,false,251
2006-05-01,4.8157734870910645,5.553985118865967,2005-10-07,4.012528419494629,2005-07-05,false,false,251
2006-05-02,4.82271146774292,5.553985118865967,2005-10-07,4.012528419494629,2005-07-05,false,false,251
2006-05-03,4.840059280395508,5.553985118865967,2005-10-07,4.012528419494629,2005-07-05,false,false,251
2006-05-04,4.833120346069336,5.553985118865967,2005-10-07,4.012528419494629,2005-07-05,false,false,251
2006-05-05,4.989251136779785,5.553985118865967,2005-10-07,4.012528419494629,2005-07-05,false,false,251
2006-05-08,4.9233269691467285,5.553985118865967,2005-10-07,4.012528419494629,2005-07-05,false,false,251
2006-05-09,4.857407569885254,5.553985118865967,2005-10-07,4.012528419494629,2005-07-05,false,false,251
2006-05-10,4.774137496948242,5.553985118865967,2005-10-07,4.012528419494629,2005-07-05,false,false,251
2006-05-11,4.81230354309082,5.553985118865967,2005-10-07,4.012528419494629,2005-07-05,false,false,251
2006-05-12,4.808834075927734,5.553985118865967,2005-10-07,4.012528419494629,2005-07-05,false,false,251
2006-05-15,4.774137496948242,5.553985118865967,2005-10-07,4.012528419494629,2005-07-05,false,false,251
2006-05-16,4.746381759643555,5.553985118865967,2005-10-07,4.012528419494629,2005-07-05,false,false,251
2006-05-17,4.801894664764404,5.553985118865967,2005-10-07,4.012528419494629,2005-07-05,false,false,251
2006-05-18,4.82271146774292,5.553985118865967,2005-10-07,4.012528419494629,2005-07-05,false,false,251
2006-05-19,4.840059280395508,5.553985118865967,2005-10-07,4.012528419494629,2005-07-05,false,false,251
2006-05-22,4.770668983459473,5.553985118865967,2005-10-07,4.012528419494629,2005-07-05,false,false,251
2006-05-23,4.704747200012207,5.553985118865967,2005-10-07,4.012528419494629,2005-07-05,false,false,251
2006-05-24,4.697805881500244,5.553985118865967,2005-10-07,4.012528419494629,2005-07-05,false,false,251
2006-05-25,4.777607440948486,5.553985118865967,2005-10-07,4.012528419494629,2005-07-05,false,false,251
2006-05-26,4.770668983459473,5.553985118865967,2005-10-07,4.012528419494629,2005-07-05,false,false,251
2006-05-30,4.770668983459473,5.553985118865967,2005-10-07,4.012528419494629,2005-07-05,false,false,251
2006-05-31,4.770668983459473,5.553985118865967,2005-10-07,4.012528419494629,2005-07-05,false,false,251
2006-06-01,4.777607440948486,5.553985118865967,2005-10-07,4.012528419494629,2005-07-05,false,false,251
2006-06-02,4.7429118156433105,5.553985118865967,2005-10-07,4.012528419494629,2005-07-05,false,false,251
2006-06-05,4.729034423828125,5.553985118865967,2005-10-07,4.012528419494629,2005-07-05,false,false,251
2006-06-06,4.777607440948486,5.553985118865967,2005-10-07,4.012528419494629,2005-07-05,false,false,251
2006-06-07,4.76719856262207,5.553985118865967,2005-10-07,4.012528419494629,2005-07-05,false,false,251
2006-06-08,4.82271146774292,5.553985118865967,2005-10-07,4.012528419494629,2005-07-05,false,false,251
2006-06-09,4.7325029373168945,5.553985118865967,2005-10-07,4.012528419494629,2005-07-05,false,false,251
2006-06-12,4.631886005401611,5.553985118865967,2005-10-07,4.012528419494629,2005-07-05,false,false,251
2006-06-13,4.6665802001953125,5.553985118865967,2005-10-07,4.012528419494629,2005-07-05,false,false,251
2006-06-14,4.6804585456848145,5.553985118865967,2005-10-07,4.012528419494629,2005-07-05,false,false,251
2006-06-15,4.8157734870910645,5.553985118865967,2005-10-07,4.012528419494629,2005-07-05,false,false,251
2006-06-16,4.8157734870910645,5.553985118865967,2005-10-07,4.012528419494629,2005-07-05,false,false,251
2006-06-19,4.8157734870910645,5.553985118865967,2005-10-07,4.012528419494629,2005-07-05,false,false,251
2006-06-20,4.840059280395508,5.553985118865967,2005-10-07,4.012528419494629,2005-07-05,false,false,251
2006-06-21,4.808834075927734,5.553985118865967,2005-10-07,4.012528419494629,2005-07-05,false,false,251
2006-06-22,4.8157734870910645,5.553985118865967,2005-10-07,4.012528419494629,2005-07-05,false,false,251
2006-06-23,4.8157734870910645,5.553985118865967,2005-10-07,4.012528419494629,2005-07-05,false,false,251
2006-06-26,4.8157734870910645,5.553985118865967,2005-10-07,4.012528419494629,2005-07-05,false,false,251
2006-06-27,4.8157734870910645,5.553985118865967,2005-10-07,4.012528419494629,2005-07-05,false,false,251
2006-06-28,4.8157734870910645,5.553985118865967,2005-10-07,4.012528419494629,2005-07-05,false,false,251
2006-06-29,4.8157734870910645,5.553985118865967,2005-10-07,4.012528419494629,2005-07-05,false,false,251
2006-06-30,4.860878944396973,5.553985118865967,2005-10-07,4.012528419494629,2005-07-05,false,false,251
2006-07-03,4.857407569885254,5.553985118865967,2005-10-07,4.012528419494629,2005-07-05,false,false,251
2006-07-05,4.857407569885254,5.553985118865967,2005-10-07,4.012528419494629,2005-07-05,false,false,251
2006-07-06,4.860878944396973,5.553985118865967,2005-10-07,4.029388427734375,2005-07-07,false,false,251
2006-07-07,4.857407569885254,5.553985118865967,2005-10-07,4.029388427734375,2005-07-07,false,false,251
2006-07-10,4.82271146774292,5.553985118865967,2005-10-07,4.056363582611084,2005-07-11,false,false,251
2006-07-11,4.892101287841797,5.553985118865967,2005-10-07,4.056363582611084,2005-07-11,false,false,251
2006-07-12,4.82271146774292,5.553985118865967,2005-10-07,4.063107967376709,2005-07-26,false,false,251
2006-07-13,4.788015365600586,5.553985118865967,2005-10-07,4.063107967376709,2005-07-26,false,false,251
2006-07-14,4.75331974029541,5.553985118865967,2005-10-07,4.063107967376709,2005-07-26,false,false,251
2006-07-17,4.683928489685059,5.553985118865967,2005-10-07,4.063107967376709,2005-07-26,false,false,251
2006-07-18,4.649232387542725,5.553985118865967,2005-10-07,4.063107967376709,2005-07-26,false,false,251
2006-07-19,4.7012763023376465,5.553985118865967,2005-10-07,4.063107967376709,2005-07-26,false,false,251
2006-07-20,4.8157734870910645,5.553985118865967,2005-10-07,4.063107967376709,2005-07-26,false,false,251
2006-07-21,4.7220940589904785,5.553985118865967,2005-10-07,4.063107967376709,2005-07-26,false,false,251
2006-07-24,4.82271146774292,5.553985118865967,2005-10-07,4.063107967376709,2005-07-26,false,false,251
2006-07-25,4.749850749969482,5.553985118865967,2005-10-07,4.063107967376709,2005-07-26,false,false,251
2006-07-26,4.735971927642822,5.553985118865967,2005-10-07,4.063107967376709,2005-07-26,false,false,251
2006-07-27,4.663111209869385,5.553985118865967,2005-10-07,4.160891532897949,2005-08-05,false,false,251
2006-07-28,4.604128360748291,5.553985118865967,2005-10-07,4.160891532897949,2005-08-05,false,false,251
2006-07-31,4.645762920379639,5.553985118865967,2005-10-07,4.160891532897949,2005-08-05,false,false,251
2006-08-01,4.697805881500244,5.553985118865967,2005-10-07,4.160891532897949,2005-08-05,false,false,251
2006-08-02,4.663111209869385,5.553985118865967,2005-10-07,4.160891532897949,2005-08-05,false,false,251
2006-08-03,4.7325029373168945,5.553985118865967,2005-10-07,4.160891532897949,2005-08-05,false,false,251
2006-08-04,4.80536413192749,5.553985118865967,2005-10-07,4.160891532897949,2005-08-05,false,false,251
2006-08-07,4.770668983459473,5.553985118865967,2005-10-07,4.160891532897949,2005-08-05,false,false,251
2006-08-08,4.683928489685059,5.553985118865967,2005-10-07,4.181124210357666,2005-08-31,false,false,251
2006-08-09,4.80536413192749,5.553985118865967,2005-10-07,4.181124210357666,2005-08-31,false,false,251
2006-08-10,4.80536413192749,5.553985118865967,2005-10-07,4.181124210357666,2005-08-31,false,false,251
2006-08-11,4.597189426422119,5.553985118865967,2005-10-07,4.181124210357666,2005-08-31,false,false,251
2006-08-14,4.746381759643555,5.553985118865967,2005-10-07,4.181124210357666,2005-08-31,false,false,251
2006-08-15,4.829651355743408,5.553985118865967,2005-10-07,4.181124210357666,2005-08-31,false,false,251
2006-08-16,4.770668983459473,5.553985118865967,2005-10-07,4.181124210357666,2005-08-31,false,false,251
2006-08-17,4.857407569885254,5.553985118865967,2005-10-07,4.181124210357666,2005-08-31,false,false,251
2006-08-18,4.788015365600586,5.553985118865967,2005-10-07,4.181124210357666,2005-08-31,false,false,251
2006-08-21,4.788015365600586,5.553985118865967,2005-10-07,4.181124210357666,2005-08-31,false,false,251
2006-08-22,4.909450531005859,5.553985118865967,2005-10-07,4.181124210357666,2005-08-31,false,false,251
2006-08-23,4.788015365600586,5.553985118865967,2005-10-07,4.181124210357666,2005-08-31,false,false,251
2006-08-24,4.788015365600586,5.553985118865967,2005-10-07,4.181124210357666,2005-08-31,false,false,251
2006-08-25,4.788015365600586,5.553985118865967,2005-10-07,4.181124210357666,2005-08-31,false,false,251
2006-08-28,4.82271146774292,5.553985118865967,2005-10-07,4.181124210357666,2005-08-31,false,false,251
2006-08-29,4.8470001220703125,5.553985118865967,2005-10-07,4.181124210357666,2005-08-31,false,false,251
2006-08-30,4.80536413192749,5.553985118865967,2005-10-07,4.181124210357666,2005-08-31,false,false,251
2006-08-31,4.794955730438232,5.553985118865967,2005-10-07,4.181124210357666,2005-08-31,false,false,251
2006-09-01,4.788015365600586,5.553985118865967,2005-10-07,4.302510738372803,2005-09-06,false,false,251
2006-09-05,4.8157734870910645,5.553985118865967,2005-10-07,4.302510738372803,2005-09-06,false,false,251
2006-09-06,4.819242477416992,5.553985118865967,2005-10-07,4.302510738372803,2005-09-06,false,false,251
2006-09-07,4.819242477416992,5.553985118865967,2005-10-07,4.376692295074463,2005-09-09,false,false,251
2006-09-08,4.826181411743164,5.553985118865967,2005-10-07,4.376692295074463,2005-09-09,false,false,251
2006-09-11,4.909450531005859,5.553985118865967,2005-10-07,4.376692295074463,2005-09-09,false,false,251
2006-09-12,4.82271146774292,5.553985118865967,2005-10-07,4.428824424743652,2005-10-18,false,false,251
2006-09-13,4.850468635559082,5.553985118865967,2005-10-07,4.428824424743652,2005-10-18,false,false,251
2006-09-14,4.829651355743408,5.553985118865967,2005-10-07,4.428824424743652,2005-10-18,false,false,251
2006-09-15,4.944148063659668,5.553985118865967,2005-10-07,4.428824424743652,2005-10-18,false,false,251
2006-09-18,4.788015365600586,5.553985118865967,2005-10-07,4.428824424743652,2005-10-18,false,false,251
2006-09-19,4.7567901611328125,5.553985118865967,2005-10-07,4.428824424743652,2005-10-18,false,false,251
2006-09-20,4.887258052825928,5.553985118865967,2005-10-07,4.428824424743652,2005-10-18,false,false,251
2006-09-21,4.873152732849121,5.553985118865967,2005-10-07,4.428824424743652,2005-10-18,false,false,251
2006-09-22,4.9330973625183105,5.553985118865967,2005-10-07,4.428824424743652,2005-10-18,false,false,251
2006-09-25,4.936622619628906,5.553985118865967,2005-10-07,4.428824424743652,2005-10-18,false,false,251
2006-09-26,4.936622619628906,5.553985118865967,2005-10-07,4.428824424743652,2005-10-18,false,false,251
2006-09-27,4.954255104064941,5.553985118865967,2005-10-07,4.428824424743652,2005-10-18,false,false,251
2006-09-28,4.99656867980957,5.553985118865967,2005-10-07,4.428824424743652,2005-10-18,false,false,251
2006-09-29,5.014199256896973,5.553985118865967,2005-10-07,4.428824424743652,2005-10-18,false,false,251
2006-10-02,4.940151691436768,5.553985118865967,2005-10-07,4.428824424743652,2005-10-18,false,false,251
2006-10-03,4.940151691436768,5.553985118865967,2005-10-07,4.428824424743652,2005-10-18,false,false,251
2006-10-04,5.052987575531006,5.553985118865967,2005-10-07,4.428824424743652,2005-10-18,false,false,251
2006-10-05,5.1129326820373535,5.553985118865967,2005-10-07,4.428824424743652,2005-10-18,false,false,251
2006-10-06,5.109405517578125,5.553985118865967,2005-10-07,4.428824424743652,2005-10-18,false,false,251
2006-10-09,5.109405517578125,5.553985118865967,2005-10-07,4.428824424743652,2005-10-18,false,false,251
2006-10-10,5.105879783630371,5.1129326820373535,2006-10-05,4.428824424743652,2005-10-18,false,false,251
2006-10-11,5.067091941833496,5.1129326820373535,2006-10-05,4.428824424743652,2005-10-18,false,false,251
2006-10-12,5.007146835327148,5.1129326820373535,2006-10-05,4.428824424743652,2005-10-18,false,false,251
2006-10-13,5.070617198944092,5.1129326820373535,2006-10-05,4.428824424743652,2005-10-18,false,false,251
2006-10-16,5.21166467666626,5.21166467666626,2006-10-16,4.428824424743652,2005-10-18,true,false,251
2006-10-17,5.12703800201416,5.21166467666626,2006-10-16,4.428824424743652,2005-10-18,false,false,251
2006-10-18,5.123509883880615,5.21166467666626,2006-10-16,4.428824424743652,2005-10-18,false,false,251
2006-10-19,5.091775417327881,5.21166467666626,2006-10-16,4.476700782775879,2005-11-16,false,false,251
2006-10-20,5.1129326820373535,5.21166467666626,2006-10-16,4.476700782775879,2005-11-16,false,false,251
2006-10-23,5.014199256896973,5.21166467666626,2006-10-16,4.476700782775879,2005-11-16,false,false,251
2006-10-24,5.024777412414551,5.21166467666626,2006-10-16,4.476700782775879,2005-11-16,false,false,251
2006-10-25,5.05651330947876,5.21166467666626,2006-10-16,4.476700782775879,2005-11-16,false,false,251
2006-10-26,4.98599100112915,5.21166467666626,2006-10-16,4.476700782775879,2005-11-16,false,false,251
2006-10-27,4.964834213256836,5.21166467666626,2006-10-16,4.476700782775879,2005-11-16,false,false,251
2006-10-30,5.007146835327148,5.21166467666626,2006-10-16,4.476700782775879,2005-11-16,false,false,251
2006-10-31,5.007146835327148,5.21166467666626,2006-10-16,4.476700782775879,2005-11-16,false,false,251
2006-11-01,5.017725944519043,5.21166467666626,2006-10-16,4.476700782775879,2005-11-16,false,false,251
2006-11-02,5.04593563079834,5.21166467666626,2006-10-16,4.476700782775879,2005-11-16,false,false,251
2006-11-03,4.993042945861816,5.21166467666626,2006-10-16,4.476700782775879,2005-11-16,false,false,251
2006-11-06,5.035356521606445,5.21166467666626,2006-10-16,4.476700782775879,2005-11-16,false,false,251
2006-11-07,5.0424089431762695,5.21166467666626,2006-10-16,4.476700782775879,2005-11-16,false,false,251
2006-11-08,4.964834213256836,5.21166467666626,2006-10-16,4.476700782775879,2005-11-16,false,false,251
2006-11-09,5.024777412414551,5.21166467666626,2006-10-16,4.476700782775879,2005-11-16,false,false,251
2006-11-10,4.968359470367432,5.21166467666626,2006-10-16,4.476700782775879,2005-11-16,false,false,251
2006-11-13,5.028304576873779,5.21166467666626,2006-10-16,4.476700782775879,2005-11-16,false,false,251
2006-11-14,4.9718852043151855,5.21166467666626,2006-10-16,4.476700782775879,2005-11-16,false,false,251
2006-11-15,4.964834213256836,5.21166467666626,2006-10-16,4.476700782775879,2005-11-16,false,false,251
2006-11-16,5.028304576873779,5.21166467666626,2006-10-16,4.476700782775879,2005-11-16,false,false,251
2006-11-17,5.010673999786377,5.21166467666626,2006-10-16,4.565622329711914,2005-11-18,false,false,251
2006-11-20,5.0424089431762695,5.21166467666626,2006-10-16,4.565622329711914,2005-11-18,false,false,251
2006-11-21,4.957780838012695,5.21166467666626,2006-10-16,4.597189426422119,2006-08-11,false,false,251
2006-11-22,5.007146835327148,5.21166467666626,2006-10-16,4.597189426422119,2006-08-11,false,false,251
2006-11-24,5.007146835327148,5.21166467666626,2006-10-16,4.597189426422119,2006-08-11,false,false,251
2006-11-27,5.024777412414551,5.21166467666626,2006-10-16,4.597189426422119,2006-08-11,false,false,251
2006-11-28,5.024777412414551,5.21166467666626,2006-10-16,4.597189426422119,2006-08-11,false,false,251
2006-11-29,5.007146835327148,5.21166467666626,2006-10-16,4.597189426422119,2006-08-11,false,false,251
2006-11-30,4.978938102722168,5.21166467666626,2006-10-16,4.597189426422119,2006-08-11,false,false,251
2006-12-01,4.982463836669922,5.21166467666626,2006-10-16,4.597189426422119,2006-08-11,false,false,251
2006-12-04,4.98951530456543,5.21166467666626,2006-10-16,4.597189426422119,2006-08-11,false,false,251
2006-12-05,5.024777412414551,5.21166467666626,2006-10-16,4.597189426422119,2006-08-11,false,false,251
2006-12-06,5.0212531089782715,5.21166467666626,2006-10-16,4.597189426422119,2006-08-11,false,false,251
2006-12-07,5.0212531089782715,5.21166467666626,2006-10-16,4.597189426422119,2006-08-11,false,false,251
2006-12-08,5.024777412414551,5.21166467666626,2006-10-16,4.597189426422119,2006-08-11,false,false,251
2006-12-11,5.130562782287598,5.21166467666626,2006-10-16,4.597189426422119,2006-08-11,false,false,251
2006-12-12,5.134089469909668,5.21166467666626,2006-10-16,4.597189426422119,2006-08-11,false,false,251
2006-12-13,5.194034099578857,5.21166467666626,2006-10-16,4.597189426422119,2006-08-11,false,false,251
2006-12-14,5.1129326820373535,5.21166467666626,2006-10-16,4.597189426422119,2006-08-11,false,false,251
2006-12-15,4.968359470367432,5.21166467666626,2006-10-16,4.597189426422119,2006-08-11,false,false,251
2006-12-18,5.000093460083008,5.21166467666626,2006-10-16,4.597189426422119,2006-08-11,false,false,251
2006-12-19,5.024777412414551,5.21166467666626,2006-10-16,4.597189426422119,2006-08-11,false,false,251
2006-12-20,4.99656867980957,5.21166467666626,2006-10-16,4.597189426422119,2006-08-11,false,false,251
2006-12-21,5.000093460083008,5.21166467666626,2006-10-16,4.597189426422119,2006-08-11,false,false,251
2006-12-22,5.074143886566162,5.21166467666626,2006-10-16,4.597189426422119,2006-08-11,false,false,251
2006-12-26,5.0424089431762695,5.21166467666626,2006-10-16,4.597189426422119,2006-08-11,false,false,251
2006-12-27,5.12703800201416,5.21166467666626,2006-10-16,4.597189426422119,2006-08-11,false,false,251
2006-12-28,4.993042945861816,5.21166467666626,2006-10-16,4.597189426422119,2006-08-11,false,false,251
2006-12-29,5.0424089431762695,5.21166467666626,2006-10-16,4.597189426422119,2006-08-11,false,false,251
2007-01-03,5.007146835327148,5.21166467666626,2006-10-16,4.597189426422119,2006-08-11,false,false,250
2007-01-04,5.007146835327148,5.21166467666626,2006-10-16,4.597189426422119,2006-08-11,false,false,250
2007-01-05,5.000093460083008,5.21166467666626,2006-10-16,4.597189426422119,2006-08-11,false,false,250
2007-01-08,5.007146835327148,5.21166467666626,2006-10-16,4.597189426422119,2006-08-11,false,false,250
2007-01-09,5.024777412414551,5.21166467666626,2006-10-16,4.597189426422119,2006-08-11,false,false,250
2007-01-10,4.982463836669922,5.21166467666626,2006-10-16,4.597189426422119,2006-08-11,false,false,250
2007-01-11,4.98951530456543,5.21166467666626,2006-10-16,4.597189426422119,2006-08-11,false,false,250
2007-01-12,5.014199256896973,5.21166467666626,2006-10-16,4.597189426422119,2006-08-11,false,false,250
2007-01-16,4.99656867980957,5.21166467666626,2006-10-16,4.597189426422119,2006-08-11,false,false,250
2007-01-17,5.0212531089782715,5.21166467666626,2006-10-16,4.597189426422119,2006-08-11,false,false,250
2007-01-18,5.010673999786377,5.21166467666626,2006-10-16,4.597189426422119,2006-08-11,false,false,250
2007-01-19,5.024777412414551,5.21166467666626,2006-10-16,4.597189426422119,2006-08-11,false,false,250
2007-01-22,5.04593563079834,5.21166467666626,2006-10-16,4.597189426422119,2006-08-11,false,false,250
2007-01-23,5.0212531089782715,5.21166467666626,2006-10-16,4.597189426422119,2006-08-11,false,false,250
2007-01-24,5.024777412414551,5.21166467666626,2006-10-16,4.597189426422119,2006-08-11,false,false,250
2007-01-25,5.003621578216553,5.21166467666626,2006-10-16,4.597189426422119,2006-08-11,false,false,250
2007-01-26,5.074143886566162,5.21166467666626,2006-10-16,4.597189426422119,2006-08-11,false,false,250
2007-01-29,5.088248252868652,5.21166467666626,2006-10-16,4.597189426422119,2006-08-11,false,false,250
2007-01-30,5.105879783630371,5.21166467666626,2006-10-16,4.597189426422119,2006-08-11,false,false,250
2007-01-31,5.077669620513916,5.21166467666626,2006-10-16,4.597189426422119,2006-08-11,false,false,250
2007-02-01,5.0635666847229,5.21166467666626,2006-10-16,4.597189426422119,2006-08-11,false,false,250
2007-02-02,5.081197261810303,5.21166467666626,2006-10-16,4.597189426422119,2006-08-11,false,false,250
2007-02-05,5.067091941833496,5.21166467666626,2006-10-16,4.597189426422119,2006-08-11,false,false,250
2007-02-06,5.077669620513916,5.21166467666626,2006-10-16,4.597189426422119,2006-08-11,false,false,250
2007-02-07,5.116458892822266,5.21166467666626,2006-10-16,4.597189426422119,2006-08-11,false,false,250
2007-02-08,5.261030673980713,5.261030673980713,2007-02-08,4.597189426422119,2006-08-11,true,false,250
2007-02-09,5.278661251068115,5.278661251068115,2007-02-09,4.597189426422119,2006-08-11,true,false,250
2007-02-12,5.387971878051758,5.387971878051758,2007-02-12,4.597189426422119,2006-08-11,true,false,250
2007-02-13,5.395024299621582,5.395024299621582,2007-02-13,4.597189426422119,2006-08-11,true,false,250
2007-02-14,5.553703308105469,5.553703308105469,2007-02-14,4.597189426422119,2006-08-11,true,false,250
2007-02-15,5.476126670837402,5.553703308105469,2007-02-14,4.597189426422119,2006-08-11,false,false,250
2007-02-16,5.514914035797119,5.553703308105469,2007-02-14,4.597189426422119,2006-08-11,false,false,250
2007-02-20,5.659487247467041,5.659487247467041,2007-02-20,4.597189426422119,2006-08-11,true,false,250
2007-02-21,5.641857147216797,5.659487247467041,2007-02-20,4.597189426422119,2006-08-11,false,false,250
2007-02-22,5.666539669036865,5.666539669036865,2007-02-22,4.597189426422119,2006-08-11,true,false,250
2007-02-23,5.574860095977783,5.666539669036865,2007-02-22,4.597189426422119,2006-08-11,false,false,250
2007-02-26,5.62422513961792,5.666539669036865,2007-02-22,4.597189426422119,2006-08-11,false,false,250
2007-02-27,5.553703308105469,5.666539669036865,2007-02-22,4.597189426422119,2006-08-11,false,false,250
2007-02-28,5.62422513961792,5.666539669036865,2007-02-22,4.597189426422119,2006-08-11,false,false,250
2007-03-01,5.560755729675293,5.666539669036865,2007-02-22,4.597189426422119,2006-08-11,false,false,250
2007-03-02,5.553703308105469,5.666539669036865,2007-02-22,4.597189426422119,2006-08-11,false,false,250
2007-03-05,5.289241313934326,5.666539669036865,2007-02-22,4.597189426422119,2006-08-11,false,false,250
2007-03-06,5.328029155731201,5.666539669036865,2007-02-22,4.597189426422119,2006-08-11,false,false,250
2007-03-07,5.289241313934326,5.666539669036865,2007-02-22,4.597189426422119,2006-08-11,false,false,250
2007-03-08,5.3456597328186035,5.666539669036865,2007-02-22,4.597189426422119,2006-08-11,false,false,250
2007-03-09,5.236347198486328,5.666539669036865,2007-02-22,4.597189426422119,2006-08-11,false,false,250
2007-03-12,5.229295253753662,5.666539669036865,2007-02-22,4.597189426422119,2006-08-11,false,false,250
2007-03-13,5.243399620056152,5.666539669036865,2007-02-22,4.597189426422119,2006-08-11,false,false,250
2007-03-14,5.236347198486328,5.666539669036865,2007-02-22,4.597189426422119,2006-08-11,false,false,250
2007-03-15,5.236347198486328,5.666539669036865,2007-02-22,4.597189426422119,2006-08-11,false,false,250
2007-03-16,5.236347198486328,5.666539669036865,2007-02-22,4.597189426422119,2006-08-11,false,false,250
2007-03-19,5.303344249725342,5.666539669036865,2007-02-22,4.597189426422119,2006-08-11,false,false,250
2007-03-20,5.246925354003906,5.666539669036865,2007-02-22,4.597189426422119,2006-08-11,false,false,250
2007-03-21,5.368614673614502,5.666539669036865,2007-02-22,4.597189426422119,2006-08-11,false,false,250
2007-03-22,5.268401145935059,5.666539669036865,2007-02-22,4.597189426422119,2006-08-11,false,false,250
2007-03-23,5.225452423095703,5.666539669036865,2007-02-22,4.597189426422119,2006-08-11,false,false,250
2007-03-26,5.189660549163818,5.666539669036865,2007-02-22,4.597189426422119,2006-08-11,false,false,250
2007-03-27,5.279138088226318,5.666539669036865,2007-02-22,4.597189426422119,2006-08-11,false,false,250
2007-03-28,5.203977108001709,5.666539669036865,2007-02-22,4.597189426422119,2006-08-11,false,false,250
2007-03-29,5.289875030517578,5.666539669036865,2007-02-22,4.597189426422119,2006-08-11,false,false,250
2007-03-30,5.282717704772949,5.666539669036865,2007-02-22,4.597189426422119,2006-08-11,false,false,250
2007-04-02,5.236187934875488,5.666539669036865,2007-02-22,4.597189426422119,2006-08-11,false,false,250
2007-04-03,5.407985687255859,5.666539669036865,2007-02-22,4.597189426422119,2006-08-11,false,false,250
2007-04-04,5.386510848999023,5.666539669036865,2007-02-22,4.597189426422119,2006-08-11,false,false,250
2007-04-05,5.372193336486816,5.666539669036865,2007-02-22,4.597189426422119,2006-08-11,false,false,250
2007-04-09,5.368614673614502,5.666539669036865,2007-02-22,4.597189426422119,2006-08-11,false,false,249
2007-04-10,5.36145544052124,5.666539669036865,2007-02-22,4.597189426422119,2006-08-11,false,false,249
2007-04-11,5.422300815582275,5.666539669036865,2007-02-22,4.597189426422119,2006-08-11,false,false,249
2007-04-12,5.475987911224365,5.666539669036865,2007-02-22,4.597189426422119,2006-08-11,false,false,249
2007-04-13,5.440195560455322,5.666539669036865,2007-02-22,4.597189426422119,2006-08-11,false,false,249
2007-04-16,5.429460525512695,5.666539669036865,2007-02-22,4.597189426422119,2006-08-11,false,false,250
2007-04-17,5.415142059326172,5.666539669036865,2007-02-22,4.597189426422119,2006-08-11,false,false,250
2007-04-18,5.43661642074585,5.666539669036865,2007-02-22,4.597189426422119,2006-08-11,false,false,250
2007-04-19,5.36145544052124,5.666539669036865,2007-02-22,4.597189426422119,2006-08-11,false,false,250
2007-04-20,5.3900885581970215,5.666539669036865,2007-02-22,4.597189426422119,2006-08-11,false,false,250
2007-04-23,5.368614673614502,5.666539669036865,2007-02-22,4.597189426422119,2006-08-11,false,false,250
2007-04-24,5.368614673614502,5.666539669036865,2007-02-22,4.597189426422119,2006-08-11,false,false,250
2007-04-25,5.379353046417236,5.666539669036865,2007-02-22,4.597189426422119,2006-08-11,false,false,250
2007-04-26,5.415142059326172,5.666539669036865,2007-02-22,4.597189426422119,2006-08-11,false,false,250
2007-04-27,5.415142059326172,5.666539669036865,2007-02-22,4.597189426422119,2006-08-11,false,false,250
2007-04-30,5.318507671356201,5.666539669036865,2007-02-22,4.597189426422119,2006-08-11,false,false,250
2007-05-01,5.311350345611572,5.666539669036865,2007-02-22,4.597189426422119,2006-08-11,false,false,250
2007-05-02,5.365035533905029,5.666539669036865,2007-02-22,4.597189426422119,2006-08-11,false,false,250
2007-05-03,5.332823753356934,5.666539669036865,2007-02-22,4.597189426422119,2006-08-11,false,false,250
2007-05-04,5.196820259094238,5.666539669036865,2007-02-22,4.597189426422119,2006-08-11,false,false,250
2007-05-07,5.143131732940674,5.666539669036865,2007-02-22,4.597189426422119,2006-08-11,false,false,250
2007-05-08,5.139553546905518,5.666539669036865,2007-02-22,4.597189426422119,2006-08-11,false,false,250
2007-05-09,5.153870105743408,5.666539669036865,2007-02-22,4.597189426422119,2006-08-11,false,false,250
2007-05-10,5.254084587097168,5.666539669036865,2007-02-22,4.597189426422119,2006-08-11,false,false,250
2007-05-11,5.268401145935059,5.666539669036865,2007-02-22,4.597189426422119,2006-08-11,false,false,250
2007-05-14,5.218292236328125,5.666539669036865,2007-02-22,4.597189426422119,2006-08-11,false,false,250
2007-05-15,5.34356164932251,5.666539669036865,2007-02-22,4.597189426422119,2006-08-11,false,false,250
2007-05-16,5.232611179351807,5.666539669036865,2007-02-22,4.597189426422119,2006-08-11,false,false,250
2007-05-17,5.186080455780029,5.666539669036865,2007-02-22,4.597189426422119,2006-08-11,false,false,250
2007-05-18,5.186080455780029,5.666539669036865,2007-02-22,4.597189426422119,2006-08-11,false,false,250
2007-05-21,5.186080455780029,5.666539669036865,2007-02-22,4.597189426422119,2006-08-11,false,false,250
2007-05-22,5.182504177093506,5.666539669036865,2007-02-22,4.597189426422119,2006-08-11,false,false,250
2007-05-23,5.168186664581299,5.666539669036865,2007-02-22,4.597189426422119,2006-08-11,false,false,250
2007-05-24,5.168186664581299,5.666539669036865,2007-02-22,4.597189426422119,2006-08-11,false,false,250
2007-05-25,5.135973930358887,5.666539669036865,2007-02-22,4.597189426422119,2006-08-11,false,false,250
2007-05-29,5.178922653198242,5.666539669036865,2007-02-22,4.597189426422119,2006-08-11,false,false,250
2007-05-30,5.322086334228516,5.666539669036865,2007-02-22,4.597189426422119,2006-08-11,false,false,250
2007-05-31,5.297034740447998,5.666539669036865,2007-02-22,4.597189426422119,2006-08-11,false,false,250
2007-06-01,5.182504177093506,5.666539669036865,2007-02-22,4.597189426422119,2006-08-11,false,false,250
2007-06-04,5.232611179351807,5.666539669036865,2007-02-22,4.597189426422119,2006-08-11,false,false,250
2007-06-05,5.239768981933594,5.666539669036865,2007-02-22,4.597189426422119,2006-08-11,false,false,250
2007-06-06,5.236187934875488,5.666539669036865,2007-02-22,4.597189426422119,2006-08-11,false,false,250
2007-06-07,5.200397968292236,5.666539669036865,2007-02-22,4.597189426422119,2006-08-11,false,false,250
2007-06-08,5.214714527130127,5.666539669036865,2007-02-22,4.597189426422119,2006-08-11,false,false,250
2007-06-11,5.168186664581299,5.666539669036865,2007-02-22,4.597189426422119,2006-08-11,false,false,250
2007-06-12,5.239768981933594,5.666539669036865,2007-02-22,4.597189426422119,2006-08-11,false,false,250
2007-06-13,5.229030132293701,5.666539669036865,2007-02-22,4.597189426422119,2006-08-11,false,false,250
2007-06-14,5.243346214294434,5.666539669036865,2007-02-22,4.597189426422119,2006-08-11,false,false,250
2007-06-15,5.43303918838501,5.666539669036865,2007-02-22,4.597189426422119,2006-08-11,false,false,250
2007-06-18,5.558305263519287,5.666539669036865,2007-02-22,4.597189426422119,2006-08-11,false,false,250
2007-06-19,5.608412742614746,5.666539669036865,2007-02-22,4.597189426422119,2006-08-11,false,false,250
2007-06-20,5.522514820098877,5.666539669036865,2007-02-22,4.597189426422119,2006-08-11,false,false,250
2007-06-21,5.490302562713623,5.666539669036865,2007-02-22,4.597189426422119,2006-08-11,false,false,250
2007-06-22,5.501039505004883,5.666539669036865,2007-02-22,4.597189426422119,2006-08-11,false,false,250
2007-06-25,5.501039505004883,5.666539669036865,2007-02-22,4.597189426422119,2006-08-11,false,false,250
2007-06-26,5.493882179260254,5.666539669036865,2007-02-22,4.597189426422119,2006-08-11,false,false,250
2007-06-27,5.465249538421631,5.666539669036865,2007-02-22,4.597189426422119,2006-08-11,false,false,250
2007-06-28,5.565464496612549,5.666539669036865,2007-02-22,4.597189426422119,2006-08-11,false,false,250
2007-06-29,5.5296735763549805,5.666539669036865,2007-02-22,4.597189426422119,2006-08-11,false,false,250
2007-07-02,5.561886787414551,5.666539669036865,2007-02-22,4.597189426422119,2006-08-11,false,false,250
2007-07-03,5.547568321228027,5.666539669036865,2007-02-22,4.597189426422119,2006-08-11,false,false,250
2007-07-05,5.493882179260254,5.666539669036865,2007-02-22,4.597189426422119,2006-08-11,false,false,250
2007-07-06,5.708627700805664,5.708627700805664,2007-07-06,4.597189426422119,2006-08-11,true,false,250
2007-07-09,5.601253032684326,5.708627700805664,2007-07-06,4.597189426422119,2006-08-11,false,false,250
2007-07-10,5.601253032684326,5.708627700805664,2007-07-06,4.597189426422119,2006-08-11,false,false,250
2007-07-11,5.601253032684326,5.708627700805664,2007-07-06,4.597189426422119,2006-08-11,false,false,250
2007-07-12,5.604834079742432,5.708627700805664,2007-07-06,4.597189426422119,2006-08-11,false,false,250
2007-07-13,5.66567850112915,5.708627700805664,2007-07-06,4.597189426422119,2006-08-11,false,false,250
2007-07-16,5.71220588684082,5.71220588684082,2007-07-16,4.597189426422119,2006-08-11,true,false,250
2007-07-17,5.6692585945129395,5.71220588684082,2007-07-16,4.597189426422119,2006-08-11,false,false,250
2007-07-18,5.708627700805664,5.71220588684082,2007-07-16,4.597189426422119,2006-08-11,false,false,250
2007-07-19,5.6692585945129395,5.71220588684082,2007-07-16,4.597189426422119,2006-08-11,false,false,250
2007-07-20,5.604834079742432,5.71220588684082,2007-07-16,4.597189426422119,2006-08-11,false,false,250
2007-07-23,5.66567850112915,5.71220588684082,2007-07-16,4.597189426422119,2006-08-11,false,false,250
2007-07-24,5.601253032684326,5.71220588684082,2007-07-16,4.597189426422119,2006-08-11,false,false,250
2007-07-25,5.611992359161377,5.71220588684082,2007-07-16,4.597189426422119,2006-08-11,false,false,250
2007-07-26,5.511778831481934,5.71220588684082,2007-07-16,4.597189426422119,2006-08-11,false,false,250
2007-07-27,5.543989181518555,5.71220588684082,2007-07-16,4.597189426422119,2006-08-11,false,false,250
2007-07-30,5.511778831481934,5.71220588684082,2007-07-16,4.597189426422119,2006-08-11,false,false,250
2007-07-31,5.522514820098877,5.71220588684082,2007-07-16,4.597189426422119,2006-08-11,false,false,250
2007-08-01,5.3900885581970215,5.71220588684082,2007-07-16,4.597189426422119,2006-08-11,false,false,250
2007-08-02,5.368614673614502,5.71220588684082,2007-07-16,4.597189426422119,2006-08-11,false,false,250
2007-08-03,5.2862958908081055,5.71220588684082,2007-07-16,4.597189426422119,2006-08-11,false,false,250
2007-08-06,5.271979331970215,5.71220588684082,2007-07-16,4.597189426422119,2006-08-11,false,false,250
2007-08-07,5.132396221160889,5.71220588684082,2007-07-16,4.597189426422119,2006-08-11,false,false,250
2007-08-08,5.168186664581299,5.71220588684082,2007-07-16,4.597189426422119,2006-08-11,false,false,250
2007-08-09,5.261241436004639,5.71220588684082,2007-07-16,4.597189426422119,2006-08-11,false,false,250
2007-08-10,5.243346214294434,5.71220588684082,2007-07-16,4.597189426422119,2006-08-11,false,false,250
2007-08-13,5.250504970550537,5.71220588684082,2007-07-16,4.597189426422119,2006-08-11,false,false,250
2007-08-14,5.207556247711182,5.71220588684082,2007-07-16,4.7567901611328125,2006-09-19,false,false,250
2007-08-15,5.207556247711182,5.71220588684082,2007-07-16,4.7567901611328125,2006-09-19,false,false,250
2007-08-16,5.189660549163818,5.71220588684082,2007-07-16,4.7567901611328125,2006-09-19,false,false,250
2007-08-17,5.214714527130127,5.71220588684082,2007-07-16,4.7567901611328125,2006-09-19,false,false,250
2007-08-20,5.189660549163818,5.71220588684082,2007-07-16,4.7567901611328125,2006-09-19,false,false,250
2007-08-21,5.118080139160156,5.71220588684082,2007-07-16,4.7567901611328125,2006-09-19,false,false,250
2007-08-22,5.221871852874756,5.71220588684082,2007-07-16,4.7567901611328125,2006-09-19,false,false,250
2007-08-23,5.257663249969482,5.71220588684082,2007-07-16,4.7567901611328125,2006-09-19,false,false,250
2007-08-24,5.275559425354004,5.71220588684082,2007-07-16,4.7567901611328125,2006-09-19,false,false,250
2007-08-27,5.450934410095215,5.71220588684082,2007-07-16,4.7567901611328125,2006-09-19,false,false,250
2007-08-28,5.279138088226318,5.71220588684082,2007-07-16,4.7567901611328125,2006-09-19,false,false,250
2007-08-29,5.293452739715576,5.71220588684082,2007-07-16,4.7567901611328125,2006-09-19,false,false,250
2007-08-30,5.225452423095703,5.71220588684082,2007-07-16,4.7567901611328125,2006-09-19,false,false,250
2007-08-31,5.189660549163818,5.71220588684082,2007-07-16,4.7567901611328125,2006-09-19,false,false,250
2007-09-04,5.218292236328125,5.71220588684082,2007-07-16,4.7567901611328125,2006-09-19,false,false,250
2007-09-05,5.2111358642578125,5.71220588684082,2007-07-16,4.7567901611328125,2006-09-19,false,false,250
2007-09-06,5.297034740447998,5.71220588684082,2007-07-16,4.7567901611328125,2006-09-19,false,false,250
2007-09-07,5.307770729064941,5.71220588684082,2007-07-16,4.7567901611328125,2006-09-19,false,false,250
2007-09-10,5.171763896942139,5.71220588684082,2007-07-16,4.7567901611328125,2006-09-19,false,false,250
2007-09-11,5.279138088226318,5.71220588684082,2007-07-16,4.7567901611328125,2006-09-19,false,false,250
2007-09-12,5.282717704772949,5.71220588684082,2007-07-16,4.7567901611328125,2006-09-19,false,false,250
2007-09-13,5.2862958908081055,5.71220588684082,2007-07-16,4.7567901611328125,2006-09-19,false,false,250
2007-09-14,5.246925354003906,5.71220588684082,2007-07-16,4.7567901611328125,2006-09-19,false,false,250
2007-09-17,5.214714527130127,5.71220588684082,2007-07-16,4.7567901611328125,2006-09-19,false,false,250
2007-09-18,5.182504177093506,5.71220588684082,2007-07-16,4.7567901611328125,2006-09-19,false,false,250
2007-09-19,5.364471435546875,5.71220588684082,2007-07-16,4.7567901611328125,2006-09-19,false,false,250
2007-09-20,5.269848346710205,5.71220588684082,2007-07-16,4.873152732849121,2006-09-21,false,false,250
2007-09-21,5.2989630699157715,5.71220588684082,2007-07-16,4.873152732849121,2006-09-21,false,false,250
2007-09-24,5.2880449295043945,5.71220588684082,2007-07-16,4.936622619628906,2006-09-26,false,false,250
2007-09-25,5.291684150695801,5.71220588684082,2007-07-16,4.936622619628906,2006-09-26,false,false,250
2007-09-26,5.240731716156006,5.71220588684082,2007-07-16,4.936622619628906,2006-09-26,false,false,250
2007-09-27,5.240731716156006,5.71220588684082,2007-07-16,4.940151691436768,2006-10-03,false,false,250
2007-09-28,5.240731716156006,5.71220588684082,2007-07-16,4.940151691436768,2006-10-03,false,false,250
2007-10-01,5.291684150695801,5.71220588684082,2007-07-16,4.940151691436768,2006-10-03,false,false,250
2007-10-02,5.3317179679870605,5.71220588684082,2007-07-16,4.940151691436768,2006-10-03,false,false,250
2007-10-03,5.604671955108643,5.71220588684082,2007-07-16,4.940151691436768,2006-10-03,false,false,250
2007-10-04,5.502768516540527,5.71220588684082,2007-07-16,4.957780838012695,2006-11-21,false,false,250
2007-10-05,5.673821449279785,5.71220588684082,2007-07-16,4.957780838012695,2006-11-21,false,false,250
2007-10-08,5.713853359222412,5.713853359222412,2007-10-08,4.957780838012695,2006-11-21,true,false,250
2007-10-09,5.750248432159424,5.750248432159424,2007-10-09,4.957780838012695,2006-11-21,true,false,250
2007-10-10,5.721133708953857,5.750248432159424,2007-10-09,4.957780838012695,2006-11-21,false,false,250
2007-10-11,5.662902355194092,5.750248432159424,2007-10-09,4.957780838012695,2006-11-21,false,false,250
2007-10-12,5.637427806854248,5.750248432159424,2007-10-09,4.957780838012695,2006-11-21,false,false,250
2007-10-15,5.6192307472229,5.750248432159424,2007-10-09,4.957780838012695,2006-11-21,false,false,250
2007-10-16,5.604671955108643,5.750248432159424,2007-10-09,4.957780838012695,2006-11-21,false,false,250
2007-10-17,5.586474418640137,5.750248432159424,2007-10-09,4.957780838012695,2006-11-21,false,false,250
2007-10-18,5.586474418640137,5.750248432159424,2007-10-09,4.957780838012695,2006-11-21,false,false,250
2007-10-19,5.641066551208496,5.750248432159424,2007-10-09,4.957780838012695,2006-11-21,false,false,250
2007-10-22,5.568277835845947,5.750248432159424,2007-10-09,4.957780838012695,2006-11-21,false,false,250
2007-10-23,5.641066551208496,5.750248432159424,2007-10-09,4.957780838012695,2006-11-21,false,false,250
2007-10-24,5.590115070343018,5.750248432159424,2007-10-09,4.957780838012695,2006-11-21,false,false,250
2007-10-25,5.590115070343018,5.750248432159424,2007-10-09,4.957780838012695,2006-11-21,false,false,250
2007-10-26,5.65926456451416,5.750248432159424,2007-10-09,4.957780838012695,2006-11-21,false,false,250
2007-10-29,5.662902355194092,5.750248432159424,2007-10-09,4.957780838012695,2006-11-21,false,false,250
2007-10-30,5.662902355194092,5.750248432159424,2007-10-09,4.957780838012695,2006-11-21,false,false,250
2007-10-31,5.732051372528076,5.750248432159424,2007-10-09,4.957780838012695,2006-11-21,false,false,250
2007-11-01,5.655624866485596,5.750248432159424,2007-10-09,4.957780838012695,2006-11-21,false,false,250
2007-11-02,5.641066551208496,5.750248432159424,2007-10-09,4.957780838012695,2006-11-21,false,false,250
2007-11-05,5.768446922302246,5.768446922302246,2007-11-05,4.957780838012695,2006-11-21,true,false,250
2007-11-06,5.699296951293945,5.768446922302246,2007-11-05,4.957780838012695,2006-11-21,false,false,250
2007-11-07,5.637427806854248,5.768446922302246,2007-11-05,4.957780838012695,2006-11-21,false,false,250
2007-11-08,5.539164066314697,5.768446922302246,2007-11-05,4.957780838012695,2006-11-21,false,false,250
2007-11-09,5.404506206512451,5.768446922302246,2007-11-05,4.957780838012695,2006-11-21,false,false,250
2007-11-12,5.3317179679870605,5.768446922302246,2007-11-05,4.957780838012695,2006-11-21,false,false,250
2007-11-13,5.284407615661621,5.768446922302246,2007-11-05,4.957780838012695,2006-11-21,false,false,250
2007-11-14,5.320799827575684,5.768446922302246,2007-11-05,4.957780838012695,2006-11-21,false,false,250
2007-11-15,5.277127265930176,5.768446922302246,2007-11-05,4.957780838012695,2006-11-21,false,false,250
2007-11-16,5.240731716156006,5.768446922302246,2007-11-05,4.957780838012695,2006-11-21,false,false,250
2007-11-19,5.419062614440918,5.768446922302246,2007-11-05,4.957780838012695,2006-11-21,false,false,250
2007-11-20,5.3535542488098145,5.768446922302246,2007-11-05,4.957780838012695,2006-11-21,false,false,250
2007-11-21,5.357193946838379,5.768446922302246,2007-11-05,4.957780838012695,2006-11-21,false,false,250
2007-11-23,5.284407615661621,5.768446922302246,2007-11-05,4.968359470367432,2006-12-15,false,false,250
2007-11-26,5.382668495178223,5.768446922302246,2007-11-05,4.968359470367432,2006-12-15,false,false,250
2007-11-27,5.400866985321045,5.768446922302246,2007-11-05,4.968359470367432,2006-12-15,false,false,250
2007-11-28,5.317160129547119,5.768446922302246,2007-11-05,4.968359470367432,2006-12-15,false,false,250
2007-11-29,5.386308670043945,5.768446922302246,2007-11-05,4.968359470367432,2006-12-15,false,false,250
2007-11-30,5.386308670043945,5.768446922302246,2007-11-05,4.968359470367432,2006-12-15,false,false,250
2007-12-03,5.386308670043945,5.768446922302246,2007-11-05,4.968359470367432,2006-12-15,false,false,250
2007-12-04,5.386308670043945,5.768446922302246,2007-11-05,4.968359470367432,2006-12-15,false,false,250
2007-12-05,5.389948844909668,5.768446922302246,2007-11-05,4.968359470367432,2006-12-15,false,false,250
2007-12-06,5.364471435546875,5.768446922302246,2007-11-05,4.968359470367432,2006-12-15,false,false,250
2007-12-07,5.389948844909668,5.768446922302246,2007-11-05,4.968359470367432,2006-12-15,false,false,250
2007-12-10,5.375391006469727,5.768446922302246,2007-11-05,4.968359470367432,2006-12-15,false,false,250
2007-12-11,5.389948844909668,5.768446922302246,2007-11-05,4.968359470367432,2006-12-15,false,false,250
2007-12-12,5.45545768737793,5.768446922302246,2007-11-05,4.968359470367432,2006-12-15,false,false,250
2007-12-13,5.389948844909668,5.768446922302246,2007-11-05,4.968359470367432,2006-12-15,false,false,250
2007-12-14,5.342635154724121,5.768446922302246,2007-11-05,4.968359470367432,2006-12-15,false,false,250
2007-12-17,5.240731716156006,5.768446922302246,2007-11-05,4.968359470367432,2006-12-15,false,false,250
2007-12-18,5.240731716156006,5.768446922302246,2007-11-05,4.982463836669922,2007-01-10,false,false,250
2007-12-19,5.3317179679870605,5.768446922302246,2007-11-05,4.982463836669922,2007-01-10,false,false,250
2007-12-20,5.240731716156006,5.768446922302246,2007-11-05,4.982463836669922,2007-01-10,false,false,250
2007-12-21,5.338996887207031,5.768446922302246,2007-11-05,4.982463836669922,2007-01-10,false,false,250
2007-12-24,5.338996887207031,5.768446922302246,2007-11-05,4.982463836669922,2007-01-10,false,false,250
2007-12-26,5.338996887207031,5.768446922302246,2007-11-05,4.982463836669922,2007-01-10,false,false,250
2007-12-27,5.364471435546875,5.768446922302246,2007-11-05,4.982463836669922,2007-01-10,false,false,250
2007-12-28,5.437260627746582,5.768446922302246,2007-11-05,4.982463836669922,2007-01-10,false,false,250
2007-12-31,5.459096908569336,5.768446922302246,2007-11-05,4.982463836669922,2007-01-10,false,false,250
2008-01-02,5.386308670043945,5.768446922302246,2007-11-05,4.982463836669922,2007-01-10,false,false,251
2008-01-03,5.386308670043945,5.768446922302246,2007-11-05,4.982463836669922,2007-01-10,false,false,251
2008-01-04,5.3935866355896,5.768446922302246,2007-11-05,4.982463836669922,2007-01-10,false,false,251
2008-01-07,5.44089937210083,5.768446922302246,2007-11-05,4.982463836669922,2007-01-10,false,false,251
2008-01-08,5.404506206512451,5.768446922302246,2007-11-05,4.982463836669922,2007-01-10,false,false,251
2008-01-09,5.364471435546875,5.768446922302246,2007-11-05,4.982463836669922,2007-01-10,false,false,251
2008-01-10,5.382668495178223,5.768446922302246,2007-11-05,4.982463836669922,2007-01-10,false,false,251
2008-01-11,5.495491981506348,5.768446922302246,2007-11-05,4.99656867980957,2007-01-16,false,false,251
2008-01-14,5.382668495178223,5.768446922302246,2007-11-05,4.99656867980957,2007-01-16,false,false,251
2008-01-15,5.360832691192627,5.768446922302246,2007-11-05,4.99656867980957,2007-01-16,false,false,252
2008-01-16,5.451818466186523,5.768446922302246,2007-11-05,4.99656867980957,2007-01-16,false,false,252
2008-01-17,5.368111610412598,5.768446922302246,2007-11-05,5.003621578216553,2007-01-25,false,false,252
2008-01-18,5.389948844909668,5.768446922302246,2007-11-05,5.003621578216553,2007-01-25,false,false,252
2008-01-22,5.389948844909668,5.768446922302246,2007-11-05,5.003621578216553,2007-01-25,false,false,251
2008-01-23,5.44089937210083,5.768446922302246,2007-11-05,5.003621578216553,2007-01-25,false,false,251
2008-01-24,5.480933666229248,5.768446922302246,2007-11-05,5.003621578216553,2007-01-25,false,false,251
2008-01-25,5.466375350952148,5.768446922302246,2007-11-05,5.003621578216553,2007-01-25,false,false,251
2008-01-28,5.459096908569336,5.768446922302246,2007-11-05,5.0635666847229,2007-02-01,false,false,251
2008-01-29,5.459096908569336,5.768446922302246,2007-11-05,5.0635666847229,2007-02-01,false,false,251
2008-01-30,5.451818466186523,5.768446922302246,2007-11-05,5.0635666847229,2007-02-01,false,false,251
2008-01-31,5.422703742980957,5.768446922302246,2007-11-05,5.0635666847229,2007-02-01,false,false,251
2008-02-01,5.488212585449219,5.768446922302246,2007-11-05,5.0635666847229,2007-02-01,false,false,251
2008-02-04,5.5173258781433105,5.768446922302246,2007-11-05,5.067091941833496,2007-02-05,false,false,251
2008-02-05,5.531883716583252,5.768446922302246,2007-11-05,5.067091941833496,2007-02-05,false,false,251
2008-02-06,5.531883716583252,5.768446922302246,2007-11-05,5.116458892822266,2007-02-07,false,false,251
2008-02-07,5.531883716583252,5.768446922302246,2007-11-05,5.116458892822266,2007-02-07,false,false,251
2008-02-08,5.531883716583252,5.768446922302246,2007-11-05,5.118080139160156,2007-08-21,false,false,251
2008-02-11,5.510048866271973,5.768446922302246,2007-11-05,5.118080139160156,2007-08-21,false,false,251
2008-02-12,5.568277835845947,5.768446922302246,2007-11-05,5.118080139160156,2007-08-21,false,false,251
2008-02-13,5.524605751037598,5.768446922302246,2007-11-05,5.118080139160156,2007-08-21,false,false,251
2008-02-14,5.546440124511719,5.768446922302246,2007-11-05,5.118080139160156,2007-08-21,false,false,251
2008-02-15,5.539164066314697,5.768446922302246,2007-11-05,5.118080139160156,2007-08-21,false,false,251
2008-02-19,5.459096908569336,5.768446922302246,2007-11-05,5.118080139160156,2007-08-21,false,false,251
2008-02-20,5.459096908569336,5.768446922302246,2007-11-05,5.118080139160156,2007-08-21,false,false,251
2008-02-21,5.459096908569336,5.768446922302246,2007-11-05,5.118080139160156,2007-08-21,false,false,251
2008-02-22,5.466375350952148,5.768446922302246,2007-11-05,5.118080139160156,2007-08-21,false,false,251
2008-02-25,5.459096908569336,5.768446922302246,2007-11-05,5.118080139160156,2007-08-21,false,false,251
2008-02-26,5.448178291320801,5.768446922302246,2007-11-05,5.118080139160156,2007-08-21,false,false,251
2008-02-27,5.448178291320801,5.768446922302246,2007-11-05,5.118080139160156,2007-08-21,false,false,251
2008-02-28,5.379029750823975,5.768446922302246,2007-11-05,5.118080139160156,2007-08-21,false,false,251
2008-02-29,5.37175178527832,5.768446922302246,2007-11-05,5.118080139160156,2007-08-21,false,false,251
2008-03-03,5.473654270172119,5.768446922302246,2007-11-05,5.118080139160156,2007-08-21,false,false,251
2008-03-04,5.3935866355896,5.768446922302246,2007-11-05,5.118080139160156,2007-08-21,false,false,251
2008-03-05,5.550082206726074,5.768446922302246,2007-11-05,5.118080139160156,2007-08-21,false,false,251
2008-03-06,5.415424346923828,5.768446922302246,2007-11-05,5.118080139160156,2007-08-21,false,false,251
2008-03-07,5.415424346923828,5.768446922302246,2007-11-05,5.118080139160156,2007-08-21,false,false,251
2008-03-10,5.531883716583252,5.768446922302246,2007-11-05,5.118080139160156,2007-08-21,false,false,251
2008-03-11,5.429981231689453,5.768446922302246,2007-11-05,5.118080139160156,2007-08-21,false,false,251
2008-03-12,5.459096908569336,5.768446922302246,2007-11-05,5.118080139160156,2007-08-21,false,false,251
2008-03-13,5.531883716583252,5.768446922302246,2007-11-05,5.118080139160156,2007-08-21,false,false,251
2008-03-14,5.433621406555176,5.768446922302246,2007-11-05,5.118080139160156,2007-08-21,false,false,251
2008-03-17,5.386308670043945,5.768446922302246,2007-11-05,5.118080139160156,2007-08-21,false,false,251
2008-03-18,5.438100814819336,5.768446922302246,2007-11-05,5.118080139160156,2007-08-21,false,false,251
2008-03-19,5.593474864959717,5.768446922302246,2007-11-05,5.118080139160156,2007-08-21,false,false,251
2008-03-20,5.4676947593688965,5.768446922302246,2007-11-05,5.118080139160156,2007-08-21,false,false,251
2008-03-24,5.56757926940918,5.768446922302246,2007-11-05,5.118080139160156,2007-08-21,false,false,250
2008-03-25,5.748849391937256,5.768446922302246,2007-11-05,5.118080139160156,2007-08-21,false,false,250
2008-03-26,5.7821431159973145,5.7821431159973145,2008-03-26,5.118080139160156,2007-08-21,true,false,250
2008-03-27,5.771045207977295,5.7821431159973145,2008-03-26,5.118080139160156,2007-08-21,false,false,250
2008-03-28,5.641567230224609,5.7821431159973145,2008-03-26,5.118080139160156,2007-08-21,false,false,250
2008-03-31,5.634169101715088,5.7821431159973145,2008-03-26,5.118080139160156,2007-08-21,false,false,250
2008-04-01,5.841333389282227,5.841333389282227,2008-04-01,5.118080139160156,2007-08-21,true,false,250
2008-04-02,5.863529205322266,5.863529205322266,2008-04-02,5.118080139160156,2007-08-21,true,false,250
2008-04-03,5.882026195526123,5.882026195526123,2008-04-03,5.118080139160156,2007-08-21,true,false,250
2008-04-04,5.8783278465271,5.882026195526123,2008-04-03,5.118080139160156,2007-08-21,false,false,250
2008-04-07,5.91532039642334,5.91532039642334,2008-04-07,5.118080139160156,2007-08-21,true,false,251
2008-04-08,5.91532039642334,5.91532039642334,2008-04-08,5.118080139160156,2007-08-21,true,false,251
2008-04-09,5.882026195526123,5.91532039642334,2008-04-08,5.118080139160156,2007-08-21,false,false,251
2008-04-10,5.882026195526123,5.91532039642334,2008-04-08,5.118080139160156,2007-08-21,false,false,251
2008-04-11,5.756247520446777,5.91532039642334,2008-04-08,5.118080139160156,2007-08-21,false,false,251
2008-04-14,5.574977874755859,5.91532039642334,2008-04-08,5.118080139160156,2007-08-21,false,false,251
2008-04-15,5.55648136138916,5.91532039642334,2008-04-08,5.118080139160156,2007-08-21,false,false,251
2008-04-16,5.61937141418457,5.91532039642334,2008-04-08,5.118080139160156,2007-08-21,false,false,251
2008-04-17,5.693357467651367,5.91532039642334,2008-04-08,5.118080139160156,2007-08-21,false,false,251
2008-04-18,5.771045207977295,5.91532039642334,2008-04-08,5.118080139160156,2007-08-21,false,false,251
2008-04-21,5.91532039642334,5.91532039642334,2008-04-21,5.118080139160156,2007-08-21,true,false,251
2008-04-22,5.856131076812744,5.91532039642334,2008-04-21,5.118080139160156,2007-08-21,false,false,251
2008-04-23,5.91532039642334,5.91532039642334,2008-04-23,5.118080139160156,2007-08-21,true,false,251
2008-04-24,5.91532039642334,5.91532039642334,2008-04-24,5.118080139160156,2007-08-21,true,false,251
2008-04-25,5.7525482177734375,5.91532039642334,2008-04-24,5.118080139160156,2007-08-21,false,false,251
2008-04-28,5.708155632019043,5.91532039642334,2008-04-24,5.118080139160156,2007-08-21,false,false,251
2008-04-29,5.704456329345703,5.91532039642334,2008-04-24,5.118080139160156,2007-08-21,false,false,251
2008-04-30,5.704456329345703,5.91532039642334,2008-04-24,5.118080139160156,2007-08-21,false,false,251
2008-05-01,5.919021129608154,5.919021129608154,2008-05-01,5.118080139160156,2007-08-21,true,false,251
2008-05-02,5.822836399078369,5.919021129608154,2008-05-01,5.118080139160156,2007-08-21,false,false,251
2008-05-05,5.804338455200195,5.919021129608154,2008-05-01,5.118080139160156,2007-08-21,false,false,251
2008-05-06,5.682260036468506,5.919021129608154,2008-05-01,5.118080139160156,2007-08-21,false,false,251
2008-05-07,5.578676700592041,5.919021129608154,2008-05-01,5.118080139160156,2007-08-21,false,false,251
2008-05-08,5.730351448059082,5.919021129608154,2008-05-01,5.118080139160156,2007-08-21,false,false,251
2008-05-09,5.785843372344971,5.919021129608154,2008-05-01,5.118080139160156,2007-08-21,false,false,251
2008-05-12,5.774745941162109,5.919021129608154,2008-05-01,5.118080139160156,2007-08-21,false,false,251
2008-05-13,5.708155632019043,5.919021129608154,2008-05-01,5.118080139160156,2007-08-21,false,false,251
2008-05-14,5.571278095245361,5.919021129608154,2008-05-01,5.118080139160156,2007-08-21,false,false,251
2008-05-15,5.711853981018066,5.919021129608154,2008-05-01,5.118080139160156,2007-08-21,false,false,251
2008-05-16,5.704456329345703,5.919021129608154,2008-05-01,5.118080139160156,2007-08-21,false,false,251
2008-05-19,5.578676700592041,5.919021129608154,2008-05-01,5.118080139160156,2007-08-21,false,false,251
2008-05-20,5.6230692863464355,5.919021129608154,2008-05-01,5.118080139160156,2007-08-21,false,false,251
2008-05-21,5.60457181930542,5.919021129608154,2008-05-01,5.118080139160156,2007-08-21,false,false,251
2008-05-22,5.648965835571289,5.919021129608154,2008-05-01,5.118080139160156,2007-08-21,false,false,251
2008-05-23,5.641567230224609,5.919021129608154,2008-05-01,5.118080139160156,2007-08-21,false,false,251
2008-05-27,5.641567230224609,5.919021129608154,2008-05-01,5.118080139160156,2007-08-21,false,false,251
2008-05-28,5.641567230224609,5.919021129608154,2008-05-01,5.118080139160156,2007-08-21,false,false,251
2008-05-29,5.608273029327393,5.919021129608154,2008-05-01,5.118080139160156,2007-08-21,false,false,251
2008-05-30,5.60457181930542,5.919021129608154,2008-05-01,5.118080139160156,2007-08-21,false,false,251
2008-06-02,5.711853981018066,5.919021129608154,2008-05-01,5.118080139160156,2007-08-21,false,false,251
2008-06-03,5.711853981018066,5.919021129608154,2008-05-01,5.118080139160156,2007-08-21,false,false,251
2008-06-04,5.748849391937256,5.919021129608154,2008-05-01,5.118080139160156,2007-08-21,false,false,251
2008-06-05,5.748849391937256,5.919021129608154,2008-05-01,5.118080139160156,2007-08-21,false,false,251
2008-06-06,5.549081325531006,5.919021129608154,2008-05-01,5.118080139160156,2007-08-21,false,false,251
2008-06-09,5.549081325531006,5.919021129608154,2008-05-01,5.118080139160156,2007-08-21,false,false,251
2008-06-10,5.678560733795166,5.919021129608154,2008-05-01,5.118080139160156,2007-08-21,false,false,251
2008-06-11,5.685959339141846,5.919021129608154,2008-05-01,5.118080139160156,2007-08-21,false,false,251
2008-06-12,5.656363487243652,5.919021129608154,2008-05-01,5.118080139160156,2007-08-21,false,false,251
2008-06-13,5.5601806640625,5.919021129608154,2008-05-01,5.118080139160156,2007-08-21,false,false,251
2008-06-16,5.364112854003906,5.919021129608154,2008-05-01,5.118080139160156,2007-08-21,false,false,251
2008-06-17,5.364112854003906,5.919021129608154,2008-05-01,5.118080139160156,2007-08-21,false,false,251
2008-06-18,5.56757926940918,5.919021129608154,2008-05-01,5.118080139160156,2007-08-21,false,false,251
2008-06-19,5.56757926940918,5.919021129608154,2008-05-01,5.118080139160156,2007-08-21,false,false,251
2008-06-20,5.563879489898682,5.919021129608154,2008-05-01,5.118080139160156,2007-08-21,false,false,251
2008-06-23,5.563879489898682,5.919021129608154,2008-05-01,5.118080139160156,2007-08-21,false,false,251
2008-06-24,5.534286022186279,5.919021129608154,2008-05-01,5.118080139160156,2007-08-21,false,false,251
2008-06-25,5.678560733795166,5.919021129608154,2008-05-01,5.118080139160156,2007-08-21,false,false,251
2008-06-26,5.549081325531006,5.919021129608154,2008-05-01,5.118080139160156,2007-08-21,false,false,251
2008-06-27,5.534286022186279,5.919021129608154,2008-05-01,5.118080139160156,2007-08-21,false,false,251
2008-06-30,5.534286022186279,5.919021129608154,2008-05-01,5.118080139160156,2007-08-21,false,false,251
2008-07-01,5.534286022186279,5.919021129608154,2008-05-01,5.118080139160156,2007-08-21,false,false,251
2008-07-02,5.534286022186279,5.919021129608154,2008-05-01,5.118080139160156,2007-08-21,false,false,251
2008-07-03,5.549081325531006,5.919021129608154,2008-05-01,5.118080139160156,2007-08-21,false,false,252
2008-07-07,5.549081325531006,5.919021129608154,2008-05-01,5.118080139160156,2007-08-21,false,false,251
2008-07-08,5.541682720184326,5.919021129608154,2008-05-01,5.118080139160156,2007-08-21,false,false,251
2008-07-09,5.471395015716553,5.919021129608154,2008-05-01,5.118080139160156,2007-08-21,false,false,251
2008-07-10,5.545383453369141,5.919021129608154,2008-05-01,5.118080139160156,2007-08-21,false,false,251
2008-07-11,5.549081325531006,5.919021129608154,2008-05-01,5.118080139160156,2007-08-21,false,false,251
2008-07-14,5.549081325531006,5.919021129608154,2008-05-01,5.118080139160156,2007-08-21,false,false,251
2008-07-15,5.482492923736572,5.919021129608154,2008-05-01,5.118080139160156,2007-08-21,false,false,251
2008-07-16,5.404807090759277,5.919021129608154,2008-05-01,5.118080139160156,2007-08-21,false,false,251
2008-07-17,5.415903568267822,5.919021129608154,2008-05-01,5.118080139160156,2007-08-21,false,false,251
2008-07-18,5.364112854003906,5.919021129608154,2008-05-01,5.118080139160156,2007-08-21,false,false,251
2008-07-21,5.4491987228393555,5.919021129608154,2008-05-01,5.118080139160156,2007-08-21,false,false,251
2008-07-22,5.552780628204346,5.919021129608154,2008-05-01,5.118080139160156,2007-08-21,false,false,251
2008-07-23,5.549081325531006,5.919021129608154,2008-05-01,5.118080139160156,2007-08-21,false,false,251
2008-07-24,5.549081325531006,5.919021129608154,2008-05-01,5.118080139160156,2007-08-21,false,false,251
2008-07-25,5.593474864959717,5.919021129608154,2008-05-01,5.118080139160156,2007-08-21,false,false,251
2008-07-28,5.597174167633057,5.919021129608154,2008-05-01,5.118080139160156,2007-08-21,false,false,251
2008-07-29,5.4639973640441895,5.919021129608154,2008-05-01,5.118080139160156,2007-08-21,false,false,251
2008-07-30,5.4639973640441895,5.919021129608154,2008-05-01,5.118080139160156,2007-08-21,false,false,251
2008-07-31,5.4639973640441895,5.919021129608154,2008-05-01,5.118080139160156,2007-08-21,false,false,251
2008-08-01,5.66006326675415,5.919021129608154,2008-05-01,5.118080139160156,2007-08-21,false,false,251
2008-08-04,5.549081325531006,5.919021129608154,2008-05-01,5.118080139160156,2007-08-21,false,false,251
2008-08-05,5.4233012199401855,5.919021129608154,2008-05-01,5.118080139160156,2007-08-21,false,false,251
2008-08-06,5.438100814819336,5.919021129608154,2008-05-01,5.118080139160156,2007-08-21,false,false,251
2008-08-07,5.375210285186768,5.919021129608154,2008-05-01,5.118080139160156,2007-08-21,false,false,251
2008-08-08,5.826536655426025,5.919021129608154,2008-05-01,5.118080139160156,2007-08-21,false,false,251
2008-08-11,5.863529205322266,5.919021129608154,2008-05-01,5.118080139160156,2007-08-21,false,false,251
2008-08-12,5.6526641845703125,5.919021129608154,2008-05-01,5.118080139160156,2007-08-21,false,false,251
2008-08-13,5.6230692863464355,5.919021129608154,2008-05-01,5.118080139160156,2007-08-21,false,false,251
2008-08-14,5.648965835571289,5.919021129608154,2008-05-01,5.118080139160156,2007-08-21,false,false,251
2008-08-15,5.586076259613037,5.919021129608154,2008-05-01,5.118080139160156,2007-08-21,false,false,251
2008-08-18,5.545383453369141,5.919021129608154,2008-05-01,5.118080139160156,2007-08-21,false,false,251
2008-08-19,5.512088298797607,5.919021129608154,2008-05-01,5.118080139160156,2007-08-21,false,false,251
2008-08-20,5.512088298797607,5.919021129608154,2008-05-01,5.118080139160156,2007-08-21,false,false,251
2008-08-21,5.734050750732422,5.919021129608154,2008-05-01,5.171763896942139,2007-09-10,false,false,251
2008-08-22,5.882026195526123,5.919021129608154,2008-05-01,5.171763896942139,2007-09-10,false,false,251
2008-08-25,5.637866020202637,5.919021129608154,2008-05-01,5.171763896942139,2007-09-10,false,false,251
2008-08-26,5.678560733795166,5.919021129608154,2008-05-01,5.171763896942139,2007-09-10,false,false,251
2008-08-27,5.734050750732422,5.919021129608154,2008-05-01,5.171763896942139,2007-09-10,false,false,251
2008-08-28,5.826536655426025,5.919021129608154,2008-05-01,5.171763896942139,2007-09-10,false,false,251
2008-08-29,5.8672285079956055,5.919021129608154,2008-05-01,5.171763896942139,2007-09-10,false,false,251
2008-09-02,5.826536655426025,5.919021129608154,2008-05-01,5.171763896942139,2007-09-10,false,false,251
2008-09-03,5.882026195526123,5.919021129608154,2008-05-01,5.171763896942139,2007-09-10,false,false,251
2008-09-04,5.893125534057617,5.919021129608154,2008-05-01,5.171763896942139,2007-09-10,false,false,251
2008-09-05,5.97451114654541,5.97451114654541,2008-09-05,5.171763896942139,2007-09-10,true,false,251
2008-09-08,6.085494518280029,6.085494518280029,2008-09-08,5.171763896942139,2007-09-10,true,false,251
2008-09-09,6.096590995788574,6.096590995788574,2008-09-09,5.171763896942139,2007-09-10,true,false,251
2008-09-10,6.1557817459106445,6.1557817459106445,2008-09-10,5.182504177093506,2007-09-18,true,false,251
2008-09-11,6.3999409675598145,6.3999409675598145,2008-09-11,5.182504177093506,2007-09-18,true,false,251
2008-09-12,6.5035247802734375,6.5035247802734375,2008-09-12,5.182504177093506,2007-09-18,true,false,251
2008-09-15,6.418437957763672,6.5035247802734375,2008-09-12,5.182504177093506,2007-09-18,false,false,251
2008-09-16,6.226069927215576,6.5035247802734375,2008-09-12,5.182504177093506,2007-09-18,false,false,251
2008-09-17,6.436934471130371,6.5035247802734375,2008-09-12,5.182504177093506,2007-09-18,false,false,251
2008-09-18,6.46652889251709,6.5035247802734375,2008-09-12,5.240731716156006,2007-12-20,false,false,251
2008-09-19,6.736586570739746,6.736586570739746,2008-09-19,5.240731716156006,2007-12-20,true,false,251
2008-09-22,6.5368170738220215,6.736586570739746,2008-09-19,5.240731716156006,2007-12-20,false,false,251
2008-09-23,6.459131717681885,6.736586570739746,2008-09-19,5.240731716156006,2007-12-20,false,false,251
2008-09-24,6.421578407287598,6.736586570739746,2008-09-19,5.240731716156006,2007-12-20,false,false,251
2008-09-25,6.230057239532471,6.736586570739746,2008-09-19,5.240731716156006,2007-12-20,false,false,251
2008-09-26,6.380271911621094,6.736586570739746,2008-09-19,5.240731716156006,2007-12-20,false,false,251
2008-09-29,6.305164337158203,6.736586570739746,2008-09-19,5.240731716156006,2007-12-20,false,false,251
2008-09-30,6.601832866668701,6.736586570739746,2008-09-19,5.240731716156006,2007-12-20,false,false,251
2008-10-01,6.504196643829346,6.736586570739746,2008-09-19,5.240731716156006,2007-12-20,false,false,251
2008-10-02,6.6468963623046875,6.736586570739746,2008-09-19,5.240731716156006,2007-12-20,false,false,251
2008-10-03,6.797110080718994,6.797110080718994,2008-10-03,5.240731716156006,2007-12-20,true,false,251
2008-10-06,6.455376625061035,6.797110080718994,2008-10-03,5.240731716156006,2007-12-20,false,false,251
2008-10-07,6.350226402282715,6.797110080718994,2008-10-03,5.240731716156006,2007-12-20,false,false,251
2008-10-08,6.384025573730469,6.797110080718994,2008-10-03,5.240731716156006,2007-12-20,false,false,251
2008-10-09,6.387781143188477,6.797110080718994,2008-10-03,5.240731716156006,2007-12-20,false,false,251
2008-10-10,6.3765153884887695,6.797110080718994,2008-10-03,5.240731716156006,2007-12-20,false,false,251
2008-10-13,6.369004726409912,6.797110080718994,2008-10-03,5.240731716156006,2007-12-20,false,false,251
2008-10-14,6.357738971710205,6.797110080718994,2008-10-03,5.240731716156006,2007-12-20,false,false,251
2008-10-15,5.952164649963379,6.797110080718994,2008-10-03,5.240731716156006,2007-12-20,false,false,251
2008-10-16,6.256344795227051,6.797110080718994,2008-10-03,5.240731716156006,2007-12-20,false,false,251
2008-10-17,6.342716217041016,6.797110080718994,2008-10-03,5.240731716156006,2007-12-20,false,false,251
2008-10-20,6.2413249015808105,6.797110080718994,2008-10-03,5.240731716156006,2007-12-20,false,false,251
2008-10-21,6.192504405975342,6.797110080718994,2008-10-03,5.240731716156006,2007-12-20,false,false,251
2008-10-22,6.139930725097656,6.797110080718994,2008-10-03,5.240731716156006,2007-12-20,false,false,251
2008-10-23,6.196260452270508,6.797110080718994,2008-10-03,5.240731716156006,2007-12-20,false,false,251
2008-10-24,6.16246223449707,6.797110080718994,2008-10-03,5.240731716156006,2007-12-20,false,false,251
2008-10-27,5.970941543579102,6.797110080718994,2008-10-03,5.240731716156006,2007-12-20,false,false,251
2008-10-28,6.177484035491943,6.797110080718994,2008-10-03,5.240731716156006,2007-12-20,false,false,251
2008-10-29,6.11364221572876,6.797110080718994,2008-10-03,5.240731716156006,2007-12-20,false,false,251
2008-10-30,6.027270317077637,6.797110080718994,2008-10-03,5.240731716156006,2007-12-20,false,false,251
2008-10-31,6.128664493560791,6.797110080718994,2008-10-03,5.240731716156006,2007-12-20,false,false,251
2008-11-03,6.027270317077637,6.797110080718994,2008-10-03,5.240731716156006,2007-12-20,false,false,251
2008-11-04,6.027270317077637,6.797110080718994,2008-10-03,5.240731716156006,2007-12-20,false,false,251
2008-11-05,6.305164337158203,6.797110080718994,2008-10-03,5.240731716156006,2007-12-20,false,false,251
2008-11-06,6.139930725097656,6.797110080718994,2008-10-03,5.240731716156006,2007-12-20,false,false,251
2008-11-07,6.151196479797363,6.797110080718994,2008-10-03,5.240731716156006,2007-12-20,false,false,251
2008-11-10,6.384025573730469,6.797110080718994,2008-10-03,5.240731716156006,2007-12-20,false,false,251
2008-11-11,6.136175632476807,6.797110080718994,2008-10-03,5.240731716156006,2007-12-20,false,false,251
2008-11-12,5.501528263092041,6.797110080718994,2008-10-03,5.240731716156006,2007-12-20,false,false,251
2008-11-13,6.143685340881348,6.797110080718994,2008-10-03,5.240731716156006,2007-12-20,false,false,251
2008-11-14,5.76439905166626,6.797110080718994,2008-10-03,5.240731716156006,2007-12-20,false,false,251
2008-11-17,6.042292594909668,6.797110080718994,2008-10-03,5.240731716156006,2007-12-20,false,false,251
2008-11-18,5.895834922790527,6.797110080718994,2008-10-03,5.240731716156006,2007-12-20,false,false,251
2008-11-19,5.895834922790527,6.797110080718994,2008-10-03,5.240731716156006,2007-12-20,false,false,251
2008-11-20,5.610432147979736,6.797110080718994,2008-10-03,5.240731716156006,2007-12-20,false,false,251
2008-11-21,5.445198059082031,6.797110080718994,2008-10-03,5.240731716156006,2007-12-20,false,false,252
2008-11-24,5.554102420806885,6.797110080718994,2008-10-03,5.240731716156006,2007-12-20,false,false,252
2008-11-25,5.542836666107178,6.797110080718994,2008-10-03,5.240731716156006,2007-12-20,false,false,252
2008-11-26,5.550347328186035,6.797110080718994,2008-10-03,5.240731716156006,2007-12-20,false,false,252
2008-11-28,5.550347328186035,6.797110080718994,2008-10-03,5.240731716156006,2007-12-20,false,false,251
2008-12-01,5.539081573486328,6.797110080718994,2008-10-03,5.240731716156006,2007-12-20,false,false,251
2008-12-02,5.554102420806885,6.797110080718994,2008-10-03,5.240731716156006,2007-12-20,false,false,251
2008-12-03,5.4113993644714355,6.797110080718994,2008-10-03,5.240731716156006,2007-12-20,false,false,251
2008-12-04,4.896923065185547,6.797110080718994,2008-10-03,4.896923065185547,2008-12-04,false,true,251
2008-12-05,5.167304992675781,6.797110080718994,2008-10-03,4.896923065185547,2008-12-04,false,false,251
2008-12-08,5.264943599700928,6.797110080718994,2008-10-03,4.896923065185547,2008-12-04,false,false,251
2008-12-09,5.257432460784912,6.797110080718994,2008-10-03,4.896923065185547,2008-12-04,false,false,251
2008-12-10,5.373847007751465,6.797110080718994,2008-10-03,4.896923065185547,2008-12-04,false,false,251
2008-12-11,5.467730522155762,6.797110080718994,2008-10-03,4.896923065185547,2008-12-04,false,false,251
2008-12-12,5.539081573486328,6.797110080718994,2008-10-03,4.896923065185547,2008-12-04,false,false,251
2008-12-15,5.76439905166626,6.797110080718994,2008-10-03,4.896923065185547,2008-12-04,false,false,251
2008-12-16,5.835750102996826,6.797110080718994,2008-10-03,4.896923065185547,2008-12-04,false,false,251
2008-12-17,5.869548320770264,6.797110080718994,2008-10-03,4.896923065185547,2008-12-04,false,false,251
2008-12-18,5.813217639923096,6.797110080718994,2008-10-03,4.896923065185547,2008-12-04,false,false,251
2008-12-19,6.012251377105713,6.797110080718994,2008-10-03,4.896923065185547,2008-12-04,false,false,251
2008-12-22,6.154951572418213,6.797110080718994,2008-10-03,4.896923065185547,2008-12-04,false,false,251
2008-12-23,5.948409557342529,6.797110080718994,2008-10-03,4.896923065185547,2008-12-04,false,false,251
2008-12-24,5.700559616088867,6.797110080718994,2008-10-03,4.896923065185547,2008-12-04,false,false,252
2008-12-26,6.102375507354736,6.797110080718994,2008-10-03,4.896923065185547,2008-12-04,false,false,251
2008-12-29,5.561612129211426,6.797110080718994,2008-10-03,4.896923065185547,2008-12-04,false,false,251
2008-12-30,5.56536865234375,6.797110080718994,2008-10-03,4.896923065185547,2008-12-04,false,false,251
2008-12-31,5.7418670654296875,6.797110080718994,2008-10-03,4.896923065185547,2008-12-04,false,false,252
2009-01-02,5.880815505981445,6.797110080718994,2008-10-03,4.896923065185547,2008-12-04,false,false,251
2009-01-05,5.7343573570251465,6.797110080718994,2008-10-03,4.896923065185547,2008-12-04,false,false,251
2009-01-06,5.820728778839111,6.797110080718994,2008-10-03,4.896923065185547,2008-12-04,false,false,251
2009-01-07,5.820728778839111,6.797110080718994,2008-10-03,4.896923065185547,2008-12-04,false,false,251
2009-01-08,5.824484348297119,6.797110080718994,2008-10-03,4.896923065185547,2008-12-04,false,false,251
2009-01-09,5.81697416305542,6.797110080718994,2008-10-03,4.896923065185547,2008-12-04,false,false,251
2009-01-12,5.704314231872559,6.797110080718994,2008-10-03,4.896923065185547,2008-12-04,false,false,251
2009-01-13,5.8019537925720215,6.797110080718994,2008-10-03,4.896923065185547,2008-12-04,false,false,251
2009-01-14,5.8770575523376465,6.797110080718994,2008-10-03,4.896923065185547,2008-12-04,false,false,251
2009-01-15,5.922122001647949,6.797110080718994,2008-10-03,4.896923065185547,2008-12-04,false,false,251
2009-01-16,5.745622634887695,6.797110080718994,2008-10-03,4.896923065185547,2008-12-04,false,false,251
2009-01-20,5.614186763763428,6.797110080718994,2008-10-03,4.896923065185547,2008-12-04,false,false,251
2009-01-21,5.629207611083984,6.797110080718994,2008-10-03,4.896923065185547,2008-12-04,false,false,251
2009-01-22,5.584146022796631,6.797110080718994,2008-10-03,4.896923065185547,2008-12-04,false,false,251
2009-01-23,5.347559928894043,6.797110080718994,2008-10-03,4.896923065185547,2008-12-04,false,false,251
2009-01-26,5.542836666107178,6.797110080718994,2008-10-03,4.896923065185547,2008-12-04,false,false,251
2009-01-27,5.584146022796631,6.797110080718994,2008-10-03,4.896923065185547,2008-12-04,false,false,251
2009-01-28,5.7343573570251465,6.797110080718994,2008-10-03,4.896923065185547,2008-12-04,false,false,251
2009-01-29,5.527813911437988,6.797110080718994,2008-10-03,4.896923065185547,2008-12-04,false,false,251
2009-01-30,5.351315021514893,6.797110080718994,2008-10-03,4.896923065185547,2008-12-04,false,false,251
2009-02-02,5.569122791290283,6.797110080718994,2008-10-03,4.896923065185547,2008-12-04,false,false,251
2009-02-03,5.557857513427734,6.797110080718994,2008-10-03,4.896923065185547,2008-12-04,false,false,251
2009-02-04,5.516550064086914,6.797110080718994,2008-10-03,4.896923065185547,2008-12-04,false,false,251
2009-02-05,5.433932781219482,6.797110080718994,2008-10-03,4.896923065185547,2008-12-04,false,false,251
2009-02-06,5.554102420806885,6.797110080718994,2008-10-03,4.896923065185547,2008-12-04,false,false,251
2009-02-09,5.76439905166626,6.797110080718994,2008-10-03,4.896923065185547,2008-12-04,false,false,251
2009-02-10,5.869548320770264,6.797110080718994,2008-10-03,4.896923065185547,2008-12-04,false,false,251
2009-02-11,5.985962867736816,6.797110080718994,2008-10-03,4.896923065185547,2008-12-04,false,false,251
2009-02-12,6.072334289550781,6.797110080718994,2008-10-03,4.896923065185547,2008-12-04,false,false,251
2009-02-13,6.072334289550781,6.797110080718994,2008-10-03,4.896923065185547,2008-12-04,false,false,251
2009-02-17,5.756889343261719,6.797110080718994,2008-10-03,4.896923065185547,2008-12-04,false,false,251
2009-02-18,5.59541130065918,6.797110080718994,2008-10-03,4.896923065185547,2008-12-04,false,false,251
2009-02-19,5.632964611053467,6.797110080718994,2008-10-03,4.896923065185547,2008-12-04,false,false,251
2009-02-20,5.46397590637207,6.797110080718994,2008-10-03,4.896923065185547,2008-12-04,false,false,251
2009-02-23,5.272453784942627,6.797110080718994,2008-10-03,4.896923065185547,2008-12-04,false,false,251
2009-02-24,5.062157154083252,6.797110080718994,2008-10-03,4.896923065185547,2008-12-04,false,false,251
2009-02-25,5.163548946380615,6.797110080718994,2008-10-03,4.896923065185547,2008-12-04,false,false,251
2009-02-26,5.163548946380615,6.797110080718994,2008-10-03,4.896923065185547,2008-12-04,false,false,251
2009-02-27,5.088443756103516,6.797110080718994,2008-10-03,4.896923065185547,2008-12-04,false,false,251
2009-03-02,4.957007884979248,6.797110080718994,2008-10-03,4.896923065185547,2008-12-04,false,false,251
2009-03-03,5.065911769866943,6.797110080718994,2008-10-03,4.896923065185547,2008-12-04,false,false,251
2009-03-04,4.987049579620361,6.797110080718994,2008-10-03,4.896923065185547,2008-12-04,false,false,251
2009-03-05,4.881901741027832,6.797110080718994,2008-10-03,4.881901741027832,2009-03-05,false,true,251
2009-03-06,4.863124370574951,6.797110080718994,2008-10-03,4.863124370574951,2009-03-06,false,true,251
2009-03-09,4.844348430633545,6.797110080718994,2008-10-03,4.844348430633545,2009-03-09,false,true,251
2009-03-10,4.96451997756958,6.797110080718994,2008-10-03,4.844348430633545,2009-03-09,false,false,251
2009-03-11,5.294985771179199,6.797110080718994,2008-10-03,4.844348430633545,2009-03-09,false,false,251
2009-03-12,5.2611894607543945,6.797110080718994,2008-10-03,4.844348430633545,2009-03-09,false,false,251
2009-03-13,5.182325839996338,6.797110080718994,2008-10-03,4.844348430633545,2009-03-09,false,false,251
2009-03-16,5.407645225524902,6.797110080718994,2008-10-03,4.844348430633545,2009-03-09,false,false,251
2009-03-17,5.4789958000183105,6.797110080718994,2008-10-03,4.844348430633545,2009-03-09,false,false,251
2009-03-18,5.5669355392456055,6.797110080718994,2008-10-03,4.844348430633545,2009-03-09,false,false,251
2009-03-19,5.448408126831055,6.797110080718994,2008-10-03,4.844348430633545,2009-03-09,false,false,251
2009-03-20,5.498113632202148,6.797110080718994,2008-10-03,4.844348430633545,2009-03-09,false,false,251
2009-03-23,5.38340950012207,6.797110080718994,2008-10-03,4.844348430633545,2009-03-09,false,false,252
2009-03-24,5.559288501739502,6.797110080718994,2008-10-03,4.844348430633545,2009-03-09,false,false,252
2009-03-25,5.670168876647949,6.797110080718994,2008-10-03,4.844348430633545,2009-03-09,false,false,252
2009-03-26,5.907221794128418,6.797110080718994,2008-10-03,4.844348430633545,2009-03-09,false,false,252
2009-03-27,5.811635971069336,6.797110080718994,2008-10-03,4.844348430633545,2009-03-09,false,false,252
2009-03-30,5.735167503356934,6.797110080718994,2008-10-03,4.844348430633545,2009-03-09,false,false,252
2009-03-31,5.899576187133789,6.797110080718994,2008-10-03,4.844348430633545,2009-03-09,false,false,252
2009-04-01,5.865164756774902,6.797110080718994,2008-10-03,4.844348430633545,2009-03-09,false,false,252
2009-04-02,5.876633167266846,6.797110080718994,2008-10-03,4.844348430633545,2009-03-09,false,false,252
2009-04-03,5.857515811920166,6.797110080718994,2008-10-03,4.844348430633545,2009-03-09,false,false,252
2009-04-06,5.777223587036133,6.797110080718994,2008-10-03,4.844348430633545,2009-03-09,false,false,252
2009-04-07,6.006630897521973,6.797110080718994,2008-10-03,4.844348430633545,2009-03-09,false,false,252
2009-04-08,5.9263386726379395,6.797110080718994,2008-10-03,4.844348430633545,2009-03-09,false,false,252
2009-04-09,6.193979740142822,6.797110080718994,2008-10-03,4.844348430633545,2009-03-09,false,false,252
2009-04-13,6.117509841918945,6.797110080718994,2008-10-03,4.844348430633545,2009-03-09,false,false,251
2009-04-14,6.098395824432373,6.797110080718994,2008-10-03,4.844348430633545,2009-03-09,false,false,251
2009-04-15,6.098395824432373,6.797110080718994,2008-10-03,4.844348430633545,2009-03-09,false,false,251
2009-04-16,6.075454235076904,6.797110080718994,2008-10-03,4.844348430633545,2009-03-09,false,false,251
2009-04-17,6.041043281555176,6.797110080718994,2008-10-03,4.844348430633545,2009-03-09,false,false,251
2009-04-20,6.018100738525391,6.797110080718994,2008-10-03,4.844348430633545,2009-03-09,false,false,251
2009-04-21,6.002806663513184,6.797110080718994,2008-10-03,4.844348430633545,2009-03-09,false,false,251
2009-04-22,6.10986328125,6.797110080718994,2008-10-03,4.844348430633545,2009-03-09,false,false,251
2009-04-23,6.499855995178223,6.797110080718994,2008-10-03,4.844348430633545,2009-03-09,false,false,251
2009-04-24,6.499855995178223,6.797110080718994,2008-10-03,4.844348430633545,2009-03-09,false,false,251
2009-04-27,6.461619853973389,6.797110080718994,2008-10-03,4.844348430633545,2009-03-09,false,false,251
2009-04-28,6.499855995178223,6.797110080718994,2008-10-03,4.844348430633545,2009-03-09,false,false,251
2009-04-29,6.591616153717041,6.797110080718994,2008-10-03,4.844348430633545,2009-03-09,false,false,251
2009-04-30,6.6872053146362305,6.797110080718994,2008-10-03,4.844348430633545,2009-03-09,false,false,251
2009-05-01,6.568678379058838,6.797110080718994,2008-10-03,4.844348430633545,2009-03-09,false,false,251
2009-05-04,6.576323986053467,6.797110080718994,2008-10-03,4.844348430633545,2009-03-09,false,false,251
2009-05-05,6.587795257568359,6.797110080718994,2008-10-03,4.844348430633545,2009-03-09,false,false,251
2009-05-06,6.668087005615234,6.797110080718994,2008-10-03,4.844348430633545,2009-03-09,false,false,251
2009-05-07,6.622206687927246,6.797110080718994,2008-10-03,4.844348430633545,2009-03-09,false,false,251
2009-05-08,6.538089752197266,6.797110080718994,2008-10-03,4.844348430633545,2009-03-09,false,false,251
2009-05-11,6.61073637008667,6.797110080718994,2008-10-03,4.844348430633545,2009-03-09,false,false,251
2009-05-12,6.564856052398682,6.797110080718994,2008-10-03,4.844348430633545,2009-03-09,false,false,251
2009-05-13,6.499855995178223,6.797110080718994,2008-10-03,4.844348430633545,2009-03-09,false,false,251
2009-05-14,6.671911239624023,6.797110080718994,2008-10-03,4.844348430633545,2009-03-09,false,false,251
2009-05-15,6.71014404296875,6.797110080718994,2008-10-03,4.844348430633545,2009-03-09,false,false,251
2009-05-18,7.191897869110107,7.191897869110107,2009-05-18,4.844348430633545,2009-03-09,true,false,251
2009-05-19,7.226310729980469,7.226310729980469,2009-05-19,4.844348430633545,2009-03-09,true,false,251
2009-05-20,7.264544486999512,7.264544486999512,2009-05-20,4.844348430633545,2009-03-09,true,false,251
2009-05-21,7.620123863220215,7.620123863220215,2009-05-21,4.844348430633545,2009-03-09,true,false,251
2009-05-22,7.685123443603516,7.685123443603516,2009-05-22,4.844348430633545,2009-03-09,true,false,251
2009-05-26,7.620123863220215,7.685123443603516,2009-05-22,4.844348430633545,2009-03-09,false,false,251
2009-05-27,7.444244384765625,7.685123443603516,2009-05-22,4.844348430633545,2009-03-09,false,false,251
2009-05-28,7.704240798950195,7.704240798950195,2009-05-28,4.844348430633545,2009-03-09,true,false,251
2009-05-29,8.21275806427002,8.21275806427002,2009-05-29,4.844348430633545,2009-03-09,true,false,251
2009-06-01,8.029232025146484,8.21275806427002,2009-05-29,4.844348430633545,2009-03-09,false,false,251
2009-06-02,7.987176418304443,8.21275806427002,2009-05-29,4.844348430633545,2009-03-09,false,false,251
2009-06-03,8.029232025146484,8.21275806427002,2009-05-29,4.844348430633545,2009-03-09,false,false,251
2009-06-04,8.1477632522583,8.21275806427002,2009-05-29,4.844348430633545,2009-03-09,false,false,251
2009-06-05,7.562775135040283,8.21275806427002,2009-05-29,4.844348430633545,2009-03-09,false,false,251
2009-06-08,7.646888256072998,8.21275806427002,2009-05-29,4.844348430633545,2009-03-09,false,false,251
2009-06-09,7.593362331390381,8.21275806427002,2009-05-29,4.844348430633545,2009-03-09,false,false,251
2009-06-10,7.6086554527282715,8.21275806427002,2009-05-29,4.844348430633545,2009-03-09,false,false,251
2009-06-11,7.604831218719482,8.21275806427002,2009-05-29,4.844348430633545,2009-03-09,false,false,251
2009-06-12,7.880120754241943,8.21275806427002,2009-05-29,4.844348430633545,2009-03-09,false,false,251
2009-06-15,7.990997314453125,8.21275806427002,2009-05-29,4.844348430633545,2009-03-09,false,false,251
2009-06-16,7.964234828948975,8.21275806427002,2009-05-29,4.844348430633545,2009-03-09,false,false,251
2009-06-17,8.017763137817383,8.21275806427002,2009-05-29,4.844348430633545,2009-03-09,false,false,251
2009-06-18,8.013936042785645,8.21275806427002,2009-05-29,4.844348430633545,2009-03-09,false,false,251
2009-06-19,8.319816589355469,8.319816589355469,2009-06-19,4.844348430633545,2009-03-09,true,false,251
2009-06-22,8.403929710388184,8.403929710388184,2009-06-22,4.844348430633545,2009-03-09,true,false,251
2009-06-23,8.185993194580078,8.403929710388184,2009-06-22,4.844348430633545,2009-03-09,false,false,251
2009-06-24,8.358050346374512,8.403929710388184,2009-06-22,4.844348430633545,2009-03-09,false,false,251
2009-06-25,8.296874046325684,8.403929710388184,2009-06-22,4.844348430633545,2009-03-09,false,false,251
2009-06-26,8.602750778198242,8.602750778198242,2009-06-26,4.844348430633545,2009-03-09,true,false,251
2009-06-29,8.598923683166504,8.602750778198242,2009-06-26,4.844348430633545,2009-03-09,false,false,251
2009-06-30,8.633338928222656,8.633338928222656,2009-06-30,4.844348430633545,2009-03-09,true,false,251
2009-07-01,8.70215892791748,8.70215892791748,2009-07-01,4.844348430633545,2009-03-09,true,false,251
2009-07-02,8.694511413574219,8.70215892791748,2009-07-01,4.844348430633545,2009-03-09,false,false,251
2009-07-06,8.679219245910645,8.70215892791748,2009-07-01,4.844348430633545,2009-03-09,false,false,251
2009-07-07,8.53775405883789,8.70215892791748,2009-07-01,4.844348430633545,2009-03-09,false,false,251
2009-07-08,8.136290550231934,8.70215892791748,2009-07-01,4.844348430633545,2009-03-09,false,false,251
2009-07-09,8.166877746582031,8.70215892791748,2009-07-01,4.844348430633545,2009-03-09,false,false,251
2009-07-10,8.132468223571777,8.70215892791748,2009-07-01,4.844348430633545,2009-03-09,false,false,251
2009-07-13,8.078938484191895,8.70215892791748,2009-07-01,4.844348430633545,2009-03-09,false,false,251
2009-07-14,8.017763137817383,8.70215892791748,2009-07-01,4.844348430633545,2009-03-09,false,false,251
2009-07-15,8.335107803344727,8.70215892791748,2009-07-01,4.844348430633545,2009-03-09,false,false,251
2009-07-16,8.182170867919922,8.70215892791748,2009-07-01,4.844348430633545,2009-03-09,false,false,251
2009-07-17,7.971883296966553,8.70215892791748,2009-07-01,4.844348430633545,2009-03-09,false,false,251
2009-07-20,7.838059425354004,8.70215892791748,2009-07-01,4.844348430633545,2009-03-09,false,false,251
2009-07-21,7.478655815124512,8.70215892791748,2009-07-01,4.844348430633545,2009-03-09,false,false,251
2009-07-22,7.555124759674072,8.70215892791748,2009-07-01,4.844348430633545,2009-03-09,false,false,251
2009-07-23,7.455718994140625,8.70215892791748,2009-07-01,4.844348430633545,2009-03-09,false,false,251
2009-07-24,7.337190628051758,8.70215892791748,2009-07-01,4.844348430633545,2009-03-09,false,false,251
2009-07-27,7.5092453956604,8.70215892791748,2009-07-01,4.844348430633545,2009-03-09,false,false,251
2009-07-28,7.432775974273682,8.70215892791748,2009-07-01,4.844348430633545,2009-03-09,false,false,251
2009-07-29,7.3066020011901855,8.70215892791748,2009-07-01,4.844348430633545,2009-03-09,false,false,251
2009-07-30,7.230135440826416,8.70215892791748,2009-07-01,4.844348430633545,2009-03-09,false,false,251
2009-07-31,7.172781467437744,8.70215892791748,2009-07-01,4.844348430633545,2009-03-09,false,false,251
2009-08-03,7.25689697265625,8.70215892791748,2009-07-01,4.844348430633545,2009-03-09,false,false,251
2009-08-04,7.077195644378662,8.70215892791748,2009-07-01,4.844348430633545,2009-03-09,false,false,251
2009-08-05,7.142194747924805,8.70215892791748,2009-07-01,4.844348430633545,2009-03-09,false,false,251
2009-08-06,7.321896553039551,8.70215892791748,2009-07-01,4.844348430633545,2009-03-09,false,false,251
2009-08-07,7.524539947509766,8.70215892791748,2009-07-01,4.844348430633545,2009-03-09,false,false,251
2009-08-10,7.578066825866699,8.70215892791748,2009-07-01,4.844348430633545,2009-03-09,false,false,251
2009-08-11,7.528363227844238,8.70215892791748,2009-07-01,4.844348430633545,2009-03-09,false,false,251
2009-08-12,7.643062591552734,8.70215892791748,2009-07-01,4.844348430633545,2009-03-09,false,false,251
2009-08-13,7.738651275634766,8.70215892791748,2009-07-01,4.844348430633545,2009-03-09,false,false,251
2009-08-14,7.536008834838867,8.70215892791748,2009-07-01,4.844348430633545,2009-03-09,false,false,251
2009-08-17,7.520716190338135,8.70215892791748,2009-07-01,4.844348430633545,2009-03-09,false,false,251
2009-08-18,7.723356246948242,8.70215892791748,2009-07-01,4.844348430633545,2009-03-09,false,false,251
2009-08-19,7.750122547149658,8.70215892791748,2009-07-01,4.844348430633545,2009-03-09,false,false,251
2009-08-20,7.979531288146973,8.70215892791748,2009-07-01,4.844348430633545,2009-03-09,false,false,251
2009-08-21,7.964234828948975,8.70215892791748,2009-07-01,4.844348430633545,2009-03-09,false,false,251
2009-08-24,8.09040641784668,8.70215892791748,2009-07-01,4.844348430633545,2009-03-09,false,false,251
2009-08-25,8.262462615966797,8.70215892791748,2009-07-01,4.844348430633545,2009-03-09,false,false,251
2009-08-26,8.354229927062988,8.70215892791748,2009-07-01,4.844348430633545,2009-03-09,false,false,251
2009-08-27,8.20893383026123,8.70215892791748,2009-07-01,4.844348430633545,2009-03-09,false,false,251
2009-08-28,8.143937110900879,8.70215892791748,2009-07-01,4.844348430633545,2009-03-09,false,false,251
2009-08-31,8.124820709228516,8.70215892791748,2009-07-01,4.844348430633545,2009-03-09,false,false,251
2009-09-01,7.86100435256958,8.70215892791748,2009-07-01,4.844348430633545,2009-03-09,false,false,252
2009-09-02,7.597183704376221,8.70215892791748,2009-07-01,4.844348430633545,2009-03-09,false,false,252
2009-09-03,7.883942127227783,8.70215892791748,2009-07-01,4.844348430633545,2009-03-09,false,false,252
2009-09-04,7.845708847045898,8.70215892791748,2009-07-01,4.844348430633545,2009-03-09,false,false,252
2009-09-08,7.994821071624756,8.70215892791748,2009-07-01,4.844348430633545,2009-03-09,false,false,251
2009-09-09,8.53393268585205,8.70215892791748,2009-07-01,4.844348430633545,2009-03-09,false,false,251
2009-09-10,8.98127269744873,8.98127269744873,2009-09-10,4.844348430633545,2009-03-09,true,false,251
2009-09-11,9.149503707885742,9.149503707885742,2009-09-11,4.844348430633545,2009-03-09,true,false,251
2009-09-14,9.478318214416504,9.478318214416504,2009-09-14,4.844348430633545,2009-03-09,true,false,251
2009-09-15,9.898898124694824,9.898898124694824,2009-09-15,4.844348430633545,2009-03-09,true,false,251
2009-09-16,9.627432823181152,9.898898124694824,2009-09-15,4.844348430633545,2009-03-09,false,false,251
2009-09-17,9.359792709350586,9.898898124694824,2009-09-15,4.844348430633545,2009-03-09,false,false,251
2009-09-18,9.451556205749512,9.898898124694824,2009-09-15,4.844348430633545,2009-03-09,false,false,251
2009-09-21,9.264206886291504,9.898898124694824,2009-09-15,4.844348430633545,2009-03-09,false,false,251
2009-09-22,9.405674934387207,9.898898124694824,2009-09-15,4.844348430633545,2009-03-09,false,false,251
2009-09-23,9.39013957977295,9.898898124694824,2009-09-15,4.844348430633545,2009-03-09,false,false,251
2009-09-24,9.281405448913574,9.898898124694824,2009-09-15,4.844348430633545,2009-03-09,false,false,251
2009-09-25,8.896944999694824,9.898898124694824,2009-09-15,4.844348430633545,2009-03-09,false,false,251
2009-09-28,9.118298530578613,9.898898124694824,2009-09-15,4.844348430633545,2009-03-09,false,false,251
2009-09-29,9.08335018157959,9.898898124694824,2009-09-15,4.844348430633545,2009-03-09,false,false,251
2009-09-30,9.071699142456055,9.898898124694824,2009-09-15,4.844348430633545,2009-03-09,false,false,251
2009-10-01,8.838691711425781,9.898898124694824,2009-09-15,4.844348430633545,2009-03-09,false,false,251
2009-10-02,8.5901517868042,9.898898124694824,2009-09-15,4.844348430633545,2009-03-09,false,false,251
2009-10-05,8.566853523254395,9.898898124694824,2009-09-15,4.844348430633545,2009-03-09,false,false,251
2009-10-06,8.780438423156738,9.898898124694824,2009-09-15,4.844348430633545,2009-03-09,false,false,251
2009-10-07,8.784322738647461,9.898898124694824,2009-09-15,4.844348430633545,2009-03-09,false,false,251
2009-10-08,8.893058776855469,9.898898124694824,2009-09-15,4.844348430633545,2009-03-09,false,false,251
2009-10-09,8.869760513305664,9.898898124694824,2009-09-15,4.844348430633545,2009-03-09,false,false,251
2009-10-12,8.683353424072266,9.898898124694824,2009-09-15,4.844348430633545,2009-03-09,false,false,251
2009-10-13,8.691119194030762,9.898898124694824,2009-09-15,4.844348430633545,2009-03-09,false,false,251
2009-10-14,8.842574119567871,9.898898124694824,2009-09-15,4.844348430633545,2009-03-09,false,false,251
2009-10-15,8.753257751464844,9.898898124694824,2009-09-15,4.844348430633545,2009-03-09,false,false,251
2009-10-16,8.776558876037598,9.898898124694824,2009-09-15,4.844348430633545,2009-03-09,false,false,251
2009-10-19,9.331889152526855,9.898898124694824,2009-09-15,4.844348430633545,2009-03-09,false,false,251
2009-10-20,9.133832931518555,9.898898124694824,2009-09-15,4.844348430633545,2009-03-09,false,false,251
2009-10-21,9.025096893310547,9.898898124694824,2009-09-15,4.844348430633545,2009-03-09,false,false,251
2009-10-22,9.157133102416992,9.898898124694824,2009-09-15,4.844348430633545,2009-03-09,false,false,251
2009-10-23,9.005682945251465,9.898898124694824,2009-09-15,4.844348430633545,2009-03-09,false,false,251
2009-10-26,8.691119194030762,9.898898124694824,2009-09-15,4.844348430633545,2009-03-09,false,false,251
2009-10-27,8.43481731414795,9.898898124694824,2009-09-15,4.844348430633545,2009-03-09,false,false,251
2009-10-28,8.485302925109863,9.898898124694824,2009-09-15,4.844348430633545,2009-03-09,false,false,251
2009-10-29,8.41928482055664,9.898898124694824,2009-09-15,4.844348430633545,2009-03-09,false,false,251
2009-10-30,8.16297435760498,9.898898124694824,2009-09-15,4.844348430633545,2009-03-09,false,false,251
2009-11-02,8.403748512268066,9.898898124694824,2009-09-15,4.844348430633545,2009-03-09,false,false,251
2009-11-03,8.559082984924316,9.898898124694824,2009-09-15,4.844348430633545,2009-03-09,false,false,251
2009-11-04,8.399862289428711,9.898898124694824,2009-09-15,4.844348430633545,2009-03-09,false,false,251
2009-11-05,8.423163414001465,9.898898124694824,2009-09-15,4.844348430633545,2009-03-09,false,false,251
2009-11-06,8.329962730407715,9.898898124694824,2009-09-15,4.844348430633545,2009-03-09,false,false,251
2009-11-09,8.353263854980469,9.898898124694824,2009-09-15,4.844348430633545,2009-03-09,false,false,251
2009-11-10,8.271710395812988,9.898898124694824,2009-09-15,4.844348430633545,2009-03-09,false,false,251
2009-11-11,8.473649978637695,9.898898124694824,2009-09-15,4.844348430633545,2009-03-09,false,false,251
2009-11-12,8.225109100341797,9.898898124694824,2009-09-15,4.844348430633545,2009-03-09,false,false,251
2009-11-13,8.415399551391602,9.898898124694824,2009-09-15,4.844348430633545,2009-03-09,false,false,251
2009-11-16,8.64063835144043,9.898898124694824,2009-09-15,4.844348430633545,2009-03-09,false,false,251
2009-11-17,8.574616432189941,9.898898124694824,2009-09-15,4.844348430633545,2009-03-09,false,false,251
2009-11-18,8.403748512268066,9.898898124694824,2009-09-15,4.844348430633545,2009-03-09,false,false,251
2009-11-19,8.415399551391602,9.898898124694824,2009-09-15,4.844348430633545,2009-03-09,false,false,251
2009-11-20,8.275593757629395,9.898898124694824,2009-09-15,4.844348430633545,2009-03-09,false,false,251
2009-11-23,8.586267471313477,9.898898124694824,2009-09-15,4.844348430633545,2009-03-09,false,false,251
2009-11-24,8.761025428771973,9.898898124694824,2009-09-15,4.844348430633545,2009-03-09,false,false,251
2009-11-25,9.09499740600586,9.898898124694824,2009-09-15,4.844348430633545,2009-03-09,false,false,251
2009-11-27,8.753257751464844,9.898898124694824,2009-09-15,4.844348430633545,2009-03-09,false,false,251
2009-11-30,8.481413841247559,9.898898124694824,2009-09-15,4.844348430633545,2009-03-09,false,false,251
2009-12-01,8.504716873168945,9.898898124694824,2009-09-15,4.844348430633545,2009-03-09,false,false,251
2009-12-02,8.535781860351562,9.898898124694824,2009-09-15,4.844348430633545,2009-03-09,false,false,251
2009-12-03,8.407628059387207,9.898898124694824,2009-09-15,4.844348430633545,2009-03-09,false,false,251
2009-12-04,8.337726593017578,9.898898124694824,2009-09-15,4.844348430633545,2009-03-09,false,false,251
2009-12-07,8.395979881286621,9.898898124694824,2009-09-15,4.844348430633545,2009-03-09,false,false,251
2009-12-08,8.155206680297852,9.898898124694824,2009-09-15,4.844348430633545,2009-03-09,false,false,251
2009-12-09,8.209574699401855,9.898898124694824,2009-09-15,4.844348430633545,2009-03-09,false,false,251
2009-12-10,8.135790824890137,9.898898124694824,2009-09-15,4.844348430633545,2009-03-09,false,false,251
2009-12-11,8.232877731323242,9.898898124694824,2009-09-15,4.844348430633545,2009-03-09,false,false,251
2009-12-14,8.213459968566895,9.898898124694824,2009-09-15,4.844348430633545,2009-03-09,false,false,251
2009-12-15,8.062005996704102,9.898898124694824,2009-09-15,4.844348430633545,2009-03-09,false,false,251
2009-12-16,8.361031532287598,9.898898124694824,2009-09-15,4.844348430633545,2009-03-09,false,false,251
2009-12-17,8.341611862182617,9.898898124694824,2009-09-15,4.844348430633545,2009-03-09,false,false,251
2009-12-18,8.322195053100586,9.898898124694824,2009-09-15,4.844348430633545,2009-03-09,false,false,251
2009-12-21,8.430932998657227,9.898898124694824,2009-09-15,4.844348430633545,2009-03-09,false,false,251
2009-12-22,8.508598327636719,9.898898124694824,2009-09-15,4.844348430633545,2009-03-09,false,false,251
2009-12-23,8.524133682250977,9.898898124694824,2009-09-15,4.844348430633545,2009-03-09,false,false,251
2009-12-24,8.512483596801758,9.898898124694824,2009-09-15,4.844348430633545,2009-03-09,false,false,251
2009-12-28,8.392099380493164,9.898898124694824,2009-09-15,4.844348430633545,2009-03-09,false,false,251
2009-12-29,8.271710395812988,9.898898124694824,2009-09-15,4.844348430633545,2009-03-09,false,false,251
2009-12-30,8.427047729492188,9.898898124694824,2009-09-15,4.844348430633545,2009-03-09,false,false,251
2009-12-31,8.477532386779785,9.898898124694824,2009-09-15,4.844348430633545,2009-03-09,false,false,251
2010-01-04,8.566853523254395,9.898898124694824,2009-09-15,4.844348430633545,2009-03-09,false,false,251
2010-01-05,8.240644454956055,9.898898124694824,2009-09-15,4.844348430633545,2009-03-09,false,false,251
2010-01-06,8.16297435760498,9.898898124694824,2009-09-15,4.844348430633545,2009-03-09,false,false,251
2010-01-07,8.275593757629395,9.898898124694824,2009-09-15,4.844348430633545,2009-03-09,false,false,251
2010-01-08,8.271710395812988,9.898898124694824,2009-09-15,4.844348430633545,2009-03-09,false,false,251
2010-01-11,8.159090995788574,9.898898124694824,2009-09-15,4.844348430633545,2009-03-09,false,false,251
2010-01-12,8.205695152282715,9.898898124694824,2009-09-15,4.844348430633545,2009-03-09,false,false,251
2010-01-13,8.349377632141113,9.898898124694824,2009-09-15,4.844348430633545,2009-03-09,false,false,251
2010-01-14,8.372679710388184,9.898898124694824,2009-09-15,4.844348430633545,2009-03-09,false,false,251
2010-01-15,8.380446434020996,9.898898124694824,2009-09-15,4.844348430633545,2009-03-09,false,false,251
2010-01-19,8.72219181060791,9.898898124694824,2009-09-15,4.844348430633545,2009-03-09,false,false,251
2010-01-20,8.543550491333008,9.898898124694824,2009-09-15,4.844348430633545,2009-03-09,false,false,251
2010-01-21,8.361031532287598,9.898898124694824,2009-09-15,4.844348430633545,2009-03-09,false,false,251
2010-01-22,8.368794441223145,9.898898124694824,2009-09-15,4.844348430633545,2009-03-09,false,false,251
2010-01-25,8.291129112243652,9.898898124694824,2009-09-15,4.844348430633545,2009-03-09,false,false,251
2010-01-26,8.030937194824219,9.898898124694824,2009-09-15,4.844348430633545,2009-03-09,false,false,251
2010-01-27,8.329962730407715,9.898898124694824,2009-09-15,4.844348430633545,2009-03-09,false,false,251
2010-01-28,7.961033821105957,9.898898124694824,2009-09-15,4.844348430633545,2009-03-09,false,false,251
2010-01-29,8.007637977600098,9.898898124694824,2009-09-15,4.844348430633545,2009-03-09,false,false,251
2010-02-01,8.02705192565918,9.898898124694824,2009-09-15,4.844348430633545,2009-03-09,false,false,251
2010-02-02,7.9338507652282715,9.898898124694824,2009-09-15,4.844348430633545,2009-03-09,false,false,251
2010-02-03,7.863949775695801,9.898898124694824,2009-09-15,4.844348430633545,2009-03-09,false,false,251
2010-02-04,7.69307804107666,9.898898124694824,2009-09-15,4.844348430633545,2009-03-09,false,false,251
2010-02-05,7.790163516998291,9.898898124694824,2009-09-15,4.844348430633545,2009-03-09,false,false,251
2010-02-08,7.7668657302856445,9.898898124694824,2009-09-15,4.844348430633545,2009-03-09,false,false,251
2010-02-09,7.79404878616333,9.898898124694824,2009-09-15,4.844348430633545,2009-03-09,false,false,251
2010-02-10,7.755213260650635,9.898898124694824,2009-09-15,4.844348430633545,2009-03-09,false,false,251
2010-02-11,7.720264434814453,9.898898124694824,2009-09-15,4.844348430633545,2009-03-09,false,false,251
2010-02-12,7.941619396209717,9.898898124694824,2009-09-15,4.844348430633545,2009-03-09,false,false,251
2010-02-16,7.778515338897705,9.898898124694824,2009-09-15,4.844348430633545,2009-03-09,false,false,251
2010-02-17,7.7668657302856445,9.898898124694824,2009-09-15,4.844348430633545,2009-03-09,false,false,251
2010-02-18,7.895016670227051,9.898898124694824,2009-09-15,4.844348430633545,2009-03-09,false,false,251
2010-02-19,7.821231365203857,9.898898124694824,2009-09-15,4.844348430633545,2009-03-09,false,false,251
2010-02-22,7.797932147979736,9.898898124694824,2009-09-15,4.844348430633545,2009-03-09,false,false,251
2010-02-23,7.8095831871032715,9.898898124694824,2009-09-15,4.844348430633545,2009-03-09,false,false,251
2010-02-24,7.828999996185303,9.898898124694824,2009-09-15,4.844348430633545,2009-03-09,false,false,251
2010-02-25,7.79404878616333,9.898898124694824,2009-09-15,4.844348430633545,2009-03-09,false,false,251
2010-02-26,7.747447490692139,9.898898124694824,2009-09-15,4.844348430633545,2009-03-09,false,false,251
2010-03-01,7.999868392944336,9.898898124694824,2009-09-15,4.844348430633545,2009-03-09,false,false,251
2010-03-02,8.271710395812988,9.898898124694824,2009-09-15,4.844348430633545,2009-03-09,false,false,251
2010-03-03,8.411514282226562,9.898898124694824,2009-09-15,4.844348430633545,2009-03-09,false,false,251
2010-03-04,8.543550491333008,9.898898124694824,2009-09-15,4.844348430633545,2009-03-09,false,false,251
2010-03-05,8.570737838745117,9.898898124694824,2009-09-15,4.844348430633545,2009-03-09,false,false,251
2010-03-08,8.543550491333008,9.898898124694824,2009-09-15,4.844348430633545,2009-03-09,false,false,251
2010-03-09,8.465883255004883,9.898898124694824,2009-09-15,4.844348430633545,2009-03-09,false,false,251
2010-03-10,8.531900405883789,9.898898124694824,2009-09-15,5.182325839996338,2009-03-13,false,false,251
2010-03-11,8.636754989624023,9.898898124694824,2009-09-15,5.182325839996338,2009-03-13,false,false,251
2010-03-12,8.535781860351562,9.898898124694824,2009-09-15,5.182325839996338,2009-03-13,false,false,251
2010-03-15,8.72607421875,9.898898124694824,2009-09-15,5.182325839996338,2009-03-13,false,false,251
2010-03-16,8.889175415039062,9.898898124694824,2009-09-15,5.38340950012207,2009-03-23,false,false,251
2010-03-17,9.089683532714844,9.898898124694824,2009-09-15,5.38340950012207,2009-03-23,false,false,251
2010-03-18,9.223355293273926,9.898898124694824,2009-09-15,5.38340950012207,2009-03-23,false,false,251
2010-03-19,9.164382934570312,9.898898124694824,2009-09-15,5.38340950012207,2009-03-23,false,false,251
2010-03-22,9.207633018493652,9.898898124694824,2009-09-15,5.38340950012207,2009-03-23,false,false,251
2010-03-23,9.349166870117188,9.898898124694824,2009-09-15,5.38340950012207,2009-03-23,false,false,251
2010-03-24,9.199767112731934,9.898898124694824,2009-09-15,5.670168876647949,2009-03-25,false,false,251
2010-03-25,9.168316841125488,9.898898124694824,2009-09-15,5.670168876647949,2009-03-25,false,false,251
2010-03-26,9.215496063232422,9.898898124694824,2009-09-15,5.735167503356934,2009-03-30,false,false,251
2010-03-29,9.30591869354248,9.898898124694824,2009-09-15,5.735167503356934,2009-03-30,false,false,251
2010-03-30,9.376688003540039,9.898898124694824,2009-09-15,5.735167503356934,2009-03-30,false,false,251
2010-03-31,9.514289855957031,9.898898124694824,2009-09-15,5.777223587036133,2009-04-06,false,false,251
2010-04-01,9.494630813598633,9.898898124694824,2009-09-15,5.777223587036133,2009-04-06,false,false,251
2010-04-05,9.769840240478516,9.898898124694824,2009-09-15,5.777223587036133,2009-04-06,false,false,250
2010-04-06,9.8170166015625,9.898898124694824,2009-09-15,5.777223587036133,2009-04-06,false,false,250
2010-04-07,9.820947647094727,9.898898124694824,2009-09-15,5.9263386726379395,2009-04-08,false,false,250
2010-04-08,9.848466873168945,9.898898124694824,2009-09-15,5.9263386726379395,2009-04-08,false,false,250
2010-04-09,9.997868537902832,9.997868537902832,2010-04-09,6.002806663513184,2009-04-21,true,false,250
2010-04-12,10.068634033203125,10.068634033203125,2010-04-12,6.002806663513184,2009-04-21,true,false,251
2010-04-13,10.233758926391602,10.233758926391602,2010-04-13,6.002806663513184,2009-04-21,true,false,251
2010-04-14,10.55614185333252,10.55614185333252,2010-04-14,6.002806663513184,2009-04-21,true,false,251
2010-04-15,10.8903226852417,10.8903226852417,2010-04-15,6.002806663513184,2009-04-21,true,false,251
2010-04-16,10.705540657043457,10.8903226852417,2010-04-15,6.002806663513184,2009-04-21,false,false,251
2010-04-19,10.76844596862793,10.8903226852417,2010-04-15,6.002806663513184,2009-04-21,false,false,251
2010-04-20,10.520758628845215,10.8903226852417,2010-04-15,6.002806663513184,2009-04-21,false,false,251
2010-04-21,10.501104354858398,10.8903226852417,2010-04-15,6.002806663513184,2009-04-21,false,false,251
2010-04-22,10.795968055725098,10.8903226852417,2010-04-15,6.461619853973389,2009-04-27,false,false,251
2010-04-23,11.023995399475098,11.023995399475098,2010-04-23,6.461619853973389,2009-04-27,true,false,251
2010-04-26,11.322789192199707,11.322789192199707,2010-04-26,6.461619853973389,2009-04-27,true,false,251
2010-04-27,11.153735160827637,11.322789192199707,2010-04-26,6.461619853973389,2009-04-27,false,false,251
2010-04-28,11.067243576049805,11.322789192199707,2010-04-26,6.499855995178223,2009-05-13,false,false,251
2010-04-29,11.082968711853027,11.322789192199707,2010-04-26,6.499855995178223,2009-05-13,false,false,251
2010-04-30,10.544349670410156,11.322789192199707,2010-04-26,6.499855995178223,2009-05-13,false,false,251
2010-05-03,10.835281372070312,11.322789192199707,2010-04-26,6.499855995178223,2009-05-13,false,false,251
2010-05-04,10.69767951965332,11.322789192199707,2010-04-26,6.499855995178223,2009-05-13,false,false,251
2010-05-05,10.748788833618164,11.322789192199707,2010-04-26,6.499855995178223,2009-05-13,false,false,251
2010-05-06,10.674089431762695,11.322789192199707,2010-04-26,6.499855995178223,2009-05-13,false,false,251
2010-05-07,10.410677909851074,11.322789192199707,2010-04-26,6.499855995178223,2009-05-13,false,false,251
2010-05-10,11.04365348815918,11.322789192199707,2010-04-26,6.499855995178223,2009-05-13,false,false,251
2010-05-11,11.224501609802246,11.322789192199707,2010-04-26,6.499855995178223,2009-05-13,false,false,251
2010-05-12,11.554750442504883,11.554750442504883,2010-05-12,6.499855995178223,2009-05-13,true,false,251
2010-05-13,11.393558502197266,11.554750442504883,2010-05-12,6.499855995178223,2009-05-13,false,false,251
2010-05-14,10.996474266052246,11.554750442504883,2010-05-12,6.71014404296875,2009-05-15,false,false,251
2010-05-17,11.130145072937012,11.554750442504883,2010-05-12,6.71014404296875,2009-05-15,false,false,251
2010-05-18,11.03579044342041,11.554750442504883,2010-05-12,7.077195644378662,2009-08-04,false,false,251
2010-05-19,10.784174919128418,11.554750442504883,2010-05-12,7.077195644378662,2009-08-04,false,false,251
2010-05-20,10.453923225402832,11.554750442504883,2010-05-12,7.077195644378662,2009-08-04,false,false,251
2010-05-21,10.654430389404297,11.554750442504883,2010-05-12,7.077195644378662,2009-08-04,false,false,251
2010-05-24,10.678020477294922,11.554750442504883,2010-05-12,7.077195644378662,2009-08-04,false,false,251
2010-05-25,10.410677909851074,11.554750442504883,2010-05-12,7.077195644378662,2009-08-04,false,false,252
2010-05-26,10.685883522033691,11.554750442504883,2010-05-12,7.077195644378662,2009-08-04,false,false,252
2010-05-27,10.792036056518555,11.554750442504883,2010-05-12,7.077195644378662,2009-08-04,false,false,252
2010-05-28,10.575800895690918,11.554750442504883,2010-05-12,7.077195644378662,2009-08-04,false,false,252
2010-06-01,9.997868537902832,11.554750442504883,2010-05-12,7.077195644378662,2009-08-04,false,false,251
2010-06-02,10.14726734161377,11.554750442504883,2010-05-12,7.077195644378662,2009-08-04,false,false,251
2010-06-03,10.316320419311523,11.554750442504883,2010-05-12,7.077195644378662,2009-08-04,false,false,251
2010-06-04,9.435660362243652,11.554750442504883,2010-05-12,7.077195644378662,2009-08-04,false,false,251
2010-06-07,9.423864364624023,11.554750442504883,2010-05-12,7.077195644378662,2009-08-04,false,false,251
2010-06-08,9.474974632263184,11.554750442504883,2010-05-12,7.077195644378662,2009-08-04,false,false,251
2010-06-09,9.474974632263184,11.554750442504883,2010-05-12,7.077195644378662,2009-08-04,false,false,251
2010-06-10,9.883852005004883,11.554750442504883,2010-05-12,7.077195644378662,2009-08-04,false,false,251
2010-06-11,10.041114807128906,11.554750442504883,2010-05-12,7.077195644378662,2009-08-04,false,false,251
2010-06-14,9.907442092895508,11.554750442504883,2010-05-12,7.077195644378662,2009-08-04,false,false,251
2010-06-15,10.442129135131836,11.554750442504883,2010-05-12,7.077195644378662,2009-08-04,false,false,251
2010-06-16,10.650501251220703,11.554750442504883,2010-05-12,7.077195644378662,2009-08-04,false,false,251
2010-06-17,11.00826644897461,11.554750442504883,2010-05-12,7.077195644378662,2009-08-04,false,false,251
2010-06-18,10.799896240234375,11.554750442504883,2010-05-12,7.077195644378662,2009-08-04,false,false,251
2010-06-21,10.127607345581055,11.554750442504883,2010-05-12,7.077195644378662,2009-08-04,false,false,251
2010-06-22,10.017525672912598,11.554750442504883,2010-05-12,7.077195644378662,2009-08-04,false,false,251
2010-06-23,9.793425559997559,11.554750442504883,2010-05-12,7.077195644378662,2009-08-04,false,false,251
2010-06-24,9.710866928100586,11.554750442504883,2010-05-12,7.077195644378662,2009-08-04,false,false,251
2010-06-25,9.982141494750977,11.554750442504883,2010-05-12,7.077195644378662,2009-08-04,false,false,251
2010-06-28,10.045045852661133,11.554750442504883,2010-05-12,7.077195644378662,2009-08-04,false,false,251
2010-06-29,9.671548843383789,11.554750442504883,2010-05-12,7.077195644378662,2009-08-04,false,false,251
2010-06-30,9.467109680175781,11.554750442504883,2010-05-12,7.077195644378662,2009-08-04,false,false,251
2010-07-01,9.738384246826172,11.554750442504883,2010-05-12,7.077195644378662,2009-08-04,false,false,251
2010-07-02,9.899579048156738,11.554750442504883,2010-05-12,7.077195644378662,2009-08-04,false,false,251
2010-07-06,9.636164665222168,11.554750442504883,2010-05-12,7.077195644378662,2009-08-04,false,false,251
2010-07-07,9.879920959472656,11.554750442504883,2010-05-12,7.077195644378662,2009-08-04,false,false,251
2010-07-08,9.946756362915039,11.554750442504883,2010-05-12,7.077195644378662,2009-08-04,false,false,251
2010-07-09,10.20230484008789,11.554750442504883,2010-05-12,7.077195644378662,2009-08-04,false,false,251
2010-07-12,9.950688362121582,11.554750442504883,2010-05-12,7.077195644378662,2009-08-04,false,false,251
2010-07-13,10.394948959350586,11.554750442504883,2010-05-12,7.077195644378662,2009-08-04,false,false,251
2010-07-14,10.47751235961914,11.554750442504883,2010-05-12,7.077195644378662,2009-08-04,false,false,251
2010-07-15,10.564004898071289,11.554750442504883,2010-05-12,7.077195644378662,2009-08-04,false,false,251
2010-07-16,10.170856475830078,11.554750442504883,2010-05-12,7.077195644378662,2009-08-04,false,false,251
2010-07-19,10.166922569274902,11.554750442504883,2010-05-12,7.077195644378662,2009-08-04,false,false,251
2010-07-20,10.387086868286133,11.554750442504883,2010-05-12,7.077195644378662,2009-08-04,false,false,251
2010-07-21,10.332047462463379,11.554750442504883,2010-05-12,7.077195644378662,2009-08-04,false,false,251
2010-07-22,10.622978210449219,11.554750442504883,2010-05-12,7.077195644378662,2009-08-04,false,false,251
2010-07-23,10.98861026763916,11.554750442504883,2010-05-12,7.077195644378662,2009-08-04,false,false,251
2010-07-26,11.401421546936035,11.554750442504883,2010-05-12,7.077195644378662,2009-08-04,false,false,251
2010-07-27,11.082968711853027,11.554750442504883,2010-05-12,7.077195644378662,2009-08-04,false,false,251
2010-07-28,11.794572830200195,11.794572830200195,2010-07-28,7.077195644378662,2009-08-04,true,false,251
2010-07-29,12.105162620544434,12.105162620544434,2010-07-29,7.077195644378662,2009-08-04,true,false,251
2010-07-30,12.761728286743164,12.761728286743164,2010-07-30,7.077195644378662,2009-08-04,true,false,251
2010-08-02,12.647711753845215,12.761728286743164,2010-07-30,7.077195644378662,2009-08-04,false,false,251
2010-08-03,13.150949478149414,13.150949478149414,2010-08-03,7.077195644378662,2009-08-04,true,false,251
2010-08-04,12.974031448364258,13.150949478149414,2010-08-03,7.077195644378662,2009-08-04,false,false,251
2010-08-05,13.0447998046875,13.150949478149414,2010-08-03,7.321896553039551,2009-08-06,false,false,251
2010-08-06,13.205992698669434,13.205992698669434,2010-08-06,7.321896553039551,2009-08-06,true,false,251
2010-08-09,13.347527503967285,13.347527503967285,2010-08-09,7.520716190338135,2009-08-17,true,false,251
2010-08-10,13.261029243469238,13.347527503967285,2010-08-09,7.520716190338135,2009-08-17,false,false,251
2010-08-11,13.021209716796875,13.347527503967285,2010-08-09,7.520716190338135,2009-08-17,false,false,251
2010-08-12,12.938648223876953,13.347527503967285,2010-08-09,7.520716190338135,2009-08-17,false,false,251
2010-08-13,12.580877304077148,13.347527503967285,2010-08-09,7.520716190338135,2009-08-17,false,false,251
2010-08-16,12.761728286743164,13.347527503967285,2010-08-09,7.520716190338135,2009-08-17,false,false,251
2010-08-17,13.036934852600098,13.347527503967285,2010-08-09,7.520716190338135,2009-08-17,false,false,251
2010-08-18,13.0447998046875,13.347527503967285,2010-08-09,7.597183704376221,2009-09-02,false,false,251
2010-08-19,12.407890319824219,13.347527503967285,2010-08-09,7.597183704376221,2009-09-02,false,false,251
2010-08-20,12.569085121154785,13.347527503967285,2010-08-09,7.597183704376221,2009-09-02,false,false,251
2010-08-23,12.2388334274292,13.347527503967285,2010-08-09,7.597183704376221,2009-09-02,false,false,251
2010-08-24,12.156272888183594,13.347527503967285,2010-08-09,7.597183704376221,2009-09-02,false,false,251
2010-08-25,11.98721694946289,13.347527503967285,2010-08-09,7.597183704376221,2009-09-02,false,false,251
2010-08-26,11.975422859191895,13.347527503967285,2010-08-09,7.597183704376221,2009-09-02,false,false,251
2010-08-27,12.396097183227539,13.347527503967285,2010-08-09,7.597183704376221,2009-09-02,false,false,251
2010-08-30,11.896793365478516,13.347527503967285,2010-08-09,7.597183704376221,2009-09-02,false,false,251
2010-08-31,11.979354858398438,13.347527503967285,2010-08-09,7.597183704376221,2009-09-02,false,false,251
2010-09-01,12.722412109375,13.347527503967285,2010-08-09,7.597183704376221,2009-09-02,false,false,251
2010-09-02,12.49831485748291,13.347527503967285,2010-08-09,7.597183704376221,2009-09-02,false,false,251
2010-09-03,12.26242446899414,13.347527503967285,2010-08-09,7.69307804107666,2010-02-04,false,false,251
2010-09-07,11.99507999420166,13.347527503967285,2010-08-09,7.69307804107666,2010-02-04,false,false,251
2010-09-08,12.093367576599121,13.347527503967285,2010-08-09,7.69307804107666,2010-02-04,false,false,251
2010-09-09,12.329259872436523,13.347527503967285,2010-08-09,7.69307804107666,2010-02-04,false,false,251
2010-09-10,12.293877601623535,13.347527503967285,2010-08-09,7.69307804107666,2010-02-04,false,false,251
2010-09-13,12.769591331481934,13.347527503967285,2010-08-09,7.69307804107666,2010-02-04,false,false,251
2010-09-14,12.769591331481934,13.347527503967285,2010-08-09,7.69307804107666,2010-02-04,false,false,251
2010-09-15,13.422225952148438,13.422225952148438,2010-09-15,7.69307804107666,2010-02-04,true,false,251
2010-09-16,13.382906913757324,13.422225952148438,2010-09-15,7.69307804107666,2010-02-04,false,false,251
2010-09-17,13.402565956115723,13.422225952148438,2010-09-15,7.69307804107666,2010-02-04,false,false,251
2010-09-20,14.263566970825195,14.263566970825195,2010-09-20,7.69307804107666,2010-02-04,true,false,251
2010-09-21,14.353996276855469,14.353996276855469,2010-09-21,7.69307804107666,2010-02-04,true,false,251
2010-09-22,14.489148139953613,14.489148139953613,2010-09-22,7.69307804107666,2010-02-04,true,false,251
2010-09-23,14.429523468017578,14.489148139953613,2010-09-22,7.69307804107666,2010-02-04,false,false,251
2010-09-24,14.767406463623047,14.767406463623047,2010-09-24,7.69307804107666,2010-02-04,true,false,251
2010-09-27,14.536847114562988,14.767406463623047,2010-09-24,7.69307804107666,2010-02-04,false,false,251
2010-09-28,14.36989974975586,14.767406463623047,2010-09-24,7.69307804107666,2010-02-04,false,false,251
2010-09-29,14.111515045166016,14.767406463623047,2010-09-24,7.69307804107666,2010-02-04,false,false,251
2010-09-30,14.079715728759766,14.767406463623047,2010-09-24,7.69307804107666,2010-02-04,false,false,251
2010-10-01,14.477222442626953,14.767406463623047,2010-09-24,7.69307804107666,2010-02-04,false,false,251
2010-10-04,14.425548553466797,14.767406463623047,2010-09-24,7.69307804107666,2010-02-04,false,false,251
2010-10-05,15.598193168640137,15.598193168640137,2010-10-05,7.69307804107666,2010-02-04,true,false,251
2010-10-06,15.21658706665039,15.598193168640137,2010-10-05,7.69307804107666,2010-02-04,false,false,251
2010-10-07,15.30403995513916,15.598193168640137,2010-10-05,7.69307804107666,2010-02-04,false,false,251
2010-10-08,15.280189514160156,15.598193168640137,2010-10-05,7.69307804107666,2010-02-04,false,false,251
2010-10-11,15.296089172363281,15.598193168640137,2010-10-05,7.69307804107666,2010-02-04,false,false,251
2010-10-12,15.236462593078613,15.598193168640137,2010-10-05,7.69307804107666,2010-02-04,false,false,251
2010-10-13,15.220563888549805,15.598193168640137,2010-10-05,7.69307804107666,2010-02-04,false,false,251
2010-10-14,15.844647407531738,15.844647407531738,2010-10-14,7.69307804107666,2010-02-04,true,false,251
2010-10-15,15.832723617553711,15.844647407531738,2010-10-14,7.69307804107666,2010-02-04,false,false,251
2010-10-18,16.055334091186523,16.055334091186523,2010-10-18,7.69307804107666,2010-02-04,true,false,251
2010-10-19,15.741297721862793,16.055334091186523,2010-10-18,7.69307804107666,2010-02-04,false,false,251
2010-10-20,15.76514720916748,16.055334091186523,2010-10-18,7.69307804107666,2010-02-04,false,false,251
2010-10-21,15.355709075927734,16.055334091186523,2010-10-18,7.69307804107666,2010-02-04,false,false,251
2010-10-22,14.528900146484375,16.055334091186523,2010-10-18,7.69307804107666,2010-02-04,false,false,251
2010-10-25,15.121186256408691,16.055334091186523,2010-10-18,7.69307804107666,2010-02-04,false,false,251
2010-10-26,15.39547061920166,16.055334091186523,2010-10-18,7.69307804107666,2010-02-04,false,false,251
2010-10-27,14.767406463623047,16.055334091186523,2010-10-18,7.69307804107666,2010-02-04,false,false,251
2010-10-28,13.904814720153809,16.055334091186523,2010-10-18,7.69307804107666,2010-02-04,false,false,251
2010-10-29,14.270520210266113,16.055334091186523,2010-10-18,7.69307804107666,2010-02-04,false,false,251
2010-11-01,14.26257038116455,16.055334091186523,2010-10-18,7.69307804107666,2010-02-04,false,false,251
2010-11-02,14.564674377441406,16.055334091186523,2010-10-18,7.69307804107666,2010-02-04,false,false,251
2010-11-03,14.8230562210083,16.055334091186523,2010-10-18,7.69307804107666,2010-02-04,false,false,251
2010-11-04,15.506766319274902,16.055334091186523,2010-10-18,7.69307804107666,2010-02-04,false,false,251
2010-11-05,15.268266677856445,16.055334091186523,2010-10-18,7.69307804107666,2010-02-04,false,false,251
2010-11-08,15.3875150680542,16.055334091186523,2010-10-18,7.69307804107666,2010-02-04,false,false,251
2010-11-09,14.98205852508545,16.055334091186523,2010-10-18,7.69307804107666,2010-02-04,false,false,251
2010-11-10,15.339816093444824,16.055334091186523,2010-10-18,7.69307804107666,2010-02-04,false,false,251
2010-11-11,15.745268821716309,16.055334091186523,2010-10-18,7.69307804107666,2010-02-04,false,false,251
2010-11-12,15.470990180969238,16.055334091186523,2010-10-18,7.69307804107666,2010-02-04,false,false,251
2010-11-15,15.39547061920166,16.055334091186523,2010-10-18,7.69307804107666,2010-02-04,false,false,251
2010-11-16,14.906530380249023,16.055334091186523,2010-10-18,7.69307804107666,2010-02-04,false,false,251
2010-11-17,15.20068359375,16.055334091186523,2010-10-18,7.69307804107666,2010-02-04,false,false,251
2010-11-18,15.494842529296875,16.055334091186523,2010-10-18,7.69307804107666,2010-02-04,false,false,251
2010-11-19,15.916200637817383,16.055334091186523,2010-10-18,7.69307804107666,2010-02-04,false,false,251
2010-11-22,16.206384658813477,16.206384658813477,2010-11-22,7.69307804107666,2010-02-04,true,false,251
2010-11-23,16.11495018005371,16.206384658813477,2010-11-22,7.69307804107666,2010-02-04,false,false,251
2010-11-24,16.297805786132812,16.297805786132812,2010-11-24,7.69307804107666,2010-02-04,true,false,251
2010-11-26,16.55618667602539,16.55618667602539,2010-11-26,7.69307804107666,2010-02-04,true,false,251
2010-11-29,17.247848510742188,17.247848510742188,2010-11-29,7.69307804107666,2010-02-04,true,false,251
2010-11-30,17.30350112915039,17.30350112915039,2010-11-30,7.69307804107666,2010-02-04,true,false,251
2010-12-01,17.271705627441406,17.30350112915039,2010-11-30,7.69307804107666,2010-02-04,false,false,251
2010-12-02,17.323375701904297,17.323375701904297,2010-12-02,7.69307804107666,2010-02-04,true,false,251
2010-12-03,17.25182342529297,17.323375701904297,2010-12-02,7.69307804107666,2010-02-04,false,false,251
2010-12-06,16.925874710083008,17.323375701904297,2010-12-02,7.69307804107666,2010-02-04,false,false,251
2010-12-07,17.625486373901367,17.625486373901367,2010-12-07,7.69307804107666,2010-02-04,true,false,251
2010-12-08,17.390953063964844,17.625486373901367,2010-12-07,7.69307804107666,2010-02-04,false,false,251
2010-12-09,17.879886627197266,17.879886627197266,2010-12-09,7.69307804107666,2010-02-04,true,false,251
2010-12-10,17.927589416503906,17.927589416503906,2010-12-10,7.69307804107666,2010-02-04,true,false,251
2010-12-13,17.979263305664062,17.979263305664062,2010-12-13,7.69307804107666,2010-02-04,true,false,251
2010-12-14,18.245594024658203,18.245594024658203,2010-12-14,7.69307804107666,2010-02-04,true,false,251
2010-12-15,18.28534698486328,18.28534698486328,2010-12-15,7.69307804107666,2010-02-04,true,false,251
2010-12-16,19.56134033203125,19.56134033203125,2010-12-16,7.69307804107666,2010-02-04,true,false,251
2010-12-17,18.734521865844727,19.56134033203125,2010-12-16,7.69307804107666,2010-02-04,false,false,251
2010-12-20,18.293296813964844,19.56134033203125,2010-12-16,7.69307804107666,2010-02-04,false,false,251
2010-12-21,17.26772689819336,19.56134033203125,2010-12-16,7.69307804107666,2010-02-04,false,false,251
2010-12-22,16.703264236450195,19.56134033203125,2010-12-16,7.69307804107666,2010-02-04,false,false,251
2010-12-23,17.01331901550293,19.56134033203125,2010-12-16,7.69307804107666,2010-02-04,false,false,251
2010-12-27,17.30350112915039,19.56134033203125,2010-12-16,7.69307804107666,2010-02-04,false,false,251
2010-12-28,17.37505340576172,19.56134033203125,2010-12-16,7.69307804107666,2010-02-04,false,false,251
2010-12-29,17.74871063232422,19.56134033203125,2010-12-16,7.69307804107666,2010-02-04,false,false,251
2010-12-30,17.752689361572266,19.56134033203125,2010-12-16,7.69307804107666,2010-02-04,false,false,251
2010-12-31,17.649335861206055,19.56134033203125,2010-12-16,7.69307804107666,2010-02-04,false,false,251
2011-01-03,17.708959579467773,19.56134033203125,2010-12-16,7.69307804107666,2010-02-04,false,false,252
2011-01-04,17.58970832824707,19.56134033203125,2010-12-16,7.69307804107666,2010-02-04,false,false,252
2011-01-05,17.89181137084961,19.56134033203125,2010-12-16,7.69307804107666,2010-02-04,false,false,252
2011-01-06,17.836162567138672,19.56134033203125,2010-12-16,7.69307804107666,2010-02-04,false,false,252
2011-01-07,17.89975929260254,19.56134033203125,2010-12-16,7.69307804107666,2010-02-04,false,false,252
2011-01-10,18.162118911743164,19.56134033203125,2010-12-16,7.69307804107666,2010-02-04,false,false,252
2011-01-11,18.070688247680664,19.56134033203125,2010-12-16,7.69307804107666,2010-02-04,false,false,252
2011-01-12,18.01901626586914,19.56134033203125,2010-12-16,7.69307804107666,2010-02-04,false,false,252
2011-01-13,17.979263305664062,19.56134033203125,2010-12-16,7.69307804107666,2010-02-04,false,false,252
2011-01-14,18.5000057220459,19.56134033203125,2010-12-16,7.69307804107666,2010-02-04,false,false,252
2011-01-18,18.416521072387695,19.56134033203125,2010-12-16,7.69307804107666,2010-02-04,false,false,252
2011-01-19,18.00311279296875,19.56134033203125,2010-12-16,7.69307804107666,2010-02-04,false,false,252
2011-01-20,17.701007843017578,19.56134033203125,2010-12-16,7.69307804107666,2010-02-04,false,false,252
2011-01-21,17.784486770629883,19.56134033203125,2010-12-16,7.69307804107666,2010-02-04,false,false,252
2011-01-24,17.820261001586914,19.56134033203125,2010-12-16,7.69307804107666,2010-02-04,false,false,252
2011-01-25,17.971317291259766,19.56134033203125,2010-12-16,7.69307804107666,2010-02-04,false,false,252
2011-01-26,18.340993881225586,19.56134033203125,2010-12-16,7.69307804107666,2010-02-04,false,false,252
2011-01-27,15.43124008178711,19.56134033203125,2010-12-16,7.69307804107666,2010-02-04,false,false,252
2011-01-28,15.904278755187988,19.56134033203125,2010-12-16,7.69307804107666,2010-02-04,false,false,252
2011-01-31,15.610116958618164,19.56134033203125,2010-12-16,7.69307804107666,2010-02-04,false,false,252
2011-02-01,15.594221115112305,19.56134033203125,2010-12-16,7.69307804107666,2010-02-04,false,false,252
2011-02-02,15.478944778442383,19.56134033203125,2010-12-16,7.69307804107666,2010-02-04,false,false,252
2011-02-03,15.542543411254883,19.56134033203125,2010-12-16,7.69307804107666,2010-02-04,false,false,252
2011-02-04,15.156960487365723,19.56134033203125,2010-12-16,7.69307804107666,2010-02-04,false,false,252
2011-02-07,15.371623039245605,19.56134033203125,2010-12-16,7.720264434814453,2010-02-11,false,false,252
2011-02-08,15.618070602416992,19.56134033203125,2010-12-16,7.720264434814453,2010-02-11,false,false,252
2011-02-09,15.248387336730957,19.56134033203125,2010-12-16,7.720264434814453,2010-02-11,false,false,252
2011-02-10,15.629989624023438,19.56134033203125,2010-12-16,7.720264434814453,2010-02-11,false,false,252
2011-02-11,15.371623039245605,19.56134033203125,2010-12-16,7.720264434814453,2010-02-11,false,false,252
2011-02-14,15.467020034790039,19.56134033203125,2010-12-16,7.747447490692139,2010-02-26,false,false,252
2011-02-15,15.367637634277344,19.56134033203125,2010-12-16,7.747447490692139,2010-02-26,false,false,253
2011-02-16,15.41534423828125,19.56134033203125,2010-12-16,7.747447490692139,2010-02-26,false,false,253
2011-02-17,15.681673049926758,19.56134033203125,2010-12-16,7.747447490692139,2010-02-26,false,false,253
2011-02-18,15.614093780517578,19.56134033203125,2010-12-16,7.747447490692139,2010-02-26,false,false,253
2011-02-22,15.30403995513916,19.56134033203125,2010-12-16,7.747447490692139,2010-02-26,false,false,252
2011-02-23,15.248387336730957,19.56134033203125,2010-12-16,7.747447490692139,2010-02-26,false,false,252
2011-02-24,15.550493240356445,19.56134033203125,2010-12-16,7.747447490692139,2010-02-26,false,false,252
2011-02-25,15.447137832641602,19.56134033203125,2010-12-16,7.747447490692139,2010-02-26,false,false,252
2011-02-28,15.212611198425293,19.56134033203125,2010-12-16,7.747447490692139,2010-02-26,false,false,252
2011-03-01,14.536847114562988,19.56134033203125,2010-12-16,8.271710395812988,2010-03-02,false,false,252
2011-03-02,14.520949363708496,19.56134033203125,2010-12-16,8.271710395812988,2010-03-02,false,false,252
2011-03-03,14.723681449890137,19.56134033203125,2010-12-16,8.465883255004883,2010-03-09,false,false,252
2011-03-04,14.644172668457031,19.56134033203125,2010-12-16,8.465883255004883,2010-03-09,false,false,252
2011-03-07,14.461323738098145,19.56134033203125,2010-12-16,8.465883255004883,2010-03-09,false,false,252
2011-03-08,14.910511016845703,19.56134033203125,2010-12-16,8.465883255004883,2010-03-09,false,false,252
2011-03-09,14.922432899475098,19.56134033203125,2010-12-16,8.465883255004883,2010-03-09,false,false,252
2011-03-10,14.44940185546875,19.56134033203125,2010-12-16,8.535781860351562,2010-03-12,false,false,252
2011-03-11,14.564674377441406,19.56134033203125,2010-12-16,8.535781860351562,2010-03-12,false,false,252
2011-03-14,14.779329299926758,19.56134033203125,2010-12-16,8.535781860351562,2010-03-12,false,false,252
2011-03-15,14.795234680175781,19.56134033203125,2010-12-16,8.889175415039062,2010-03-16,false,false,252
2011-03-16,14.57262134552002,19.56134033203125,2010-12-16,8.889175415039062,2010-03-16,false,false,252
2011-03-17,15.149012565612793,19.56134033203125,2010-12-16,9.164382934570312,2010-03-19,false,false,252
2011-03-18,15.586270332336426,19.56134033203125,2010-12-16,9.164382934570312,2010-03-19,false,false,252
2011-03-21,15.967875480651855,19.56134033203125,2010-12-16,9.164382934570312,2010-03-19,false,false,252
2011-03-22,15.912224769592285,19.56134033203125,2010-12-16,9.168316841125488,2010-03-25,false,false,252
2011-03-23,16.040390014648438,19.56134033203125,2010-12-16,9.168316841125488,2010-03-25,false,false,252
2011-03-24,16.08844757080078,19.56134033203125,2010-12-16,9.168316841125488,2010-03-25,false,false,252
2011-03-25,15.808088302612305,19.56134033203125,2010-12-16,9.168316841125488,2010-03-25,false,false,252
2011-03-28,15.996333122253418,19.56134033203125,2010-12-16,9.30591869354248,2010-03-29,false,false,252
2011-03-29,16.208602905273438,19.56134033203125,2010-12-16,9.30591869354248,2010-03-29,false,false,252
2011-03-30,16.62112808227539,19.56134033203125,2010-12-16,9.423864364624023,2010-06-07,false,false,252
2011-03-31,16.452913284301758,19.56134033203125,2010-12-16,9.423864364624023,2010-06-07,false,false,252
2011-04-01,16.36880874633789,19.56134033203125,2010-12-16,9.423864364624023,2010-06-07,false,false,252
2011-04-04,16.468936920166016,19.56134033203125,2010-12-16,9.423864364624023,2010-06-07,false,false,253
2011-04-05,16.597095489501953,19.56134033203125,2010-12-16,9.423864364624023,2010-06-07,false,false,253
2011-04-06,16.613122940063477,19.56134033203125,2010-12-16,9.423864364624023,2010-06-07,false,false,253
2011-04-07,16.464935302734375,19.56134033203125,2010-12-16,9.423864364624023,2010-06-07,false,false,253
2011-04-08,16.21260643005371,19.56134033203125,2010-12-16,9.423864364624023,2010-06-07,false,false,253
2011-04-11,16.15253257751465,19.56134033203125,2010-12-16,9.423864364624023,2010-06-07,false,false,253
2011-04-12,15.980316162109375,19.56134033203125,2010-12-16,9.423864364624023,2010-06-07,false,false,253
2011-04-13,16.020366668701172,19.56134033203125,2010-12-16,9.423864364624023,2010-06-07,false,false,253
2011-04-14,16.076431274414062,19.56134033203125,2010-12-16,9.423864364624023,2010-06-07,false,false,253
2011-04-15,15.671920776367188,19.56134033203125,2010-12-16,9.423864364624023,2010-06-07,false,false,253
2011-04-18,15.687942504882812,19.56134033203125,2010-12-16,9.423864364624023,2010-06-07,false,false,253
2011-04-19,15.679932594299316,19.56134033203125,2010-12-16,9.423864364624023,2010-06-07,false,false,253
2011-04-20,16.721256256103516,19.56134033203125,2010-12-16,9.423864364624023,2010-06-07,false,false,253
2011-04-21,17.630409240722656,19.56134033203125,2010-12-16,9.423864364624023,2010-06-07,false,false,253
2011-04-25,17.818649291992188,19.56134033203125,2010-12-16,9.423864364624023,2010-06-07,false,false,252
2011-04-26,17.882728576660156,19.56134033203125,2010-12-16,9.423864364624023,2010-06-07,false,false,252
2011-04-27,18.42742156982422,19.56134033203125,2010-12-16,9.423864364624023,2010-06-07,false,false,252
2011-04-28,18.707775115966797,19.56134033203125,2010-12-16,9.423864364624023,2010-06-07,false,false,252
2011-04-29,18.839948654174805,19.56134033203125,2010-12-16,9.423864364624023,2010-06-07,false,false,252
2011-05-02,18.623672485351562,19.56134033203125,2010-12-16,9.423864364624023,2010-06-07,false,false,252
2011-05-03,18.07497215270996,19.56134033203125,2010-12-16,9.423864364624023,2010-06-07,false,false,252
2011-05-04,18.627676010131836,19.56134033203125,2010-12-16,9.423864364624023,2010-06-07,false,false,252
2011-05-05,18.39137840270996,19.56134033203125,2010-12-16,9.423864364624023,2010-06-07,false,false,252
2011-05-06,17.994873046875,19.56134033203125,2010-12-16,9.423864364624023,2010-06-07,false,false,252
2011-05-09,18.36734390258789,19.56134033203125,2010-12-16,9.423864364624023,2010-06-07,false,false,252
2011-05-10,18.571609497070312,19.56134033203125,2010-12-16,9.423864364624023,2010-06-07,false,false,252
2011-05-11,18.05494499206543,19.56134033203125,2010-12-16,9.423864364624023,2010-06-07,false,false,252
2011-05-12,17.830663681030273,19.56134033203125,2010-12-16,9.423864364624023,2010-06-07,false,false,252
2011-05-13,17.746557235717773,19.56134033203125,2010-12-16,9.423864364624023,2010-06-07,false,false,252
2011-05-16,17.197860717773438,19.56134033203125,2010-12-16,9.423864364624023,2010-06-07,false,false,252
2011-05-17,16.70924186706543,19.56134033203125,2010-12-16,9.423864364624023,2010-06-07,false,false,252
2011-05-18,16.845417022705078,19.56134033203125,2010-12-16,9.423864364624023,2010-06-07,false,false,252
2011-05-19,17.32201385498047,19.56134033203125,2010-12-16,9.423864364624023,2010-06-07,false,false,252
2011-05-20,17.06569480895996,19.56134033203125,2010-12-16,9.423864364624023,2010-06-07,false,false,252
2011-05-23,16.785341262817383,19.56134033203125,2010-12-16,9.423864364624023,2010-06-07,false,false,252
2011-05-24,16.72926902770996,19.56134033203125,2010-12-16,9.423864364624023,2010-06-07,false,false,252
2011-05-25,16.933521270751953,19.56134033203125,2010-12-16,9.423864364624023,2010-06-07,false,false,252
2011-05-26,17.06569480895996,19.56134033203125,2010-12-16,9.423864364624023,2010-06-07,false,false,252
2011-05-27,17.07370376586914,19.56134033203125,2010-12-16,9.423864364624023,2010-06-07,false,false,252
2011-05-31,17.442171096801758,19.56134033203125,2010-12-16,9.423864364624023,2010-06-07,false,false,252
2011-06-01,15.744011878967285,19.56134033203125,2010-12-16,9.423864364624023,2010-06-07,false,false,252
2011-06-02,15.595823287963867,19.56134033203125,2010-12-16,9.423864364624023,2010-06-07,false,false,252
2011-06-03,15.27140998840332,19.56134033203125,2010-12-16,9.423864364624023,2010-06-07,false,false,252
2011-06-06,14.814833641052246,19.56134033203125,2010-12-16,9.423864364624023,2010-06-07,false,false,252
2011-06-07,14.73473072052002,19.56134033203125,2010-12-16,9.423864364624023,2010-06-07,false,false,252
2011-06-08,14.174016952514648,19.56134033203125,2010-12-16,9.467109680175781,2010-06-30,false,false,252
2011-06-09,14.137969970703125,19.56134033203125,2010-12-16,9.467109680175781,2010-06-30,false,false,252
2011-06-10,13.733457565307617,19.56134033203125,2010-12-16,9.467109680175781,2010-06-30,false,false,252
2011-06-13,13.477130889892578,19.56134033203125,2010-12-16,9.467109680175781,2010-06-30,false,false,252
2011-06-14,13.861624717712402,19.56134033203125,2010-12-16,9.467109680175781,2010-06-30,false,false,252
2011-06-15,13.741467475891113,19.56134033203125,2010-12-16,9.467109680175781,2010-06-30,false,false,252
2011-06-16,13.973762512207031,19.56134033203125,2010-12-16,9.467109680175781,2010-06-30,false,false,252
2011-06-17,14.073887825012207,19.56134033203125,2010-12-16,9.467109680175781,2010-06-30,false,false,252
2011-06-20,14.386283874511719,19.56134033203125,2010-12-16,9.467109680175781,2010-06-30,false,false,252
2011-06-21,14.610574722290039,19.56134033203125,2010-12-16,9.467109680175781,2010-06-30,false,false,252
2011-06-22,14.198047637939453,19.56134033203125,2010-12-16,9.467109680175781,2010-06-30,false,false,252
2011-06-23,14.190033912658691,19.56134033203125,2010-12-16,9.467109680175781,2010-06-30,false,false,252
2011-06-24,13.913680076599121,19.56134033203125,2010-12-16,9.467109680175781,2010-06-30,false,false,252
2011-06-27,14.07789421081543,19.56134033203125,2010-12-16,9.467109680175781,2010-06-30,false,false,252
2011-06-28,14.274144172668457,19.56134033203125,2010-12-16,9.467109680175781,2010-06-30,false,false,252
2011-06-29,14.226082801818848,19.56134033203125,2010-12-16,9.467109680175781,2010-06-30,false,false,252
2011-06-30,14.506437301635742,19.56134033203125,2010-12-16,9.467109680175781,2010-06-30,false,false,252
2011-07-01,14.806818008422852,19.56134033203125,2010-12-16,9.636164665222168,2010-07-06,false,false,252
2011-07-05,14.482409477233887,19.56134033203125,2010-12-16,9.636164665222168,2010-07-06,false,false,252
2011-07-06,14.490421295166016,19.56134033203125,2010-12-16,9.636164665222168,2010-07-06,false,false,252
2011-07-07,15.047130584716797,19.56134033203125,2010-12-16,9.946756362915039,2010-07-08,false,false,252
2011-07-08,14.830851554870605,19.56134033203125,2010-12-16,9.946756362915039,2010-07-08,false,false,252
2011-07-11,14.794805526733398,19.56134033203125,2010-12-16,9.950688362121582,2010-07-12,false,false,252
2011-07-12,14.686667442321777,19.56134033203125,2010-12-16,9.950688362121582,2010-07-12,false,false,252
2011-07-13,14.991058349609375,19.56134033203125,2010-12-16,10.166922569274902,2010-07-19,false,false,252
2011-07-14,14.498431205749512,19.56134033203125,2010-12-16,10.166922569274902,2010-07-19,false,false,252
2011-07-15,14.750749588012695,19.56134033203125,2010-12-16,10.166922569274902,2010-07-19,false,false,252
2011-07-18,14.806818008422852,19.56134033203125,2010-12-16,10.166922569274902,2010-07-19,false,false,252
2011-07-19,15.119215965270996,19.56134033203125,2010-12-16,10.166922569274902,2010-07-19,false,false,252
2011-07-20,15.227359771728516,19.56134033203125,2010-12-16,10.332047462463379,2010-07-21,false,false,252
2011-07-21,15.199316024780273,19.56134033203125,2010-12-16,10.332047462463379,2010-07-21,false,false,252
2011-07-22,14.963017463684082,19.56134033203125,2010-12-16,10.98861026763916,2010-07-23,false,false,252
2011-07-25,14.806818008422852,19.56134033203125,2010-12-16,10.98861026763916,2010-07-23,false,false,252
2011-07-26,14.258122444152832,19.56134033203125,2010-12-16,11.082968711853027,2010-07-27,false,false,252
2011-07-27,13.74947738647461,19.56134033203125,2010-12-16,11.082968711853027,2010-07-27,false,false,252
2011-07-28,13.517176628112793,19.56134033203125,2010-12-16,11.896793365478516,2010-08-30,false,false,252
2011-07-29,13.785521507263184,19.56134033203125,2010-12-16,11.896793365478516,2010-08-30,false,false,252
2011-08-01,13.909680366516113,19.56134033203125,2010-12-16,11.896793365478516,2010-08-30,false,false,252
2011-08-02,13.737462043762207,19.56134033203125,2010-12-16,11.896793365478516,2010-08-30,false,false,252
2011-08-03,13.545217514038086,19.56134033203125,2010-12-16,11.896793365478516,2010-08-30,false,false,252
2011-08-04,12.992515563964844,19.56134033203125,2010-12-16,11.896793365478516,2010-08-30,false,false,252
2011-08-05,13.096646308898926,19.56134033203125,2010-12-16,11.896793365478516,2010-08-30,false,false,252
2011-08-08,12.315654754638672,19.56134033203125,2010-12-16,11.896793365478516,2010-08-30,false,false,252
2011-08-09,13.100650787353516,19.56134033203125,2010-12-16,11.896793365478516,2010-08-30,false,false,252
2011-08-10,12.335680961608887,19.56134033203125,2010-12-16,11.896793365478516,2010-08-30,false,false,252
2011-08-11,13.056594848632812,19.56134033203125,2010-12-16,11.896793365478516,2010-08-30,false,false,252
2011-08-12,13.128687858581543,19.56134033203125,2010-12-16,11.896793365478516,2010-08-30,false,false,252
2011-08-15,13.62531852722168,19.56134033203125,2010-12-16,11.896793365478516,2010-08-30,false,false,252
2011-08-16,13.537206649780273,19.56134033203125,2010-12-16,11.896793365478516,2010-08-30,false,false,252
2011-08-17,13.316925048828125,19.56134033203125,2010-12-16,11.896793365478516,2010-08-30,false,false,252
2011-08-18,12.976494789123535,19.56134033203125,2010-12-16,11.896793365478516,2010-08-30,false,false,252
2011-08-19,13.160730361938477,19.56134033203125,2010-12-16,11.896793365478516,2010-08-30,false,false,252
2011-08-22,13.252846717834473,19.56134033203125,2010-12-16,11.896793365478516,2010-08-30,false,false,252
2011-08-23,14.06588077545166,19.56134033203125,2010-12-16,11.896793365478516,2010-08-30,false,false,252
2011-08-24,14.326211929321289,19.56134033203125,2010-12-16,11.896793365478516,2010-08-30,false,false,252
2011-08-25,13.845599174499512,19.56134033203125,2010-12-16,11.896793365478516,2010-08-30,false,false,252
2011-08-26,13.845599174499512,19.56134033203125,2010-12-16,11.896793365478516,2010-08-30,false,false,252
2011-08-29,14.794805526733398,19.56134033203125,2010-12-16,11.896793365478516,2010-08-30,false,false,252
2011-08-30,14.618582725524902,19.56134033203125,2010-12-16,11.896793365478516,2010-08-30,false,false,252
2011-08-31,14.518454551696777,19.56134033203125,2010-12-16,11.99507999420166,2010-09-07,false,false,252
2011-09-01,13.953737258911133,19.56134033203125,2010-12-16,11.99507999420166,2010-09-07,false,false,252
2011-09-02,13.192770957946777,19.56134033203125,2010-12-16,11.99507999420166,2010-09-07,false,false,252
2011-09-06,13.196775436401367,19.56134033203125,2010-12-16,11.99507999420166,2010-09-07,false,false,252
2011-09-07,14.210062980651855,19.56134033203125,2010-12-16,11.99507999420166,2010-09-07,false,false,252
2011-09-08,13.753483772277832,19.56134033203125,2010-12-16,12.293877601623535,2010-09-10,false,false,252
2011-09-09,13.18075180053711,19.56134033203125,2010-12-16,12.293877601623535,2010-09-10,false,false,252
2011-09-12,13.288891792297363,19.56134033203125,2010-12-16,12.293877601623535,2010-09-10,false,false,252
2011-09-13,13.925704002380371,19.56134033203125,2010-12-16,12.315654754638672,2011-08-08,false,false,252
2011-09-14,14.18603229522705,19.56134033203125,2010-12-16,12.315654754638672,2011-08-08,false,false,252
2011-09-15,14.378277778625488,19.56134033203125,2010-12-16,12.315654754638672,2011-08-08,false,false,252
2011-09-16,14.162002563476562,19.56134033203125,2010-12-16,12.315654754638672,2011-08-08,false,false,252
2011-09-19,14.089909553527832,19.56134033203125,2010-12-16,12.315654754638672,2011-08-08,false,false,252
2011-09-20,13.657357215881348,19.56134033203125,2010-12-16,12.315654754638672,2011-08-08,false,false,252
2011-09-21,13.095378875732422,19.56134033203125,2010-12-16,12.315654754638672,2011-08-08,false,false,252
2011-09-22,12.395936965942383,19.56134033203125,2010-12-16,12.315654754638672,2011-08-08,false,false,252
2011-09-23,12.840668678283691,19.56134033203125,2010-12-16,12.315654754638672,2011-08-08,false,false,252
2011-09-26,13.054947853088379,19.56134033203125,2010-12-16,12.315654754638672,2011-08-08,false,false,252
2011-09-27,13.815038681030273,19.56134033203125,2010-12-16,12.315654754638672,2011-08-08,false,false,252
2011-09-28,12.81640911102295,19.56134033203125,2010-12-16,12.315654754638672,2011-08-08,false,false,252
2011-09-29,13.394563674926758,19.56134033203125,2010-12-16,12.315654754638672,2011-08-08,false,false,252
2011-09-30,12.873013496398926,19.56134033203125,2010-12-16,12.315654754638672,2011-08-08,false,false,252
2011-10-03,11.991632461547852,19.56134033203125,2010-12-16,11.991632461547852,2011-10-03,false,true,252
2011-10-04,13.236882209777832,19.56134033203125,2010-12-16,11.991632461547852,2011-10-03,false,false,252
2011-10-05,13.3015718460083,19.56134033203125,2010-12-16,11.991632461547852,2011-10-03,false,false,252
2011-10-06,13.172199249267578,19.56134033203125,2010-12-16,11.991632461547852,2011-10-03,false,false,252
2011-10-07,13.24497127532959,19.56134033203125,2010-12-16,11.991632461547852,2011-10-03,false,false,252
2011-10-10,13.641189575195312,19.56134033203125,2010-12-16,11.991632461547852,2011-10-03,false,false,252
2011-10-11,14.389144897460938,19.56134033203125,2010-12-16,11.991632461547852,2011-10-03,false,false,252
2011-10-12,14.55491828918457,19.56134033203125,2010-12-16,11.991632461547852,2011-10-03,false,false,252
2011-10-13,15.161365509033203,19.56134033203125,2010-12-16,11.991632461547852,2011-10-03,false,false,252
2011-10-14,15.986146926879883,19.56134033203125,2010-12-16,11.991632461547852,2011-10-03,false,false,252
2011-10-17,14.833884239196777,19.56134033203125,2010-12-16,11.991632461547852,2011-10-03,false,false,252
2011-10-18,15.209883689880371,19.56134033203125,2010-12-16,11.991632461547852,2011-10-03,false,false,252
2011-10-19,14.712591171264648,19.56134033203125,2010-12-16,11.991632461547852,2011-10-03,false,false,252
2011-10-20,14.445746421813965,19.56134033203125,2010-12-16,11.991632461547852,2011-10-03,false,false,252
2011-10-21,14.6762056350708,19.56134033203125,2010-12-16,11.991632461547852,2011-10-03,false,false,252
2011-10-24,15.3837308883667,19.56134033203125,2010-12-16,11.991632461547852,2011-10-03,false,false,252
2011-10-25,14.316372871398926,19.56134033203125,2010-12-16,11.991632461547852,2011-10-03,false,false,252
2011-10-26,15.64653205871582,19.56134033203125,2010-12-16,11.991632461547852,2011-10-03,false,false,252
2011-10-27,16.16807746887207,19.56134033203125,2010-12-16,11.991632461547852,2011-10-03,false,false,252
2011-10-28,16.04274559020996,19.56134033203125,2010-12-16,11.991632461547852,2011-10-03,false,false,252
2011-10-31,15.476720809936523,19.56134033203125,2010-12-16,11.991632461547852,2011-10-03,false,false,252
2011-11-01,14.498310089111328,19.56134033203125,2010-12-16,11.991632461547852,2011-10-03,false,false,252
2011-11-02,15.521197319030762,19.56134033203125,2010-12-16,11.991632461547852,2011-10-03,false,false,252
2011-11-03,16.269155502319336,19.56134033203125,2010-12-16,11.991632461547852,2011-10-03,false,false,252
2011-11-04,16.180208206176758,19.56134033203125,2010-12-16,11.991632461547852,2011-10-03,false,false,252
2011-11-07,15.978060722351074,19.56134033203125,2010-12-16,11.991632461547852,2011-10-03,false,false,252
2011-11-08,16.443008422851562,19.56134033203125,2010-12-16,11.991632461547852,2011-10-03,false,false,252
2011-11-09,15.407992362976074,19.56134033203125,2010-12-16,11.991632461547852,2011-10-03,false,false,252
2011-11-10,15.416078567504883,19.56134033203125,2010-12-16,11.991632461547852,2011-10-03,false,false,252
2011-11-11,15.969972610473633,19.56134033203125,2010-12-16,11.991632461547852,2011-10-03,false,false,252
2011-11-14,15.986146926879883,19.56134033203125,2010-12-16,11.991632461547852,2011-10-03,false,false,252
2011-11-15,16.155948638916016,19.56134033203125,2010-12-16,11.991632461547852,2011-10-03,false,false,252
2011-11-16,15.771862983703613,19.56134033203125,2010-12-16,11.991632461547852,2011-10-03,false,false,252
2011-11-17,15.452468872070312,19.56134033203125,2010-12-16,11.991632461547852,2011-10-03,false,false,252
2011-11-18,15.355436325073242,19.56134033203125,2010-12-16,11.991632461547852,2011-10-03,false,false,252
2011-11-21,14.583210945129395,19.56134033203125,2010-12-16,11.991632461547852,2011-10-03,false,false,252
2011-11-22,14.627690315246582,19.56134033203125,2010-12-16,11.991632461547852,2011-10-03,false,false,252
2011-11-23,14.154653549194336,19.56134033203125,2010-12-16,11.991632461547852,2011-10-03,false,false,252
2011-11-25,13.810997009277344,19.56134033203125,2010-12-16,11.991632461547852,2011-10-03,false,false,252
2011-11-28,14.377017974853516,19.56134033203125,2010-12-16,11.991632461547852,2011-10-03,false,false,252
2011-11-29,14.150609016418457,19.56134033203125,2010-12-16,11.991632461547852,2011-10-03,false,false,252
2011-11-30,15.974019050598145,19.56134033203125,2010-12-16,11.991632461547852,2011-10-03,false,false,252
2011-12-01,15.674829483032227,19.56134033203125,2010-12-16,11.991632461547852,2011-10-03,false,false,252
2011-12-02,15.282663345336914,19.56134033203125,2010-12-16,11.991632461547852,2011-10-03,false,false,252
2011-12-05,15.395865440368652,19.56134033203125,2010-12-16,11.991632461547852,2011-10-03,false,false,252
2011-12-06,15.602057456970215,19.56134033203125,2010-12-16,11.991632461547852,2011-10-03,false,false,252
2011-12-07,15.755694389343262,19.56134033203125,2010-12-16,11.991632461547852,2011-10-03,false,false,252
2011-12-08,14.773237228393555,19.56134033203125,2010-12-16,11.991632461547852,2011-10-03,false,false,252
2011-12-09,15.852724075317383,19.56134033203125,2010-12-16,11.991632461547852,2011-10-03,false,false,252
2011-12-12,15.310956954956055,19.56134033203125,2010-12-16,11.991632461547852,2011-10-03,false,false,252
2011-12-13,14.753024101257324,19.56134033203125,2010-12-16,11.991632461547852,2011-10-03,false,false,252
2011-12-14,14.292112350463867,19.56134033203125,2010-12-16,11.991632461547852,2011-10-03,false,false,252
2011-12-15,14.360848426818848,19.56134033203125,2010-12-16,11.991632461547852,2011-10-03,false,false,252
2011-12-16,14.599383354187012,19.56134033203125,2010-12-16,11.991632461547852,2011-10-03,false,false,252
2011-12-19,14.284029006958008,18.839948654174805,2011-04-29,11.991632461547852,2011-10-03,false,false,252
2011-12-20,15.262441635131836,18.839948654174805,2011-04-29,11.991632461547852,2011-10-03,false,false,252
2011-12-21,15.695040702819824,18.839948654174805,2011-04-29,11.991632461547852,2011-10-03,false,false,252
2011-12-22,15.359475135803223,18.839948654174805,2011-04-29,11.991632461547852,2011-10-03,false,false,252
2011-12-23,15.34329891204834,18.839948654174805,2011-04-29,11.991632461547852,2011-10-03,false,false,252
2011-12-27,14.959218978881836,18.839948654174805,2011-04-29,11.991632461547852,2011-10-03,false,false,252
2011-12-28,14.478096961975098,18.839948654174805,2011-04-29,11.991632461547852,2011-10-03,false,false,252
2011-12-29,14.575124740600586,18.839948654174805,2011-04-29,11.991632461547852,2011-10-03,false,false,252
2011-12-30,14.902615547180176,18.839948654174805,2011-04-29,11.991632461547852,2011-10-03,false,false,252
2012-01-03,14.934958457946777,18.839948654174805,2011-04-29,11.991632461547852,2011-10-03,false,false,251
2012-01-04,14.793451309204102,18.839948654174805,2011-04-29,11.991632461547852,2011-10-03,false,false,251
2012-01-05,14.372973442077637,18.839948654174805,2011-04-29,11.991632461547852,2011-10-03,false,false,251
2012-01-06,15.05625057220459,18.839948654174805,2011-04-29,11.991632461547852,2011-10-03,false,false,251
2012-01-09,15.05625057220459,18.839948654174805,2011-04-29,11.991632461547852,2011-10-03,false,false,251
2012-01-10,15.505026817321777,18.839948654174805,2011-04-29,11.991632461547852,2011-10-03,false,false,251
2012-01-11,15.76781940460205,18.839948654174805,2011-04-29,11.991632461547852,2011-10-03,false,false,251
2012-01-12,16.147869110107422,18.839948654174805,2011-04-29,11.991632461547852,2011-10-03,false,false,251
2012-01-13,15.860810279846191,18.839948654174805,2011-04-29,11.991632461547852,2011-10-03,false,false,251
2012-01-17,15.812294960021973,18.839948654174805,2011-04-29,11.991632461547852,2011-10-03,false,false,251
2012-01-18,16.062957763671875,18.839948654174805,2011-04-29,11.991632461547852,2011-10-03,false,false,251
2012-01-19,15.783995628356934,18.839948654174805,2011-04-29,11.991632461547852,2011-10-03,false,false,251
2012-01-20,16.071046829223633,18.839948654174805,2011-04-29,11.991632461547852,2011-10-03,false,false,251
2012-01-23,16.006362915039062,18.839948654174805,2011-04-29,11.991632461547852,2011-10-03,false,false,251
2012-01-24,16.394489288330078,18.839948654174805,2011-04-29,11.991632461547852,2011-10-03,false,false,251
2012-01-25,16.40258026123047,18.839948654174805,2011-04-29,11.991632461547852,2011-10-03,false,false,251
2012-01-26,16.43896484375,18.839948654174805,2011-04-29,11.991632461547852,2011-10-03,false,false,251
2012-01-27,16.515775680541992,18.839948654174805,2011-04-29,11.991632461547852,2011-10-03,false,false,251
2012-01-30,16.1357364654541,18.839948654174805,2011-04-29,11.991632461547852,2011-10-03,false,false,251
2012-01-31,16.022531509399414,18.839948654174805,2011-04-29,11.991632461547852,2011-10-03,false,false,251
2012-02-01,16.48344612121582,18.839948654174805,2011-04-29,11.991632461547852,2011-10-03,false,false,251
2012-02-02,16.463226318359375,18.839948654174805,2011-04-29,11.991632461547852,2011-10-03,false,false,251
2012-02-03,17.021162033081055,18.839948654174805,2011-04-29,11.991632461547852,2011-10-03,false,false,251
2012-02-06,16.604732513427734,18.839948654174805,2011-04-29,11.991632461547852,2011-10-03,false,false,251
2012-02-07,16.657285690307617,18.839948654174805,2011-04-29,11.991632461547852,2011-10-03,false,false,251
2012-02-08,16.681543350219727,18.839948654174805,2011-04-29,11.991632461547852,2011-10-03,false,false,251
2012-02-09,16.49961280822754,18.839948654174805,2011-04-29,11.991632461547852,2011-10-03,false,false,251
2012-02-10,16.32980728149414,18.839948654174805,2011-04-29,11.991632461547852,2011-10-03,false,false,251
2012-02-13,16.82709312438965,18.839948654174805,2011-04-29,11.991632461547852,2011-10-03,false,false,251
2012-02-14,16.49152374267578,18.839948654174805,2011-04-29,11.991632461547852,2011-10-03,false,false,251
2012-02-15,16.378320693969727,18.839948654174805,2011-04-29,11.991632461547852,2011-10-03,false,false,251
2012-02-16,16.49556541442871,18.839948654174805,2011-04-29,11.991632461547852,2011-10-03,false,false,251
2012-02-17,16.661333084106445,18.839948654174805,2011-04-29,11.991632461547852,2011-10-03,false,false,251
2012-02-21,16.289371490478516,18.839948654174805,2011-04-29,11.991632461547852,2011-10-03,false,false,251
2012-02-22,16.37427520751953,18.839948654174805,2011-04-29,11.991632461547852,2011-10-03,false,false,251
2012-02-23,16.624948501586914,18.839948654174805,2011-04-29,11.991632461547852,2011-10-03,false,false,251
2012-02-24,16.56429672241211,18.839948654174805,2011-04-29,11.991632461547852,2011-10-03,false,false,251
2012-02-27,16.64516258239746,18.839948654174805,2011-04-29,11.991632461547852,2011-10-03,false,false,251
2012-02-28,16.23680877685547,18.839948654174805,2011-04-29,11.991632461547852,2011-10-03,false,false,251
2012-02-29,15.666743278503418,18.839948654174805,2011-04-29,11.991632461547852,2011-10-03,false,false,251
2012-03-01,15.424161911010742,18.839948654174805,2011-04-29,11.991632461547852,2011-10-03,false,false,251
2012-03-02,14.716636657714844,18.839948654174805,2011-04-29,11.991632461547852,2011-10-03,false,false,251
2012-03-05,14.716636657714844,18.839948654174805,2011-04-29,11.991632461547852,2011-10-03,false,false,251
2012-03-06,14.04953384399414,18.839948654174805,2011-04-29,11.991632461547852,2011-10-03,false,false,251
2012-03-07,14.065707206726074,18.839948654174805,2011-04-29,11.991632461547852,2011-10-03,false,false,251
2012-03-08,14.30828857421875,18.839948654174805,2011-04-29,11.991632461547852,2011-10-03,false,false,251
2012-03-09,14.619603157043457,18.839948654174805,2011-04-29,11.991632461547852,2011-10-03,false,false,251
2012-03-12,14.502350807189941,18.839948654174805,2011-04-29,11.991632461547852,2011-10-03,false,false,251
2012-03-13,15.13710880279541,18.839948654174805,2011-04-29,11.991632461547852,2011-10-03,false,false,251
2012-03-14,14.995604515075684,18.839948654174805,2011-04-29,11.991632461547852,2011-10-03,false,false,251
2012-03-15,15.266481399536133,18.839948654174805,2011-04-29,11.991632461547852,2011-10-03,false,false,251
2012-03-16,15.169454574584961,18.839948654174805,2011-04-29,11.991632461547852,2011-10-03,false,false,251
2012-03-19,15.116891860961914,18.839948654174805,2011-04-29,11.991632461547852,2011-10-03,false,false,251
2012-03-20,14.757063865661621,18.839948654174805,2011-04-29,11.991632461547852,2011-10-03,false,false,251
2012-03-21,14.7978515625,18.839948654174805,2011-04-29,11.991632461547852,2011-10-03,false,false,251
2012-03-22,14.304316520690918,18.839948654174805,2011-04-29,11.991632461547852,2011-10-03,false,false,251
2012-03-23,14.85903549194336,18.839948654174805,2011-04-29,11.991632461547852,2011-10-03,false,false,251
2012-03-26,15.625849723815918,18.839948654174805,2011-04-29,11.991632461547852,2011-10-03,false,false,251
2012-03-27,15.658476829528809,18.839948654174805,2011-04-29,11.991632461547852,2011-10-03,false,false,251
2012-03-28,15.385196685791016,18.839948654174805,2011-04-29,11.991632461547852,2011-10-03,false,false,251
2012-03-29,15.654402732849121,18.839948654174805,2011-04-29,11.991632461547852,2011-10-03,false,false,251
2012-03-30,15.173100471496582,18.839948654174805,2011-04-29,11.991632461547852,2011-10-03,false,false,251
2012-04-02,15.115996360778809,18.839948654174805,2011-04-29,11.991632461547852,2011-10-03,false,false,251
2012-04-03,15.189414978027344,18.839948654174805,2011-04-29,11.991632461547852,2011-10-03,false,false,251
2012-04-04,15.038498878479004,18.839948654174805,2011-04-29,11.991632461547852,2011-10-03,false,false,251
2012-04-05,15.315855979919434,18.839948654174805,2011-04-29,11.991632461547852,2011-10-03,false,false,251
2012-04-09,15.018111228942871,18.839948654174805,2011-04-29,11.991632461547852,2011-10-03,false,false,250
2012-04-10,14.7040376663208,18.839948654174805,2011-04-29,11.991632461547852,2011-10-03,false,false,250
2012-04-11,15.034422874450684,18.839948654174805,2011-04-29,11.991632461547852,2011-10-03,false,false,250
2012-04-12,15.144549369812012,18.839948654174805,2011-04-29,11.991632461547852,2011-10-03,false,false,250
2012-04-13,14.712196350097656,18.839948654174805,2011-04-29,11.991632461547852,2011-10-03,false,false,250
2012-04-16,14.842720031738281,18.839948654174805,2011-04-29,11.991632461547852,2011-10-03,false,false,250
2012-04-17,14.899824142456055,18.839948654174805,2011-04-29,11.991632461547852,2011-10-03,false,false,250
2012-04-18,14.467472076416016,18.839948654174805,2011-04-29,11.991632461547852,2011-10-03,false,false,250
2012-04-19,14.275765419006348,18.839948654174805,2011-04-29,11.991632461547852,2011-10-03,false,false,250
2012-04-20,14.585756301879883,18.839948654174805,2011-04-29,11.991632461547852,2011-10-03,false,false,250
2012-04-23,14.0677490234375,18.839948654174805,2011-04-29,11.991632461547852,2011-10-03,false,false,251
2012-04-24,14.239056587219238,18.839948654174805,2011-04-29,11.991632461547852,2011-10-03,false,false,251
2012-04-25,14.3287935256958,18.839948654174805,2011-04-29,11.991632461547852,2011-10-03,false,false,251
2012-04-26,14.447075843811035,18.839948654174805,2011-04-29,11.991632461547852,2011-10-03,false,false,251
2012-04-27,14.532734870910645,18.839948654174805,2011-04-29,11.991632461547852,2011-10-03,false,false,251
2012-04-30,14.165640830993652,18.839948654174805,2011-04-29,11.991632461547852,2011-10-03,false,false,251
2012-05-01,13.790390014648438,18.627676010131836,2011-05-04,11.991632461547852,2011-10-03,false,false,251
2012-05-02,13.570135116577148,18.627676010131836,2011-05-04,11.991632461547852,2011-10-03,false,false,251
2012-05-03,13.390669822692871,18.627676010131836,2011-05-04,11.991632461547852,2011-10-03,false,false,251
2012-05-04,13.264226913452148,18.571609497070312,2011-05-10,11.991632461547852,2011-10-03,false,false,251
2012-05-07,13.406987190246582,18.571609497070312,2011-05-10,11.991632461547852,2011-10-03,false,false,251
2012-05-08,13.525269508361816,18.571609497070312,2011-05-10,11.991632461547852,2011-10-03,false,false,251
2012-05-09,13.427375793457031,18.571609497070312,2011-05-10,11.991632461547852,2011-10-03,false,false,251
2012-05-10,13.349882125854492,17.830663681030273,2011-05-12,11.991632461547852,2011-10-03,false,false,251
2012-05-11,13.207127571105957,17.830663681030273,2011-05-12,11.991632461547852,2011-10-03,false,false,251
2012-05-14,12.986869812011719,17.442171096801758,2011-05-31,11.991632461547852,2011-10-03,false,false,251
2012-05-15,12.787010192871094,17.442171096801758,2011-05-31,11.991632461547852,2011-10-03,false,false,251
2012-05-16,12.917531967163086,17.442171096801758,2011-05-31,11.991632461547852,2011-10-03,false,false,251
2012-05-17,12.86042594909668,17.442171096801758,2011-05-31,11.991632461547852,2011-10-03,false,false,251
2012-05-18,12.856348991394043,17.442171096801758,2011-05-31,11.991632461547852,2011-10-03,false,false,251
2012-05-21,13.823022842407227,17.442171096801758,2011-05-31,11.991632461547852,2011-10-03,false,false,251
2012-05-22,13.557902336120605,17.442171096801758,2011-05-31,11.991632461547852,2011-10-03,false,false,251
2012-05-23,13.737366676330566,17.442171096801758,2011-05-31,11.991632461547852,2011-10-03,false,false,251
2012-05-24,13.688421249389648,17.442171096801758,2011-05-31,11.991632461547852,2011-10-03,false,false,251
2012-05-25,13.802626609802246,17.442171096801758,2011-05-31,11.991632461547852,2011-10-03,false,false,251
2012-05-29,13.627239227294922,17.442171096801758,2011-05-31,11.991632461547852,2011-10-03,false,false,251
2012-05-30,13.504877090454102,17.442171096801758,2011-05-31,11.991632461547852,2011-10-03,false,false,251
2012-05-31,13.46408462524414,17.021162033081055,2012-02-03,11.991632461547852,2011-10-03,false,false,251
2012-06-01,12.884902000427246,17.021162033081055,2012-02-03,11.991632461547852,2011-10-03,false,false,251
2012-06-04,13.04396915435791,17.021162033081055,2012-02-03,11.991632461547852,2011-10-03,false,false,251
2012-06-05,13.096994400024414,17.021162033081055,2012-02-03,11.991632461547852,2011-10-03,false,false,251
2012-06-06,13.472245216369629,17.021162033081055,2012-02-03,11.991632461547852,2011-10-03,false,false,251
2012-06-07,13.668025016784668,17.021162033081055,2012-02-03,11.991632461547852,2011-10-03,false,false,251
2012-06-08,13.945382118225098,17.021162033081055,2012-02-03,11.991632461547852,2011-10-03,false,false,251
2012-06-11,13.427375793457031,17.021162033081055,2012-02-03,11.991632461547852,2011-10-03,false,false,251
2012-06-12,13.70065689086914,17.021162033081055,2012-02-03,11.991632461547852,2011-10-03,false,false,251
2012-06-13,13.716975212097168,17.021162033081055,2012-02-03,11.991632461547852,2011-10-03,false,false,251
2012-06-14,13.998408317565918,17.021162033081055,2012-02-03,11.991632461547852,2011-10-03,false,false,251
2012-06-15,14.283926963806152,17.021162033081055,2012-02-03,11.991632461547852,2011-10-03,false,false,251
2012-06-18,14.108535766601562,17.021162033081055,2012-02-03,11.991632461547852,2011-10-03,false,false,251
2012-06-19,14.683647155761719,17.021162033081055,2012-02-03,11.991632461547852,2011-10-03,false,false,251
2012-06-20,14.577601432800293,17.021162033081055,2012-02-03,11.991632461547852,2011-10-03,false,false,251
2012-06-21,13.749605178833008,17.021162033081055,2012-02-03,11.991632461547852,2011-10-03,false,false,251
2012-06-22,14.606148719787598,17.021162033081055,2012-02-03,11.991632461547852,2011-10-03,false,false,251
2012-06-25,14.557201385498047,17.021162033081055,2012-02-03,11.991632461547852,2011-10-03,false,false,251
2012-06-26,14.752983093261719,17.021162033081055,2012-02-03,11.991632461547852,2011-10-03,false,false,251
2012-06-27,14.903902053833008,17.021162033081055,2012-02-03,11.991632461547852,2011-10-03,false,false,251
2012-06-28,14.88758659362793,17.021162033081055,2012-02-03,11.991632461547852,2011-10-03,false,false,251
2012-06-29,15.572829246520996,17.021162033081055,2012-02-03,11.991632461547852,2011-10-03,false,false,251
2012-07-02,15.874654769897461,17.021162033081055,2012-02-03,11.991632461547852,2011-10-03,false,false,251
2012-07-03,16.19687843322754,17.021162033081055,2012-02-03,11.991632461547852,2011-10-03,false,false,252
2012-07-05,16.217267990112305,17.021162033081055,2012-02-03,11.991632461547852,2011-10-03,false,false,251
2012-07-06,15.911356925964355,17.021162033081055,2012-02-03,11.991632461547852,2011-10-03,false,false,251
2012-07-09,16.376346588134766,17.021162033081055,2012-02-03,11.991632461547852,2011-10-03,false,false,251
2012-07-10,15.960308074951172,17.021162033081055,2012-02-03,11.991632461547852,2011-10-03,false,false,251
2012-07-11,16.31924057006836,17.021162033081055,2012-02-03,11.991632461547852,2011-10-03,false,false,251
2012-07-12,16.376346588134766,17.021162033081055,2012-02-03,11.991632461547852,2011-10-03,false,false,251
2012-07-13,16.77606201171875,17.021162033081055,2012-02-03,11.991632461547852,2011-10-03,false,false,251
2012-07-16,16.767913818359375,17.021162033081055,2012-02-03,11.991632461547852,2011-10-03,false,false,251
2012-07-17,16.82093048095703,17.021162033081055,2012-02-03,11.991632461547852,2011-10-03,false,false,251
2012-07-18,16.80461311340332,17.021162033081055,2012-02-03,11.991632461547852,2011-10-03,false,false,251
2012-07-19,16.441608428955078,17.021162033081055,2012-02-03,11.991632461547852,2011-10-03,false,false,251
2012-07-20,16.103063583374023,17.021162033081055,2012-02-03,11.991632461547852,2011-10-03,false,false,251
2012-07-23,16.017412185668945,17.021162033081055,2012-02-03,11.991632461547852,2011-10-03,false,false,251
2012-07-24,15.336254119873047,17.021162033081055,2012-02-03,11.991632461547852,2011-10-03,false,false,251
2012-07-25,15.49532413482666,17.021162033081055,2012-02-03,11.991632461547852,2011-10-03,false,false,251
2012-07-26,15.805313110351562,17.021162033081055,2012-02-03,11.991632461547852,2011-10-03,false,false,251
2012-07-27,16.380420684814453,17.021162033081055,2012-02-03,11.991632461547852,2011-10-03,false,false,251
2012-07-30,15.756365776062012,17.021162033081055,2012-02-03,11.991632461547852,2011-10-03,false,false,251
2012-07-31,15.515718460083008,17.021162033081055,2012-02-03,11.991632461547852,2011-10-03,false,false,251
2012-08-01,14.85903549194336,17.021162033081055,2012-02-03,11.991632461547852,2011-10-03,false,false,251
2012-08-02,14.948769569396973,17.021162033081055,2012-02-03,11.991632461547852,2011-10-03,false,false,251
2012-08-03,16.237667083740234,17.021162033081055,2012-02-03,11.991632461547852,2011-10-03,false,false,251
2012-08-06,15.609532356262207,17.021162033081055,2012-02-03,11.991632461547852,2011-10-03,false,false,251
2012-08-07,15.377041816711426,17.021162033081055,2012-02-03,11.991632461547852,2011-10-03,false,false,251
2012-08-08,15.527957916259766,17.021162033081055,2012-02-03,11.991632461547852,2011-10-03,false,false,251
2012-08-09,15.425992012023926,17.021162033081055,2012-02-03,11.991632461547852,2011-10-03,false,false,251
2012-08-10,15.381119728088379,17.021162033081055,2012-02-03,11.991632461547852,2011-10-03,false,false,251
2012-08-13,15.071131706237793,17.021162033081055,2012-02-03,11.991632461547852,2011-10-03,false,false,251
2012-08-14,15.042579650878906,17.021162033081055,2012-02-03,11.991632461547852,2011-10-03,false,false,251
2012-08-15,15.47492790222168,17.021162033081055,2012-02-03,11.991632461547852,2011-10-03,false,false,251
2012-08-16,15.568741798400879,17.021162033081055,2012-02-03,11.991632461547852,2011-10-03,false,false,251
2012-08-17,15.788997650146484,17.021162033081055,2012-02-03,11.991632461547852,2011-10-03,false,false,251
2012-08-20,15.462693214416504,17.021162033081055,2012-02-03,11.991632461547852,2011-10-03,false,false,251
2012-08-21,15.519794464111328,17.021162033081055,2012-02-03,11.991632461547852,2011-10-03,false,false,251
2012-08-22,15.634003639221191,17.021162033081055,2012-02-03,11.991632461547852,2011-10-03,false,false,251
2012-08-23,15.548351287841797,17.021162033081055,2012-02-03,11.991632461547852,2011-10-03,false,false,251
2012-08-24,15.7196626663208,17.021162033081055,2012-02-03,11.991632461547852,2011-10-03,false,false,251
2012-08-27,15.88688850402832,17.021162033081055,2012-02-03,11.991632461547852,2011-10-03,false,false,251
2012-08-28,15.817550659179688,17.021162033081055,2012-02-03,11.991632461547852,2011-10-03,false,false,251
2012-08-29,15.82570743560791,17.021162033081055,2012-02-03,11.991632461547852,2011-10-03,false,false,251
2012-08-30,15.731893539428711,17.021162033081055,2012-02-03,11.991632461547852,2011-10-03,false,false,251
2012-08-31,15.752290725708008,17.021162033081055,2012-02-03,11.991632461547852,2011-10-03,false,false,251
2012-09-04,15.829789161682129,17.021162033081055,2012-02-03,11.991632461547852,2011-10-03,false,false,251
2012-09-05,15.878738403320312,17.021162033081055,2012-02-03,11.991632461547852,2011-10-03,false,false,251
2012-09-06,16.376346588134766,17.021162033081055,2012-02-03,11.991632461547852,2011-10-03,false,false,251
2012-09-07,16.60067367553711,17.021162033081055,2012-02-03,11.991632461547852,2011-10-03,false,false,251
2012-09-10,16.829084396362305,17.021162033081055,2012-02-03,11.991632461547852,2011-10-03,false,false,251
2012-09-11,16.453840255737305,17.021162033081055,2012-02-03,11.991632461547852,2011-10-03,false,false,251
2012-09-12,16.46200180053711,17.021162033081055,2012-02-03,11.991632461547852,2011-10-03,false,false,251
2012-09-13,16.82501220703125,17.021162033081055,2012-02-03,11.991632461547852,2011-10-03,false,false,251
2012-09-14,16.470157623291016,17.021162033081055,2012-02-03,11.991632461547852,2011-10-03,false,false,251
2012-09-17,16.200956344604492,17.021162033081055,2012-02-03,11.991632461547852,2011-10-03,false,false,251
2012-09-18,16.60067367553711,17.021162033081055,2012-02-03,11.991632461547852,2011-10-03,false,false,251
2012-09-19,16.843353271484375,17.021162033081055,2012-02-03,11.991632461547852,2011-10-03,false,false,251
2012-09-20,16.896825790405273,17.021162033081055,2012-02-03,11.991632461547852,2011-10-03,false,false,251
2012-09-21,17.011993408203125,17.021162033081055,2012-02-03,11.991632461547852,2011-10-03,false,false,251
2012-09-24,17.069580078125,17.069580078125,2012-09-24,11.991632461547852,2011-10-03,true,false,251
2012-09-25,16.880373001098633,17.069580078125,2012-09-24,11.991632461547852,2011-10-03,false,false,251
2012-09-26,16.798107147216797,17.069580078125,2012-09-24,11.991632461547852,2011-10-03,false,false,251
2012-09-27,17.20531463623047,17.20531463623047,2012-09-27,11.991632461547852,2011-10-03,true,false,251
2012-09-28,17.090147018432617,17.20531463623047,2012-09-27,11.991632461547852,2011-10-03,false,false,251
2012-10-01,17.14360809326172,17.20531463623047,2012-09-27,11.991632461547852,2011-10-03,false,false,251
2012-10-02,17.09836769104004,17.20531463623047,2012-09-27,11.991632461547852,2011-10-03,false,false,251
2012-10-03,17.061349868774414,17.20531463623047,2012-09-27,12.787010192871094,2012-05-15,false,false,251
2012-10-04,16.83924102783203,17.20531463623047,2012-09-27,12.787010192871094,2012-05-15,false,false,251
2012-10-05,16.662370681762695,17.20531463623047,2012-09-27,12.787010192871094,2012-05-15,false,false,251
2012-10-08,16.52252197265625,17.20531463623047,2012-09-27,12.787010192871094,2012-05-15,false,false,251
2012-10-09,16.333324432373047,17.20531463623047,2012-09-27,12.787010192871094,2012-05-15,false,false,251
2012-10-10,16.271629333496094,17.20531463623047,2012-09-27,12.787010192871094,2012-05-15,false,false,251
2012-10-11,16.246944427490234,17.20531463623047,2012-09-27,12.787010192871094,2012-05-15,false,false,251
2012-10-12,16.160572052001953,17.20531463623047,2012-09-27,12.787010192871094,2012-05-15,false,false,251
2012-10-15,16.17290687561035,17.20531463623047,2012-09-27,12.787010192871094,2012-05-15,false,false,251
2012-10-16,16.320980072021484,17.20531463623047,2012-09-27,12.787010192871094,2012-05-15,false,false,251
2012-10-17,16.60479164123535,17.20531463623047,2012-09-27,12.787010192871094,2012-05-15,false,false,251
2012-10-18,16.831012725830078,17.20531463623047,2012-09-27,12.787010192871094,2012-05-15,false,false,251
2012-10-19,16.703506469726562,17.20531463623047,2012-09-27,12.787010192871094,2012-05-15,false,false,251
2012-10-22,16.703506469726562,17.20531463623047,2012-09-27,12.787010192871094,2012-05-15,false,false,251
2012-10-23,16.617130279541016,17.20531463623047,2012-09-27,12.787010192871094,2012-05-15,false,false,251
2012-10-24,16.255172729492188,17.20531463623047,2012-09-27,12.787010192871094,2012-05-15,false,false,251
2012-10-25,16.271629333496094,17.20531463623047,2012-09-27,12.787010192871094,2012-05-15,false,false,251
2012-10-26,16.255172729492188,17.20531463623047,2012-09-27,12.787010192871094,2012-05-15,false,false,251
2012-10-31,16.082420349121094,17.20531463623047,2012-09-27,12.787010192871094,2012-05-15,false,false,249
2012-11-01,16.37445831298828,17.20531463623047,2012-09-27,12.787010192871094,2012-05-15,false,false,249
2012-11-02,15.843860626220703,17.20531463623047,2012-09-27,12.787010192871094,2012-05-15,false,false,249
2012-11-05,15.963139533996582,17.20531463623047,2012-09-27,12.787010192871094,2012-05-15,false,false,249
2012-11-06,16.263404846191406,17.20531463623047,2012-09-27,12.787010192871094,2012-05-15,false,false,249
2012-11-07,15.510693550109863,17.20531463623047,2012-09-27,12.787010192871094,2012-05-15,false,false,249
2012-11-08,15.054132461547852,17.20531463623047,2012-09-27,12.787010192871094,2012-05-15,false,false,249
2012-11-09,15.407869338989258,17.20531463623047,2012-09-27,12.787010192871094,2012-05-15,false,false,249
2012-11-12,15.782159805297852,17.20531463623047,2012-09-27,12.787010192871094,2012-05-15,false,false,249
2012-11-13,15.625861167907715,17.20531463623047,2012-09-27,12.787010192871094,2012-05-15,false,false,249
2012-11-14,15.218660354614258,17.20531463623047,2012-09-27,12.787010192871094,2012-05-15,false,false,249
2012-11-15,15.202204704284668,17.20531463623047,2012-09-27,12.787010192871094,2012-05-15,false,false,249
2012-11-16,15.091154098510742,17.20531463623047,2012-09-27,12.787010192871094,2012-05-15,false,false,249
2012-11-19,15.490131378173828,17.20531463623047,2012-09-27,12.787010192871094,2012-05-15,false,false,249
2012-11-20,15.407869338989258,17.20531463623047,2012-09-27,12.787010192871094,2012-05-15,false,false,249
2012-11-21,15.366731643676758,17.20531463623047,2012-09-27,12.787010192871094,2012-05-15,false,false,249
2012-11-23,15.19809341430664,17.20531463623047,2012-09-27,12.787010192871094,2012-05-15,false,false,249
2012-11-26,15.609408378601074,17.20531463623047,2012-09-27,12.787010192871094,2012-05-15,false,false,249
2012-11-27,15.642313957214355,17.20531463623047,2012-09-27,12.787010192871094,2012-05-15,false,false,249
2012-11-28,15.971367835998535,17.20531463623047,2012-09-27,12.787010192871094,2012-05-15,false,false,249
2012-11-29,16.571880340576172,17.20531463623047,2012-09-27,12.787010192871094,2012-05-15,false,false,249
2012-11-30,16.452606201171875,17.20531463623047,2012-09-27,12.787010192871094,2012-05-15,false,false,249
2012-12-03,15.971367835998535,17.20531463623047,2012-09-27,12.787010192871094,2012-05-15,false,false,249
2012-12-04,16.209928512573242,17.20531463623047,2012-09-27,12.787010192871094,2012-05-15,false,false,249
2012-12-05,16.098875045776367,17.20531463623047,2012-09-27,12.787010192871094,2012-05-15,false,false,249
2012-12-06,16.189361572265625,17.20531463623047,2012-09-27,12.787010192871094,2012-05-15,false,false,249
2012-12-07,16.312761306762695,17.20531463623047,2012-09-27,12.787010192871094,2012-05-15,false,false,249
2012-12-10,16.423812866210938,17.20531463623047,2012-09-27,12.787010192871094,2012-05-15,false,false,249
2012-12-11,16.77342987060547,17.20531463623047,2012-09-27,12.787010192871094,2012-05-15,false,false,249
2012-12-12,16.608903884887695,17.20531463623047,2012-09-27,12.787010192871094,2012-05-15,false,false,249
2012-12-13,16.4361515045166,17.20531463623047,2012-09-27,12.787010192871094,2012-05-15,false,false,249
2012-12-14,16.246944427490234,17.20531463623047,2012-09-27,12.787010192871094,2012-05-15,false,false,249
2012-12-17,16.411474227905273,17.20531463623047,2012-09-27,12.787010192871094,2012-05-15,false,false,249
2012-12-18,16.32921600341797,17.20531463623047,2012-09-27,12.787010192871094,2012-05-15,false,false,249
2012-12-19,16.316865921020508,17.20531463623047,2012-09-27,12.787010192871094,2012-05-15,false,false,249
2012-12-20,16.30453109741211,17.20531463623047,2012-09-27,12.787010192871094,2012-05-15,false,false,249
2012-12-21,16.19347381591797,17.20531463623047,2012-09-27,12.787010192871094,2012-05-15,false,false,249
2012-12-24,16.218154907226562,17.20531463623047,2012-09-27,12.787010192871094,2012-05-15,false,false,249
2012-12-26,15.942573547363281,17.20531463623047,2012-09-27,12.787010192871094,2012-05-15,false,false,249
2012-12-27,15.597068786621094,17.20531463623047,2012-09-27,12.787010192871094,2012-05-15,false,false,249
2012-12-28,15.416089057922363,17.20531463623047,2012-09-27,12.787010192871094,2012-05-15,false,false,249
2012-12-31,15.893216133117676,17.20531463623047,2012-09-27,12.787010192871094,2012-05-15,false,false,249
2013-01-02,16.485511779785156,17.20531463623047,2012-09-27,12.787010192871094,2012-05-15,false,false,249
2013-01-03,16.63358497619629,17.20531463623047,2012-09-27,12.787010192871094,2012-05-15,false,false,249
2013-01-04,16.4361515045166,17.20531463623047,2012-09-27,12.787010192871094,2012-05-15,false,false,249
2013-01-07,16.218154907226562,17.20531463623047,2012-09-27,12.787010192871094,2012-05-15,false,false,249
2013-01-08,15.831521034240723,17.20531463623047,2012-09-27,12.787010192871094,2012-05-15,false,false,249
2013-01-09,16.078310012817383,17.20531463623047,2012-09-27,12.787010192871094,2012-05-15,false,false,249
2013-01-10,16.00016212463379,17.20531463623047,2012-09-27,12.787010192871094,2012-05-15,false,false,249
2013-01-11,16.160572052001953,17.20531463623047,2012-09-27,12.787010192871094,2012-05-15,false,false,249
2013-01-14,16.197587966918945,17.20531463623047,2012-09-27,12.787010192871094,2012-05-15,false,false,249
2013-01-15,16.102989196777344,17.20531463623047,2012-09-27,12.787010192871094,2012-05-15,false,false,250
2013-01-16,15.917895317077637,17.20531463623047,2012-09-27,12.787010192871094,2012-05-15,false,false,250
2013-01-17,16.27985382080078,17.20531463623047,2012-09-27,12.787010192871094,2012-05-15,false,false,250
2013-01-18,16.16468048095703,17.20531463623047,2012-09-27,12.787010192871094,2012-05-15,false,false,250
2013-01-22,16.15234375,17.20531463623047,2012-09-27,12.787010192871094,2012-05-15,false,false,249
2013-01-23,15.847970962524414,17.20531463623047,2012-09-27,12.787010192871094,2012-05-15,false,false,249
2013-01-24,16.094758987426758,17.20531463623047,2012-09-27,12.787010192871094,2012-05-15,false,false,249
2013-01-25,15.695782661437988,17.20531463623047,2012-09-27,12.787010192871094,2012-05-15,false,false,249
2013-01-28,15.876760482788086,17.20531463623047,2012-09-27,12.787010192871094,2012-05-15,false,false,249
2013-01-29,15.996042251586914,17.20531463623047,2012-09-27,12.787010192871094,2012-05-15,false,false,249
2013-01-30,15.893216133117676,17.20531463623047,2012-09-27,12.787010192871094,2012-05-15,false,false,249
2013-01-31,16.049514770507812,17.20531463623047,2012-09-27,12.787010192871094,2012-05-15,false,false,249
2013-02-01,16.041288375854492,17.20531463623047,2012-09-27,12.787010192871094,2012-05-15,false,false,249
2013-02-04,15.847970962524414,17.20531463623047,2012-09-27,12.787010192871094,2012-05-15,false,false,249
2013-02-05,16.17290687561035,17.20531463623047,2012-09-27,12.787010192871094,2012-05-15,false,false,249
2013-02-06,16.041288375854492,17.20531463623047,2012-09-27,12.787010192871094,2012-05-15,false,false,249
2013-02-07,15.917895317077637,17.20531463623047,2012-09-27,12.787010192871094,2012-05-15,false,false,249
2013-02-08,16.074193954467773,17.20531463623047,2012-09-27,12.787010192871094,2012-05-15,false,false,249
2013-02-11,15.959026336669922,17.20531463623047,2012-09-27,12.787010192871094,2012-05-15,false,false,249
2013-02-12,15.950797080993652,17.20531463623047,2012-09-27,12.787010192871094,2012-05-15,false,false,249
2013-02-13,16.033061981201172,17.20531463623047,2012-09-27,12.787010192871094,2012-05-15,false,false,249
2013-02-14,16.144115447998047,17.20531463623047,2012-09-27,12.787010192871094,2012-05-15,false,false,249
2013-02-15,15.979589462280273,17.20531463623047,2012-09-27,12.787010192871094,2012-05-15,false,false,249
2013-02-19,15.95492172241211,17.20531463623047,2012-09-27,12.787010192871094,2012-05-15,false,false,249
2013-02-20,15.716354370117188,17.20531463623047,2012-09-27,12.787010192871094,2012-05-15,false,false,249
2013-02-21,15.819175720214844,17.20531463623047,2012-09-27,12.787010192871094,2012-05-15,false,false,249
2013-02-22,15.942573547363281,17.20531463623047,2012-09-27,12.787010192871094,2012-05-15,false,false,249
2013-02-25,15.638200759887695,17.20531463623047,2012-09-27,12.787010192871094,2012-05-15,false,false,249
2013-02-26,15.749258041381836,17.20531463623047,2012-09-27,12.787010192871094,2012-05-15,false,false,249
2013-02-27,16.012500762939453,17.20531463623047,2012-09-27,12.787010192871094,2012-05-15,false,false,249
2013-02-28,16.222267150878906,17.20531463623047,2012-09-27,12.787010192871094,2012-05-15,false,false,249
2013-03-01,16.571880340576172,17.20531463623047,2012-09-27,12.787010192871094,2012-05-15,false,false,249
2013-03-04,16.390905380249023,17.20531463623047,2012-09-27,12.787010192871094,2012-05-15,false,false,249
2013-03-05,16.4361515045166,17.20531463623047,2012-09-27,12.787010192871094,2012-05-15,false,false,249
2013-03-06,16.55132293701172,17.20531463623047,2012-09-27,12.787010192871094,2012-05-15,false,false,249
2013-03-07,16.580114364624023,17.20531463623047,2012-09-27,12.787010192871094,2012-05-15,false,false,249
2013-03-08,16.724069595336914,17.20531463623047,2012-09-27,12.787010192871094,2012-05-15,false,false,249
2013-03-11,16.55132293701172,17.20531463623047,2012-09-27,12.787010192871094,2012-05-15,false,false,249
2013-03-12,16.05774688720703,17.20531463623047,2012-09-27,12.787010192871094,2012-05-15,false,false,249
2013-03-13,16.123554229736328,17.20531463623047,2012-09-27,12.787010192871094,2012-05-15,false,false,249
2013-03-14,16.423812866210938,17.20531463623047,2012-09-27,12.787010192871094,2012-05-15,false,false,249
2013-03-15,16.185251235961914,17.20531463623047,2012-09-27,12.787010192871094,2012-05-15,false,false,249
2013-03-18,16.127668380737305,17.20531463623047,2012-09-27,12.787010192871094,2012-05-15,false,false,249
2013-03-19,16.20581817626953,17.20531463623047,2012-09-27,12.787010192871094,2012-05-15,false,false,249
2013-03-20,16.475500106811523,17.20531463623047,2012-09-27,12.787010192871094,2012-05-15,false,false,249
2013-03-21,16.193368911743164,17.20531463623047,2012-09-27,12.787010192871094,2012-05-15,false,false,249
2013-03-22,16.243160247802734,17.20531463623047,2012-09-27,12.787010192871094,2012-05-15,false,false,249
2013-03-25,16.29709243774414,17.20531463623047,2012-09-27,12.787010192871094,2012-05-15,false,false,249
2013-03-26,16.32198715209961,17.20531463623047,2012-09-27,12.787010192871094,2012-05-15,false,false,249
2013-03-27,16.566768646240234,17.20531463623047,2012-09-27,12.787010192871094,2012-05-15,false,false,249
2013-03-28,16.575071334838867,17.20531463623047,2012-09-27,12.787010192871094,2012-05-15,false,false,249
2013-04-01,16.28879737854004,17.20531463623047,2012-09-27,12.787010192871094,2012-05-15,false,false,248
2013-04-02,16.2265625,17.20531463623047,2012-09-27,12.787010192871094,2012-05-15,false,false,248
2013-04-03,16.097936630249023,17.20531463623047,2012-09-27,12.787010192871094,2012-05-15,false,false,248
2013-04-04,16.201662063598633,17.20531463623047,2012-09-27,12.787010192871094,2012-05-15,false,false,248
2013-04-05,16.255603790283203,17.20531463623047,2012-09-27,12.787010192871094,2012-05-15,false,false,248
2013-04-08,16.49209213256836,17.20531463623047,2012-09-27,12.787010192871094,2012-05-15,false,false,249
2013-04-09,16.06890106201172,17.20531463623047,2012-09-27,12.787010192871094,2012-05-15,false,false,249
2013-04-10,16.42155647277832,17.20531463623047,2012-09-27,12.787010192871094,2012-05-15,false,false,249
2013-04-11,15.703789710998535,17.20531463623047,2012-09-27,12.787010192871094,2012-05-15,false,false,249
2013-04-12,15.736984252929688,17.20531463623047,2012-09-27,12.787010192871094,2012-05-15,false,false,249
2013-04-15,15.3469820022583,17.20531463623047,2012-09-27,12.787010192871094,2012-05-15,false,false,249
2013-04-16,15.259851455688477,17.20531463623047,2012-09-27,12.787010192871094,2012-05-15,false,false,249
2013-04-17,15.380169868469238,17.20531463623047,2012-09-27,12.787010192871094,2012-05-15,false,false,249
2013-04-18,15.193467140197754,17.20531463623047,2012-09-27,12.787010192871094,2012-05-15,false,false,249
2013-04-19,15.384322166442871,17.20531463623047,2012-09-27,12.787010192871094,2012-05-15,false,false,249
2013-04-22,15.446557998657227,17.20531463623047,2012-09-27,12.787010192871094,2012-05-15,false,false,249
2013-04-23,15.488048553466797,17.20531463623047,2012-09-27,12.787010192871094,2012-05-15,false,false,249
2013-04-24,15.604217529296875,17.20531463623047,2012-09-27,12.787010192871094,2012-05-15,false,false,249
2013-04-25,15.579320907592773,17.20531463623047,2012-09-27,12.787010192871094,2012-05-15,false,false,249
2013-04-26,15.156131744384766,17.20531463623047,2012-09-27,12.787010192871094,2012-05-15,false,false,249
2013-04-29,15.17687702178955,17.20531463623047,2012-09-27,12.787010192871094,2012-05-15,false,false,249
2013-04-30,15.429962158203125,17.20531463623047,2012-09-27,12.787010192871094,2012-05-15,false,false,249
2013-05-01,15.035810470581055,17.20531463623047,2012-09-27,12.787010192871094,2012-05-15,false,false,249
2013-05-02,15.189322471618652,17.20531463623047,2012-09-27,12.787010192871094,2012-05-15,false,false,249
2013-05-03,15.64985466003418,17.20531463623047,2012-09-27,12.787010192871094,2012-05-15,false,false,249
2013-05-06,15.745282173156738,17.20531463623047,2012-09-27,12.787010192871094,2012-05-15,false,false,249
2013-05-07,15.359423637390137,17.20531463623047,2012-09-27,12.787010192871094,2012-05-15,false,false,249
2013-05-08,16.035709381103516,17.20531463623047,2012-09-27,12.787010192871094,2012-05-15,false,false,249
2013-05-09,15.911239624023438,17.20531463623047,2012-09-27,12.787010192871094,2012-05-15,false,false,249
2013-05-10,15.940281867980957,17.20531463623047,2012-09-27,12.787010192871094,2012-05-15,false,false,249
2013-05-13,15.840706825256348,17.20531463623047,2012-09-27,12.787010192871094,2012-05-15,false,false,249
2013-05-14,16.126983642578125,17.20531463623047,2012-09-27,12.787010192871094,2012-05-15,false,false,249
2013-05-15,16.32198715209961,17.20531463623047,2012-09-27,12.787010192871094,2012-05-15,false,false,249
2013-05-16,16.467206954956055,17.20531463623047,2012-09-27,12.856348991394043,2012-05-18,false,false,249
2013-05-17,16.699546813964844,17.20531463623047,2012-09-27,12.856348991394043,2012-05-18,false,false,249
2013-05-20,16.658050537109375,17.20531463623047,2012-09-27,12.856348991394043,2012-05-18,false,false,249
2013-05-21,16.46305274963379,17.20531463623047,2012-09-27,12.884902000427246,2012-06-01,false,false,249
2013-05-22,16.28879737854004,17.20531463623047,2012-09-27,12.884902000427246,2012-06-01,false,false,249
2013-05-23,16.42155647277832,17.20531463623047,2012-09-27,12.884902000427246,2012-06-01,false,false,249
2013-05-24,16.375919342041016,17.20531463623047,2012-09-27,12.884902000427246,2012-06-01,false,false,249
2013-05-28,17.006568908691406,17.20531463623047,2012-09-27,12.884902000427246,2012-06-01,false,false,249
2013-05-29,16.558473587036133,17.20531463623047,2012-09-27,12.884902000427246,2012-06-01,false,false,249
2013-05-30,16.699546813964844,17.20531463623047,2012-09-27,12.884902000427246,2012-06-01,false,false,249
2013-05-31,16.54602813720703,17.20531463623047,2012-09-27,12.884902000427246,2012-06-01,false,false,249
2013-06-03,16.853050231933594,17.20531463623047,2012-09-27,12.884902000427246,2012-06-01,false,false,249
2013-06-04,16.765928268432617,17.20531463623047,2012-09-27,13.096994400024414,2012-06-05,false,false,249
2013-06-05,16.521135330200195,17.20531463623047,2012-09-27,13.096994400024414,2012-06-05,false,false,249
2013-06-06,16.695390701293945,17.20531463623047,2012-09-27,13.427375793457031,2012-06-11,false,false,249
2013-06-07,16.67049789428711,17.20531463623047,2012-09-27,13.427375793457031,2012-06-11,false,false,249
2013-06-10,16.824007034301758,17.20531463623047,2012-09-27,13.427375793457031,2012-06-11,false,false,249
2013-06-11,16.824007034301758,17.20531463623047,2012-09-27,13.427375793457031,2012-06-11,false,false,249
2013-06-12,16.413265228271484,17.20531463623047,2012-09-27,13.716975212097168,2012-06-13,false,false,249
2013-06-13,16.753477096557617,17.20531463623047,2012-09-27,13.716975212097168,2012-06-13,false,false,249
2013-06-14,16.28879737854004,17.20531463623047,2012-09-27,13.749605178833008,2012-06-21,false,false,249
2013-06-17,16.413265228271484,17.20531463623047,2012-09-27,13.749605178833008,2012-06-21,false,false,249
2013-06-18,16.906991958618164,17.20531463623047,2012-09-27,13.749605178833008,2012-06-21,false,false,249
2013-06-19,16.608266830444336,17.20531463623047,2012-09-27,13.749605178833008,2012-06-21,false,false,249
2013-06-20,16.434005737304688,17.20531463623047,2012-09-27,13.749605178833008,2012-06-21,false,false,249
2013-06-21,16.595821380615234,17.20531463623047,2012-09-27,13.749605178833008,2012-06-21,false,false,249
2013-06-24,16.45475196838379,17.20531463623047,2012-09-27,14.557201385498047,2012-06-25,false,false,249
2013-06-25,16.703689575195312,17.20531463623047,2012-09-27,14.557201385498047,2012-06-25,false,false,249
2013-06-26,16.218265533447266,17.20531463623047,2012-09-27,14.85903549194336,2012-08-01,false,false,249
2013-06-27,16.33858299255371,17.20531463623047,2012-09-27,14.85903549194336,2012-08-01,false,false,249
2013-06-28,16.342735290527344,17.20531463623047,2012-09-27,14.85903549194336,2012-08-01,false,false,249
2013-07-01,16.699546813964844,17.20531463623047,2012-09-27,14.85903549194336,2012-08-01,false,false,249
2013-07-02,16.363473892211914,17.20531463623047,2012-09-27,14.85903549194336,2012-08-01,false,false,249
2013-07-03,16.442304611206055,17.20531463623047,2012-09-27,14.85903549194336,2012-08-01,false,false,249
2013-07-05,17.010711669921875,17.20531463623047,2012-09-27,14.85903549194336,2012-08-01,false,false,249
2013-07-08,17.006568908691406,17.20531463623047,2012-09-27,14.85903549194336,2012-08-01,false,false,249
2013-07-09,17.197412490844727,17.20531463623047,2012-09-27,14.85903549194336,2012-08-01,false,false,249
2013-07-10,17.346782684326172,17.346782684326172,2013-07-10,14.85903549194336,2012-08-01,true,false,249
2013-07-11,17.699443817138672,17.699443817138672,2013-07-11,14.85903549194336,2012-08-01,true,false,249
2013-07-12,17.545927047729492,17.699443817138672,2013-07-11,14.85903549194336,2012-08-01,false,false,249
2013-07-15,17.562524795532227,17.699443817138672,2013-07-11,14.85903549194336,2012-08-01,false,false,249
2013-07-16,17.487842559814453,17.699443817138672,2013-07-11,14.85903549194336,2012-08-01,false,false,249
2013-07-17,17.56667137145996,17.699443817138672,2013-07-11,14.85903549194336,2012-08-01,false,false,249
2013-07-18,17.595718383789062,17.699443817138672,2013-07-11,14.85903549194336,2012-08-01,false,false,249
2013-07-19,17.633056640625,17.699443817138672,2013-07-11,14.85903549194336,2012-08-01,false,false,249
2013-07-22,17.799013137817383,17.799013137817383,2013-07-22,14.85903549194336,2012-08-01,true,false,249
2013-07-23,17.927635192871094,17.927635192871094,2013-07-23,14.85903549194336,2012-08-01,true,false,249
2013-07-24,17.869548797607422,17.927635192871094,2013-07-23,14.85903549194336,2012-08-01,false,false,249
2013-07-25,18.17241859436035,18.17241859436035,2013-07-25,14.85903549194336,2012-08-01,true,false,249
2013-07-26,17.952529907226562,18.17241859436035,2013-07-25,14.85903549194336,2012-08-01,false,false,249
2013-07-29,17.894439697265625,18.17241859436035,2013-07-25,14.85903549194336,2012-08-01,false,false,249
2013-07-30,17.95667266845703,18.17241859436035,2013-07-25,14.85903549194336,2012-08-01,false,false,249
2013-07-31,16.07719612121582,18.17241859436035,2013-07-25,14.85903549194336,2012-08-01,false,false,249
2013-08-01,16.770076751708984,18.17241859436035,2013-07-25,14.85903549194336,2012-08-01,false,false,249
2013-08-02,17.31358528137207,18.17241859436035,2013-07-25,15.035810470581055,2013-05-01,false,false,249
2013-08-05,17.379972457885742,18.17241859436035,2013-07-25,15.035810470581055,2013-05-01,false,false,249
2013-08-06,16.956775665283203,18.17241859436035,2013-07-25,15.035810470581055,2013-05-01,false,false,249
2013-08-07,16.9028377532959,18.17241859436035,2013-07-25,15.035810470581055,2013-05-01,false,false,249
2013-08-08,16.9526309967041,18.17241859436035,2013-07-25,15.035810470581055,2013-05-01,false,false,249
2013-08-09,16.595821380615234,18.17241859436035,2013-07-25,15.035810470581055,2013-05-01,false,false,249
2013-08-12,16.720287322998047,18.17241859436035,2013-07-25,15.035810470581055,2013-05-01,false,false,249
2013-08-13,16.80740737915039,18.17241859436035,2013-07-25,15.035810470581055,2013-05-01,false,false,249
2013-08-14,16.599966049194336,18.17241859436035,2013-07-25,15.035810470581055,2013-05-01,false,false,249
2013-08-15,15.64985466003418,18.17241859436035,2013-07-25,15.035810470581055,2013-05-01,false,false,249
2013-08-16,15.6830472946167,18.17241859436035,2013-07-25,15.035810470581055,2013-05-01,false,false,249
2013-08-19,15.894649505615234,18.17241859436035,2013-07-25,15.035810470581055,2013-05-01,false,false,249
2013-08-20,16.07719612121582,18.17241859436035,2013-07-25,15.035810470581055,2013-05-01,false,false,249
2013-08-21,15.811664581298828,18.17241859436035,2013-07-25,15.035810470581055,2013-05-01,false,false,249
2013-08-22,15.99007511138916,18.17241859436035,2013-07-25,15.035810470581055,2013-05-01,false,false,249
2013-08-23,16.139434814453125,18.17241859436035,2013-07-25,15.035810470581055,2013-05-01,false,false,249
2013-08-26,16.002517700195312,18.17241859436035,2013-07-25,15.035810470581055,2013-05-01,false,false,249
2013-08-27,15.483899116516113,18.17241859436035,2013-07-25,15.035810470581055,2013-05-01,false,false,249
2013-08-28,15.59592056274414,18.17241859436035,2013-07-25,15.035810470581055,2013-05-01,false,false,249
2013-08-29,15.6830472946167,18.17241859436035,2013-07-25,15.035810470581055,2013-05-01,false,false,249
2013-08-30,15.384322166442871,18.17241859436035,2013-07-25,15.035810470581055,2013-05-01,false,false,249
2013-09-03,15.54198169708252,18.17241859436035,2013-07-25,15.035810470581055,2013-05-01,false,false,249
2013-09-04,15.59592056274414,18.17241859436035,2013-07-25,15.035810470581055,2013-05-01,false,false,249
2013-09-05,15.633258819580078,18.17241859436035,2013-07-25,15.035810470581055,2013-05-01,false,false,249
2013-09-06,15.600069046020508,18.17241859436035,2013-07-25,15.035810470581055,2013-05-01,false,false,249
2013-09-09,16.052305221557617,18.17241859436035,2013-07-25,15.035810470581055,2013-05-01,false,false,249
2013-09-10,16.15602684020996,18.17241859436035,2013-07-25,15.035810470581055,2013-05-01,false,false,249
2013-09-11,15.965173721313477,18.17241859436035,2013-07-25,15.035810470581055,2013-05-01,false,false,249
2013-09-12,15.600069046020508,18.17241859436035,2013-07-25,15.035810470581055,2013-05-01,false,false,249
2013-09-13,15.65815258026123,18.17241859436035,2013-07-25,15.035810470581055,2013-05-01,false,false,249
2013-09-16,15.612516403198242,18.17241859436035,2013-07-25,15.035810470581055,2013-05-01,false,false,249
2013-09-17,15.566878318786621,18.17241859436035,2013-07-25,15.035810470581055,2013-05-01,false,false,249
2013-09-18,15.784712791442871,18.17241859436035,2013-07-25,15.035810470581055,2013-05-01,false,false,249
2013-09-19,15.671608924865723,18.17241859436035,2013-07-25,15.035810470581055,2013-05-01,false,false,249
2013-09-20,15.663224220275879,18.17241859436035,2013-07-25,15.035810470581055,2013-05-01,false,false,249
2013-09-23,15.755389213562012,18.17241859436035,2013-07-25,15.035810470581055,2013-05-01,false,false,249
2013-09-24,16.115652084350586,18.17241859436035,2013-07-25,15.035810470581055,2013-05-01,false,false,249
2013-09-25,16.002546310424805,18.17241859436035,2013-07-25,15.035810470581055,2013-05-01,false,false,249
2013-09-26,15.646471977233887,18.17241859436035,2013-07-25,15.035810470581055,2013-05-01,false,false,249
2013-09-27,15.864303588867188,18.17241859436035,2013-07-25,15.035810470581055,2013-05-01,false,false,249
2013-09-30,15.809844970703125,18.17241859436035,2013-07-25,15.035810470581055,2013-05-01,false,false,249
2013-10-01,15.81822395324707,18.17241859436035,2013-07-25,15.035810470581055,2013-05-01,false,false,249
2013-10-02,15.529170989990234,18.17241859436035,2013-07-25,15.035810470581055,2013-05-01,false,false,249
2013-10-03,15.495660781860352,18.17241859436035,2013-07-25,15.035810470581055,2013-05-01,false,false,249
2013-10-04,15.675790786743164,18.17241859436035,2013-07-25,15.035810470581055,2013-05-01,false,false,249
2013-10-07,15.294584274291992,18.17241859436035,2013-07-25,15.035810470581055,2013-05-01,false,false,249
2013-10-08,15.227555274963379,18.17241859436035,2013-07-25,15.035810470581055,2013-05-01,false,false,249
2013-10-09,15.265256881713867,18.17241859436035,2013-07-25,15.035810470581055,2013-05-01,false,false,249
2013-10-10,15.231743812561035,18.17241859436035,2013-07-25,15.035810470581055,2013-05-01,false,false,249
2013-10-11,15.340659141540527,18.17241859436035,2013-07-25,15.035810470581055,2013-05-01,false,false,249
2013-10-14,15.14377498626709,18.17241859436035,2013-07-25,15.035810470581055,2013-05-01,false,false,249
2013-10-15,15.080934524536133,18.17241859436035,2013-07-25,15.035810470581055,2013-05-01,false,false,249
2013-10-16,15.118637084960938,18.17241859436035,2013-07-25,15.035810470581055,2013-05-01,false,false,249
2013-10-17,15.31971549987793,18.17241859436035,2013-07-25,15.035810470581055,2013-05-01,false,false,249
2013-10-18,15.106070518493652,18.17241859436035,2013-07-25,15.035810470581055,2013-05-01,false,false,249
2013-10-21,15.214987754821777,18.17241859436035,2013-07-25,15.035810470581055,2013-05-01,false,false,249
2013-10-22,15.516607284545898,18.17241859436035,2013-07-25,15.035810470581055,2013-05-01,false,false,249
2013-10-23,15.516607284545898,18.17241859436035,2013-07-25,15.035810470581055,2013-05-01,false,false,249
2013-10-24,15.596200942993164,18.17241859436035,2013-07-25,15.035810470581055,2013-05-01,false,false,249
2013-10-25,15.654850006103516,18.17241859436035,2013-07-25,15.035810470581055,2013-05-01,false,false,249
2013-10-28,15.684173583984375,18.17241859436035,2013-07-25,15.035810470581055,2013-05-01,false,false,249
2013-10-29,15.960652351379395,18.17241859436035,2013-07-25,15.035810470581055,2013-05-01,false,false,250
2013-10-30,15.60457706451416,18.17241859436035,2013-07-25,15.035810470581055,2013-05-01,false,false,251
2013-10-31,15.085124969482422,18.17241859436035,2013-07-25,15.035810470581055,2013-05-01,false,false,251
2013-11-01,15.127016067504883,18.17241859436035,2013-07-25,15.035810470581055,2013-05-01,false,false,251
2013-11-04,15.106070518493652,18.17241859436035,2013-07-25,15.035810470581055,2013-05-01,false,false,251
2013-11-05,14.917560577392578,18.17241859436035,2013-07-25,14.917560577392578,2013-11-05,false,true,251
2013-11-06,15.131205558776855,18.17241859436035,2013-07-25,14.917560577392578,2013-11-05,false,false,251
2013-11-07,14.93850326538086,18.17241859436035,2013-07-25,14.917560577392578,2013-11-05,false,false,251
2013-11-08,15.256876945495605,18.17241859436035,2013-07-25,14.917560577392578,2013-11-05,false,false,251
2013-11-11,15.1395845413208,18.17241859436035,2013-07-25,14.917560577392578,2013-11-05,false,false,251
2013-11-12,15.018099784851074,18.17241859436035,2013-07-25,14.917560577392578,2013-11-05,false,false,251
2013-11-13,15.076748847961426,18.17241859436035,2013-07-25,14.917560577392578,2013-11-05,false,false,251
2013-11-14,14.976202011108398,18.17241859436035,2013-07-25,14.917560577392578,2013-11-05,false,false,251
2013-11-15,15.089310646057129,18.17241859436035,2013-07-25,14.917560577392578,2013-11-05,false,false,251
2013-11-18,15.001340866088867,18.17241859436035,2013-07-25,14.917560577392578,2013-11-05,false,false,251
2013-11-19,15.005532264709473,18.17241859436035,2013-07-25,14.917560577392578,2013-11-05,false,false,251
2013-11-20,14.955260276794434,18.17241859436035,2013-07-25,14.917560577392578,2013-11-05,false,false,251
2013-11-21,15.483089447021484,18.17241859436035,2013-07-25,14.917560577392578,2013-11-05,false,false,251
2013-11-22,15.441204071044922,18.17241859436035,2013-07-25,14.917560577392578,2013-11-05,false,false,252
2013-11-25,15.520798683166504,18.17241859436035,2013-07-25,14.917560577392578,2013-11-05,false,false,252
2013-11-26,15.596200942993164,18.17241859436035,2013-07-25,14.917560577392578,2013-11-05,false,false,252
2013-11-27,15.70093059539795,18.17241859436035,2013-07-25,14.917560577392578,2013-11-05,false,false,252
2013-11-29,15.81822395324707,18.17241859436035,2013-07-25,14.917560577392578,2013-11-05,false,false,251
2013-12-02,15.437010765075684,18.17241859436035,2013-07-25,14.917560577392578,2013-11-05,false,false,251
2013-12-03,15.60457706451416,18.17241859436035,2013-07-25,14.917560577392578,2013-11-05,false,false,251
2013-12-04,15.252687454223633,18.17241859436035,2013-07-25,14.917560577392578,2013-11-05,false,false,251
2013-12-05,15.127016067504883,18.17241859436035,2013-07-25,14.917560577392578,2013-11-05,false,false,251
2013-12-06,15.495660781860352,18.17241859436035,2013-07-25,14.917560577392578,2013-11-05,false,false,251
2013-12-09,15.349042892456055,18.17241859436035,2013-07-25,14.917560577392578,2013-11-05,false,false,251
2013-12-10,14.967825889587402,18.17241859436035,2013-07-25,14.917560577392578,2013-11-05,false,false,251
2013-12-11,14.951069831848145,18.17241859436035,2013-07-25,14.917560577392578,2013-11-05,false,false,251
2013-12-12,15.290392875671387,18.17241859436035,2013-07-25,14.917560577392578,2013-11-05,false,false,251
2013-12-13,15.424445152282715,18.17241859436035,2013-07-25,14.917560577392578,2013-11-05,false,false,251
2013-12-16,15.315526008605957,18.17241859436035,2013-07-25,14.917560577392578,2013-11-05,false,false,251
2013-12-17,15.311339378356934,18.17241859436035,2013-07-25,14.917560577392578,2013-11-05,false,false,251
2013-12-18,15.28620719909668,18.17241859436035,2013-07-25,14.917560577392578,2013-11-05,false,false,251
2013-12-19,14.967825889587402,18.17241859436035,2013-07-25,14.917560577392578,2013-11-05,false,false,251
2013-12-20,15.571063041687012,18.17241859436035,2013-07-25,14.917560577392578,2013-11-05,false,false,251
2013-12-23,15.562691688537598,18.17241859436035,2013-07-25,14.917560577392578,2013-11-05,false,false,251
2013-12-24,15.592015266418457,18.17241859436035,2013-07-25,14.917560577392578,2013-11-05,false,false,251
2013-12-26,15.571063041687012,18.17241859436035,2013-07-25,14.917560577392578,2013-11-05,false,false,251
2013-12-27,15.529170989990234,18.17241859436035,2013-07-25,14.917560577392578,2013-11-05,false,false,251
2013-12-30,15.516607284545898,18.17241859436035,2013-07-25,14.917560577392578,2013-11-05,false,false,251
2013-12-31,15.579444885253906,18.17241859436035,2013-07-25,14.917560577392578,2013-11-05,false,false,251
2014-01-02,15.32809829711914,18.17241859436035,2013-07-25,14.917560577392578,2013-11-05,false,false,251
2014-01-03,15.294584274291992,18.17241859436035,2013-07-25,14.917560577392578,2013-11-05,false,false,251
2014-01-06,15.085124969482422,18.17241859436035,2013-07-25,14.917560577392578,2013-11-05,false,false,251
2014-01-07,15.127016067504883,18.17241859436035,2013-07-25,14.917560577392578,2013-11-05,false,false,251
2014-01-08,15.089310646057129,18.17241859436035,2013-07-25,14.917560577392578,2013-11-05,false,false,251
2014-01-09,15.14796257019043,18.17241859436035,2013-07-25,14.917560577392578,2013-11-05,false,false,251
2014-01-10,15.093502044677734,18.17241859436035,2013-07-25,14.917560577392578,2013-11-05,false,false,251
2014-01-13,15.080934524536133,18.17241859436035,2013-07-25,14.917560577392578,2013-11-05,false,false,251
2014-01-14,15.269448280334473,18.17241859436035,2013-07-25,14.917560577392578,2013-11-05,false,false,251
2014-01-15,15.269448280334473,18.17241859436035,2013-07-25,14.917560577392578,2013-11-05,false,false,251
2014-01-16,15.311339378356934,18.17241859436035,2013-07-25,14.917560577392578,2013-11-05,false,false,251
2014-01-17,15.055803298950195,18.17241859436035,2013-07-25,14.917560577392578,2013-11-05,false,false,251
2014-01-21,14.963637351989746,18.17241859436035,2013-07-25,14.917560577392578,2013-11-05,false,false,251
2014-01-22,15.135394096374512,18.17241859436035,2013-07-25,14.917560577392578,2013-11-05,false,false,251
2014-01-23,14.980396270751953,18.17241859436035,2013-07-25,14.917560577392578,2013-11-05,false,false,251
2014-01-24,14.934316635131836,18.17241859436035,2013-07-25,14.917560577392578,2013-11-05,false,false,251
2014-01-27,14.896613121032715,18.17241859436035,2013-07-25,14.896613121032715,2014-01-27,false,true,251
2014-01-28,14.9091796875,18.17241859436035,2013-07-25,14.896613121032715,2014-01-27,false,false,251
2014-01-29,14.670401573181152,18.17241859436035,2013-07-25,14.670401573181152,2014-01-29,false,true,251
2014-01-30,14.879857063293457,18.17241859436035,2013-07-25,14.670401573181152,2014-01-29,false,false,251
2014-01-31,14.749991416931152,18.17241859436035,2013-07-25,14.670401573181152,2014-01-29,false,false,251
2014-02-03,14.724861145019531,18.17241859436035,2013-07-25,14.670401573181152,2014-01-29,false,false,251
2014-02-04,14.452567100524902,18.17241859436035,2013-07-25,14.452567100524902,2014-02-04,false,true,251
2014-02-05,14.243107795715332,18.17241859436035,2013-07-25,14.243107795715332,2014-02-05,false,true,251
2014-02-06,14.176079750061035,18.17241859436035,2013-07-25,14.176079750061035,2014-02-06,false,true,251
2014-02-07,14.109053611755371,18.17241859436035,2013-07-25,14.109053611755371,2014-02-07,false,true,251
2014-02-10,14.155135154724121,18.17241859436035,2013-07-25,14.109053611755371,2014-02-07,false,false,251
2014-02-11,14.381348609924316,18.17241859436035,2013-07-25,14.109053611755371,2014-02-07,false,false,251
2014-02-12,14.586614608764648,18.17241859436035,2013-07-25,14.109053611755371,2014-02-07,false,false,251
2014-02-13,14.569857597351074,18.17241859436035,2013-07-25,14.109053611755371,2014-02-07,false,false,251
2014-02-14,14.52796459197998,18.17241859436035,2013-07-25,14.109053611755371,2014-02-07,false,false,251
2014-02-18,14.64526081085205,18.17241859436035,2013-07-25,14.109053611755371,2014-02-07,false,false,251
2014-02-19,14.603374481201172,18.17241859436035,2013-07-25,14.109053611755371,2014-02-07,false,false,251
2014-02-20,14.837965965270996,18.17241859436035,2013-07-25,14.109053611755371,2014-02-07,false,false,251
2014-02-21,14.804450988769531,18.17241859436035,2013-07-25,14.109053611755371,2014-02-07,false,false,251
2014-02-24,14.766749382019043,18.17241859436035,2013-07-25,14.109053611755371,2014-02-07,false,false,251
2014-02-25,14.73742389678955,18.17241859436035,2013-07-25,14.109053611755371,2014-02-07,false,false,251
2014-02-26,14.913371086120605,18.17241859436035,2013-07-25,14.109053611755371,2014-02-07,false,false,251
2014-02-27,14.86309814453125,18.17241859436035,2013-07-25,14.109053611755371,2014-02-07,false,false,251
2014-02-28,14.925939559936523,18.17241859436035,2013-07-25,14.109053611755371,2014-02-07,false,false,251
2014-03-03,14.804450988769531,18.17241859436035,2013-07-25,14.109053611755371,2014-02-07,false,false,251
2014-03-04,15.407685279846191,18.17241859436035,2013-07-25,14.109053611755371,2014-02-07,false,false,251
2014-03-05,15.24850082397461,18.17241859436035,2013-07-25,14.109053611755371,2014-02-07,false,false,251
2014-03-06,15.349042892456055,18.17241859436035,2013-07-25,14.109053611755371,2014-02-07,false,false,251
2014-03-07,15.424445152282715,18.17241859436035,2013-07-25,14.109053611755371,2014-02-07,false,false,251
2014-03-10,15.483089447021484,18.17241859436035,2013-07-25,14.109053611755371,2014-02-07,false,false,251
2014-03-11,15.177281379699707,18.17241859436035,2013-07-25,14.109053611755371,2014-02-07,false,false,251
2014-03-12,15.47890567779541,18.17241859436035,2013-07-25,14.109053611755371,2014-02-07,false,false,251
2014-03-13,15.043231964111328,18.17241859436035,2013-07-25,14.109053611755371,2014-02-07,false,false,251
2014-03-14,15.001340866088867,18.17241859436035,2013-07-25,14.109053611755371,2014-02-07,false,false,251
2014-03-17,15.269448280334473,18.17241859436035,2013-07-25,14.109053611755371,2014-02-07,false,false,251
2014-03-18,15.24850082397461,18.17241859436035,2013-07-25,14.109053611755371,2014-02-07,false,false,251
2014-03-19,14.935403823852539,18.17241859436035,2013-07-25,14.109053611755371,2014-02-07,false,false,251
2014-03-20,15.104647636413574,18.17241859436035,2013-07-25,14.109053611755371,2014-02-07,false,false,251
2014-03-21,15.252729415893555,18.17241859436035,2013-07-25,14.109053611755371,2014-02-07,false,false,251
2014-03-24,15.30773639678955,18.17241859436035,2013-07-25,14.109053611755371,2014-02-07,false,false,251
2014-03-25,15.30773639678955,18.17241859436035,2013-07-25,14.109053611755371,2014-02-07,false,false,251
2014-03-26,15.273884773254395,18.17241859436035,2013-07-25,14.109053611755371,2014-02-07,false,false,251
2014-03-27,15.328886985778809,18.17241859436035,2013-07-25,14.109053611755371,2014-02-07,false,false,251
2014-03-28,15.299275398254395,18.17241859436035,2013-07-25,14.109053611755371,2014-02-07,false,false,251
2014-03-31,15.544672966003418,18.17241859436035,2013-07-25,14.109053611755371,2014-02-07,false,false,252
2014-04-01,15.764683723449707,18.17241859436035,2013-07-25,14.109053611755371,2014-02-07,false,false,252
2014-04-02,15.790072441101074,18.17241859436035,2013-07-25,14.109053611755371,2014-02-07,false,false,252
2014-04-03,15.874687194824219,18.17241859436035,2013-07-25,14.109053611755371,2014-02-07,false,false,252
2014-04-04,15.30773639678955,18.17241859436035,2013-07-25,14.109053611755371,2014-02-07,false,false,252
2014-04-07,15.333122253417969,18.17241859436035,2013-07-25,14.109053611755371,2014-02-07,false,false,252
2014-04-08,15.65467357635498,18.17241859436035,2013-07-25,14.109053611755371,2014-02-07,false,false,252
2014-04-09,15.773144721984863,18.17241859436035,2013-07-25,14.109053611755371,2014-02-07,false,false,252
2014-04-10,15.328886985778809,18.17241859436035,2013-07-25,14.109053611755371,2014-02-07,false,false,252
2014-04-11,15.286581039428711,18.17241859436035,2013-07-25,14.109053611755371,2014-02-07,false,false,252
2014-04-14,15.273884773254395,18.17241859436035,2013-07-25,14.109053611755371,2014-02-07,false,false,252
2014-04-15,15.265425682067871,18.17241859436035,2013-07-25,14.109053611755371,2014-02-07,false,false,252
2014-04-16,15.311967849731445,18.17241859436035,2013-07-25,14.109053611755371,2014-02-07,false,false,252
2014-04-17,15.405046463012695,18.17241859436035,2013-07-25,14.109053611755371,2014-02-07,false,false,252
2014-04-21,15.59121322631836,18.17241859436035,2013-07-25,14.109053611755371,2014-02-07,false,false,251
2014-04-22,15.608137130737305,18.17241859436035,2013-07-25,14.109053611755371,2014-02-07,false,false,251
2014-04-23,15.333122253417969,18.17241859436035,2013-07-25,14.109053611755371,2014-02-07,false,false,251
2014-04-24,15.218884468078613,18.17241859436035,2013-07-25,14.109053611755371,2014-02-07,false,false,251
2014-04-25,15.19772720336914,18.17241859436035,2013-07-25,14.109053611755371,2014-02-07,false,false,251
2014-04-28,15.447360038757324,18.17241859436035,2013-07-25,14.109053611755371,2014-02-07,false,false,251
2014-04-29,15.26119327545166,18.17241859436035,2013-07-25,14.109053611755371,2014-02-07,false,false,251
2014-04-30,15.31619930267334,18.17241859436035,2013-07-25,14.109053611755371,2014-02-07,false,false,251
2014-05-01,15.2950439453125,18.17241859436035,2013-07-25,14.109053611755371,2014-02-07,false,false,251
2014-05-02,15.189269065856934,18.17241859436035,2013-07-25,14.109053611755371,2014-02-07,false,false,251
2014-05-05,15.087723731994629,18.17241859436035,2013-07-25,14.109053611755371,2014-02-07,false,false,251
2014-05-06,14.673083305358887,18.17241859436035,2013-07-25,14.109053611755371,2014-02-07,false,false,251
2014-05-07,14.647700309753418,18.17241859436035,2013-07-25,14.109053611755371,2014-02-07,false,false,251
2014-05-08,14.622314453125,18.17241859436035,2013-07-25,14.109053611755371,2014-02-07,false,false,251
2014-05-09,14.736551284790039,18.17241859436035,2013-07-25,14.109053611755371,2014-02-07,false,false,251
2014-05-12,15.062339782714844,18.17241859436035,2013-07-25,14.109053611755371,2014-02-07,false,false,251
2014-05-13,14.706931114196777,18.17241859436035,2013-07-25,14.109053611755371,2014-02-07,false,false,251
2014-05-14,14.491153717041016,18.17241859436035,2013-07-25,14.109053611755371,2014-02-07,false,false,251
2014-05-15,14.42768669128418,18.17241859436035,2013-07-25,14.109053611755371,2014-02-07,false,false,251
2014-05-16,14.745013236999512,18.17241859436035,2013-07-25,14.109053611755371,2014-02-07,false,false,251
2014-05-19,14.757709503173828,18.17241859436035,2013-07-25,14.109053611755371,2014-02-07,false,false,251
2014-05-20,14.410765647888184,18.17241859436035,2013-07-25,14.109053611755371,2014-02-07,false,false,251
2014-05-21,14.326142311096191,18.17241859436035,2013-07-25,14.109053611755371,2014-02-07,false,false,251
2014-05-22,14.651932716369629,18.17241859436035,2013-07-25,14.109053611755371,2014-02-07,false,false,251
2014-05-23,14.584234237670898,18.17241859436035,2013-07-25,14.109053611755371,2014-02-07,false,false,251
2014-05-27,14.846555709838867,18.17241859436035,2013-07-25,14.109053611755371,2014-02-07,false,false,251
2014-05-28,14.770398139953613,18.17241859436035,2013-07-25,14.109053611755371,2014-02-07,false,false,251
2014-05-29,14.575774192810059,18.17241859436035,2013-07-25,14.109053611755371,2014-02-07,false,false,251
2014-05-30,15.278118133544922,18.17241859436035,2013-07-25,14.109053611755371,2014-02-07,false,false,251
2014-06-02,15.26119327545166,18.17241859436035,2013-07-25,14.109053611755371,2014-02-07,false,false,251
2014-06-03,15.07079792022705,18.17241859436035,2013-07-25,14.109053611755371,2014-02-07,false,false,251
2014-06-04,14.998871803283691,18.17241859436035,2013-07-25,14.109053611755371,2014-02-07,false,false,251
2014-06-05,15.62082576751709,18.17241859436035,2013-07-25,14.109053611755371,2014-02-07,false,false,251
2014-06-06,15.64621353149414,18.17241859436035,2013-07-25,14.109053611755371,2014-02-07,false,false,251
2014-06-09,15.726600646972656,18.17241859436035,2013-07-25,14.109053611755371,2014-02-07,false,false,251
2014-06-10,15.625059127807617,18.17241859436035,2013-07-25,14.109053611755371,2014-02-07,false,false,251
2014-06-11,15.460053443908691,18.17241859436035,2013-07-25,14.109053611755371,2014-02-07,false,false,251
2014-06-12,15.396585464477539,18.17241859436035,2013-07-25,14.109053611755371,2014-02-07,false,false,251
2014-06-13,15.493896484375,18.17241859436035,2013-07-25,14.109053611755371,2014-02-07,false,false,251
2014-06-16,15.62082576751709,18.17241859436035,2013-07-25,14.109053611755371,2014-02-07,false,false,251
2014-06-17,15.53620719909668,18.17241859436035,2013-07-25,14.109053611755371,2014-02-07,false,false,251
2014-06-18,15.561593055725098,18.17241859436035,2013-07-25,14.109053611755371,2014-02-07,false,false,251
2014-06-19,15.58275032043457,18.17241859436035,2013-07-25,14.109053611755371,2014-02-07,false,false,251
2014-06-20,15.713910102844238,18.17241859436035,2013-07-25,14.109053611755371,2014-02-07,false,false,251
2014-06-23,15.777376174926758,18.17241859436035,2013-07-25,14.109053611755371,2014-02-07,false,false,251
2014-06-24,15.68429183959961,18.17241859436035,2013-07-25,14.109053611755371,2014-02-07,false,false,251
2014-06-25,15.705448150634766,18.17241859436035,2013-07-25,14.109053611755371,2014-02-07,false,false,251
2014-06-26,15.48543643951416,18.17241859436035,2013-07-25,14.109053611755371,2014-02-07,false,false,251
2014-06-27,15.59544563293457,18.17241859436035,2013-07-25,14.109053611755371,2014-02-07,false,false,251
2014-06-30,15.713910102844238,18.17241859436035,2013-07-25,14.109053611755371,2014-02-07,false,false,251
2014-07-01,15.861998558044434,18.17241859436035,2013-07-25,14.109053611755371,2014-02-07,false,false,251
2014-07-02,15.938152313232422,18.17241859436035,2013-07-25,14.109053611755371,2014-02-07,false,false,251
2014-07-03,15.988926887512207,18.17241859436035,2013-07-25,14.109053611755371,2014-02-07,false,false,251
2014-07-07,15.637750625610352,18.17241859436035,2013-07-25,14.109053611755371,2014-02-07,false,false,251
2014-07-08,15.66736888885498,18.17241859436035,2013-07-25,14.109053611755371,2014-02-07,false,false,251
2014-07-09,15.64198112487793,18.17241859436035,2013-07-25,14.109053611755371,2014-02-07,false,false,251
2014-07-10,15.354275703430176,18.17241859436035,2013-07-25,14.109053611755371,2014-02-07,false,false,251
2014-07-11,15.396585464477539,18.17241859436035,2013-07-25,14.109053611755371,2014-02-07,false,false,251
2014-07-14,15.540440559387207,18.17241859436035,2013-07-25,14.109053611755371,2014-02-07,false,false,251
2014-07-15,15.413511276245117,18.17241859436035,2013-07-25,14.109053611755371,2014-02-07,false,false,251
2014-07-16,15.345810890197754,18.17241859436035,2013-07-25,14.109053611755371,2014-02-07,false,false,251
2014-07-17,15.104647636413574,18.17241859436035,2013-07-25,14.109053611755371,2014-02-07,false,false,251
2014-07-18,15.65890884399414,18.17241859436035,2013-07-25,14.109053611755371,2014-02-07,false,false,251
2014-07-21,15.489666938781738,18.17241859436035,2013-07-25,14.109053611755371,2014-02-07,false,false,251
2014-07-22,15.633522987365723,18.17241859436035,2013-07-25,14.109053611755371,2014-02-07,false,false,251
2014-07-23,15.599674224853516,18.17241859436035,2013-07-25,14.109053611755371,2014-02-07,false,false,251
2014-07-24,15.311967849731445,18.17241859436035,2013-07-25,14.109053611755371,2014-02-07,false,false,251
2014-07-25,14.973484992980957,18.17241859436035,2013-07-25,14.109053611755371,2014-02-07,false,false,251
2014-07-28,14.91848087310791,17.95667266845703,2013-07-30,14.109053611755371,2014-02-07,false,false,251
2014-07-29,14.812707901000977,17.95667266845703,2013-07-30,14.109053611755371,2014-02-07,false,false,251
2014-07-30,14.575774192810059,17.95667266845703,2013-07-30,14.109053611755371,2014-02-07,false,false,251
2014-07-31,14.491153717041016,17.379972457885742,2013-08-05,14.109053611755371,2014-02-07,false,false,251
2014-08-01,14.91848087310791,17.379972457885742,2013-08-05,14.109053611755371,2014-02-07,false,false,251
2014-08-04,14.9396390914917,17.379972457885742,2013-08-05,14.109053611755371,2014-02-07,false,false,251
2014-08-05,14.948097229003906,17.379972457885742,2013-08-05,14.109053611755371,2014-02-07,false,false,251
2014-08-06,14.838092803955078,16.9526309967041,2013-08-08,14.109053611755371,2014-02-07,false,false,251
2014-08-07,14.643472671508789,16.9526309967041,2013-08-08,14.109053611755371,2014-02-07,false,false,251
2014-08-08,14.736551284790039,16.9526309967041,2013-08-08,14.109053611755371,2014-02-07,false,false,251
2014-08-11,14.973484992980957,16.80740737915039,2013-08-13,14.109053611755371,2014-02-07,false,false,251
2014-08-12,14.897327423095703,16.80740737915039,2013-08-13,14.109053611755371,2014-02-07,false,false,251
2014-08-13,15.015793800354004,16.80740737915039,2013-08-13,14.109053611755371,2014-02-07,false,false,251
2014-08-14,14.9396390914917,16.15602684020996,2013-09-10,14.109053611755371,2014-02-07,false,false,251
2014-08-15,14.98617935180664,16.15602684020996,2013-09-10,14.109053611755371,2014-02-07,false,false,251
2014-08-18,15.23157787322998,16.15602684020996,2013-09-10,14.109053611755371,2014-02-07,false,false,251
2014-08-19,15.252729415893555,16.15602684020996,2013-09-10,14.109053611755371,2014-02-07,false,false,251
2014-08-20,15.2950439453125,16.15602684020996,2013-09-10,14.109053611755371,2014-02-07,false,false,251
2014-08-21,15.2823486328125,16.15602684020996,2013-09-10,14.109053611755371,2014-02-07,false,false,251
2014-08-22,15.299275398254395,16.15602684020996,2013-09-10,14.109053611755371,2014-02-07,false,false,251
2014-08-25,15.278118133544922,16.15602684020996,2013-09-10,14.109053611755371,2014-02-07,false,false,251
2014-08-26,15.350042343139648,16.15602684020996,2013-09-10,14.109053611755371,2014-02-07,false,false,251
2014-08-27,15.451586723327637,16.15602684020996,2013-09-10,14.109053611755371,2014-02-07,false,false,251
2014-08-28,15.328886985778809,16.15602684020996,2013-09-10,14.109053611755371,2014-02-07,false,false,251
2014-08-29,15.570056915283203,16.15602684020996,2013-09-10,14.109053611755371,2014-02-07,false,false,251
2014-09-02,15.790072441101074,16.15602684020996,2013-09-10,14.109053611755371,2014-02-07,false,false,251
2014-09-03,15.840840339660645,16.15602684020996,2013-09-10,14.109053611755371,2014-02-07,false,false,251
2014-09-04,15.959305763244629,16.15602684020996,2013-09-10,14.109053611755371,2014-02-07,false,false,251
2014-09-05,15.93392276763916,16.15602684020996,2013-09-10,14.109053611755371,2014-02-07,false,false,251
2014-09-08,15.993155479431152,16.15602684020996,2013-09-10,14.109053611755371,2014-02-07,false,false,251
2014-09-09,15.895843505859375,16.15602684020996,2013-09-10,14.109053611755371,2014-02-07,false,false,251
2014-09-10,15.967768669128418,16.15602684020996,2013-09-10,14.109053611755371,2014-02-07,false,false,251
2014-09-11,15.908537864685059,16.115652084350586,2013-09-24,14.109053611755371,2014-02-07,false,false,251
2014-09-12,15.650444984436035,16.115652084350586,2013-09-24,14.109053611755371,2014-02-07,false,false,251
2014-09-15,15.443127632141113,16.115652084350586,2013-09-24,14.109053611755371,2014-02-07,false,false,251
2014-09-16,15.434667587280273,16.115652084350586,2013-09-24,14.109053611755371,2014-02-07,false,false,251
2014-09-17,15.426118850708008,16.115652084350586,2013-09-24,14.109053611755371,2014-02-07,false,false,251
2014-09-18,15.45176887512207,16.115652084350586,2013-09-24,14.109053611755371,2014-02-07,false,false,251
2014-09-19,15.289297103881836,16.115652084350586,2013-09-24,14.109053611755371,2014-02-07,false,false,251
2014-09-22,15.14393138885498,16.115652084350586,2013-09-24,14.109053611755371,2014-02-07,false,false,251
2014-09-23,15.088349342346191,16.115652084350586,2013-09-24,14.109053611755371,2014-02-07,false,false,251
2014-09-24,15.195235252380371,16.115652084350586,2013-09-24,14.109053611755371,2014-02-07,false,false,251
2014-09-25,14.934429168701172,15.993155479431152,2014-09-08,14.109053611755371,2014-02-07,false,false,251
2014-09-26,15.131102561950684,15.993155479431152,2014-09-08,14.109053611755371,2014-02-07,false,false,251
2014-09-29,15.541552543640137,15.993155479431152,2014-09-08,14.109053611755371,2014-02-07,false,false,251
2014-09-30,15.37480354309082,15.993155479431152,2014-09-08,14.109053611755371,2014-02-07,false,false,251
2014-10-01,14.93015193939209,15.993155479431152,2014-09-08,14.109053611755371,2014-02-07,false,false,251
2014-10-02,14.797612190246582,15.993155479431152,2014-09-08,14.109053611755371,2014-02-07,false,false,251
2014-10-03,14.64369010925293,15.993155479431152,2014-09-08,14.109053611755371,2014-02-07,false,false,251
2014-10-06,14.682171821594238,15.993155479431152,2014-09-08,14.109053611755371,2014-02-07,false,false,251
2014-10-07,14.502598762512207,15.993155479431152,2014-09-08,14.109053611755371,2014-02-07,false,false,251
2014-10-08,14.844643592834473,15.993155479431152,2014-09-08,14.109053611755371,2014-02-07,false,false,251
2014-10-09,14.370058059692383,15.993155479431152,2014-09-08,14.109053611755371,2014-02-07,false,false,251
2014-10-10,14.246066093444824,15.993155479431152,2014-09-08,14.109053611755371,2014-02-07,false,false,251
2014-10-13,14.622314453125,15.993155479431152,2014-09-08,14.109053611755371,2014-02-07,false,false,251
2014-10-14,15.148205757141113,15.993155479431152,2014-09-08,14.109053611755371,2014-02-07,false,false,251
2014-10-15,15.485974311828613,15.993155479431152,2014-09-08,14.109053611755371,2014-02-07,false,false,251
2014-10-16,15.3919095993042,15.993155479431152,2014-09-08,14.109053611755371,2014-02-07,false,false,251
2014-10-17,15.302120208740234,15.993155479431152,2014-09-08,14.109053611755371,2014-02-07,false,false,251
2014-10-20,15.379083633422852,15.993155479431152,2014-09-08,14.109053611755371,2014-02-07,false,false,251
2014-10-21,15.349153518676758,15.993155479431152,2014-09-08,14.109053611755371,2014-02-07,false,false,251
2014-10-22,15.400459289550781,15.993155479431152,2014-09-08,14.109053611755371,2014-02-07,false,false,251
2014-10-23,15.588584899902344,15.993155479431152,2014-09-08,14.109053611755371,2014-02-07,false,false,251
2014-10-24,15.575758934020996,15.993155479431152,2014-09-08,14.109053611755371,2014-02-07,false,false,251
2014-10-27,15.421841621398926,15.993155479431152,2014-09-08,14.109053611755371,2014-02-07,false,false,251
2014-10-28,15.644163131713867,15.993155479431152,2014-09-08,14.109053611755371,2014-02-07,false,false,251
2014-10-29,15.64844036102295,15.993155479431152,2014-09-08,14.109053611755371,2014-02-07,false,false,251
2014-10-30,16.028963088989258,16.028963088989258,2014-10-30,14.109053611755371,2014-02-07,true,false,251
2014-10-31,16.465070724487305,16.465070724487305,2014-10-31,14.109053611755371,2014-02-07,true,false,251
2014-11-03,16.460792541503906,16.465070724487305,2014-10-31,14.109053611755371,2014-02-07,false,false,251
2014-11-04,16.14012908935547,16.465070724487305,2014-10-31,14.109053611755371,2014-02-07,false,false,251
2014-11-05,16.56768226623535,16.56768226623535,2014-11-05,14.109053611755371,2014-02-07,true,false,251
2014-11-06,17.504018783569336,17.504018783569336,2014-11-06,14.109053611755371,2014-02-07,true,false,251
2014-11-07,17.910200119018555,17.910200119018555,2014-11-07,14.109053611755371,2014-02-07,true,false,251
2014-11-10,17.6921443939209,17.910200119018555,2014-11-07,14.109053611755371,2014-02-07,false,false,251
2014-11-11,17.5082950592041,17.910200119018555,2014-11-07,14.109053611755371,2014-02-07,false,false,251
2014-11-12,17.73062515258789,17.910200119018555,2014-11-07,14.109053611755371,2014-02-07,false,false,251
2014-11-13,17.533945083618164,17.910200119018555,2014-11-07,14.109053611755371,2014-02-07,false,false,251
2014-11-14,17.46981430053711,17.910200119018555,2014-11-07,14.109053611755371,2014-02-07,false,false,251
2014-11-17,17.02088165283203,17.910200119018555,2014-11-07,14.109053611755371,2014-02-07,false,false,251
2014-11-18,17.213287353515625,17.910200119018555,2014-11-07,14.109053611755371,2014-02-07,false,false,251
2014-11-19,17.05508804321289,17.910200119018555,2014-11-07,14.109053611755371,2014-02-07,false,false,251
2014-11-20,17.209007263183594,17.910200119018555,2014-11-07,14.109053611755371,2014-02-07,false,false,251
2014-11-21,17.303071975708008,17.910200119018555,2014-11-07,14.109053611755371,2014-02-07,false,false,251
2014-11-24,17.046537399291992,17.910200119018555,2014-11-07,14.109053611755371,2014-02-07,false,false,251
2014-11-25,16.854141235351562,17.910200119018555,2014-11-07,14.109053611755371,2014-02-07,false,false,251
2014-11-26,16.91399574279785,17.910200119018555,2014-11-07,14.109053611755371,2014-02-07,false,false,251
2014-11-28,16.862688064575195,17.910200119018555,2014-11-07,14.109053611755371,2014-02-07,false,false,251
2014-12-01,16.571958541870117,17.910200119018555,2014-11-07,14.109053611755371,2014-02-07,false,false,251
2014-12-02,16.674570083618164,17.910200119018555,2014-11-07,14.109053611755371,2014-02-07,false,false,251
2014-12-03,16.939651489257812,17.910200119018555,2014-11-07,14.109053611755371,2014-02-07,false,false,251
2014-12-04,17.230390548706055,17.910200119018555,2014-11-07,14.109053611755371,2014-02-07,false,false,251
2014-12-05,17.290245056152344,17.910200119018555,2014-11-07,14.109053611755371,2014-02-07,false,false,251
2014-12-08,16.90972137451172,17.910200119018555,2014-11-07,14.109053611755371,2014-02-07,false,false,251
2014-12-09,17.435609817504883,17.910200119018555,2014-11-07,14.109053611755371,2014-02-07,false,false,251
2014-12-10,16.935379028320312,17.910200119018555,2014-11-07,14.109053611755371,2014-02-07,false,false,251
2014-12-11,17.136329650878906,17.910200119018555,2014-11-07,14.109053611755371,2014-02-07,false,false,251
2014-12-12,17.02943992614746,17.910200119018555,2014-11-07,14.109053611755371,2014-02-07,false,false,251
2014-12-15,17.033716201782227,17.910200119018555,2014-11-07,14.109053611755371,2014-02-07,false,false,251
2014-12-16,16.931100845336914,17.910200119018555,2014-11-07,14.109053611755371,2014-02-07,false,false,251
2014-12-17,17.77338409423828,17.910200119018555,2014-11-07,14.109053611755371,2014-02-07,false,false,251
2014-12-18,17.734901428222656,17.910200119018555,2014-11-07,14.109053611755371,2014-02-07,false,false,251
2014-12-19,18.004261016845703,18.004261016845703,2014-12-19,14.109053611755371,2014-02-07,true,false,251
2014-12-22,18.282167434692383,18.282167434692383,2014-12-22,14.109053611755371,2014-02-07,true,false,251
2014-12-23,18.431814193725586,18.431814193725586,2014-12-23,14.109053611755371,2014-02-07,true,false,251
2014-12-24,18.29926872253418,18.431814193725586,2014-12-23,14.109053611755371,2014-02-07,false,false,251
2014-12-26,18.936323165893555,18.936323165893555,2014-12-26,14.109053611755371,2014-02-07,true,false,251
2014-12-29,18.80377960205078,18.936323165893555,2014-12-26,14.109053611755371,2014-02-07,false,false,251
2014-12-30,18.778127670288086,18.936323165893555,2014-12-26,14.109053611755371,2014-02-07,false,false,251
2014-12-31,18.525869369506836,18.936323165893555,2014-12-26,14.109053611755371,2014-02-07,false,false,251
2015-01-02,18.004261016845703,18.936323165893555,2014-12-26,14.109053611755371,2014-02-07,false,false,251
2015-01-05,17.957229614257812,18.936323165893555,2014-12-26,14.109053611755371,2014-02-07,false,false,251
2015-01-06,17.516845703125,18.936323165893555,2014-12-26,14.109053611755371,2014-02-07,false,false,251
2015-01-07,17.474090576171875,18.936323165893555,2014-12-26,14.109053611755371,2014-02-07,false,false,251
2015-01-08,17.628009796142578,18.936323165893555,2014-12-26,14.109053611755371,2014-02-07,false,false,251
2015-01-09,17.452720642089844,18.936323165893555,2014-12-26,14.109053611755371,2014-02-07,false,false,251
2015-01-12,17.422786712646484,18.936323165893555,2014-12-26,14.109053611755371,2014-02-07,false,false,251
2015-01-13,17.435609817504883,18.936323165893555,2014-12-26,14.109053611755371,2014-02-07,false,false,251
2015-01-14,17.303071975708008,18.936323165893555,2014-12-26,14.109053611755371,2014-02-07,false,false,251
2015-01-15,17.012332916259766,18.936323165893555,2014-12-26,14.109053611755371,2014-02-07,false,false,251
2015-01-16,17.183359146118164,18.936323165893555,2014-12-26,14.109053611755371,2014-02-07,false,false,251
2015-01-20,17.02515983581543,18.936323165893555,2014-12-26,14.109053611755371,2014-02-07,false,false,251
2015-01-21,16.939651489257812,18.936323165893555,2014-12-26,14.109053611755371,2014-02-07,false,false,251
2015-01-22,16.969587326049805,18.936323165893555,2014-12-26,14.109053611755371,2014-02-07,false,false,251
2015-01-23,16.86697006225586,18.936323165893555,2014-12-26,14.109053611755371,2014-02-07,false,false,251
2015-01-26,17.02943992614746,18.936323165893555,2014-12-26,14.109053611755371,2014-02-07,false,false,251
2015-01-27,16.81138801574707,18.936323165893555,2014-12-26,14.109053611755371,2014-02-07,false,false,251
2015-01-28,16.503549575805664,18.936323165893555,2014-12-26,14.109053611755371,2014-02-07,false,false,251
2015-01-29,16.88834571838379,18.936323165893555,2014-12-26,14.109053611755371,2014-02-07,false,false,251
2015-01-30,16.465070724487305,18.936323165893555,2014-12-26,14.109053611755371,2014-02-07,false,false,251
2015-02-02,16.56768226623535,18.936323165893555,2014-12-26,14.109053611755371,2014-02-07,false,false,251
2015-02-03,16.777185440063477,18.936323165893555,2014-12-26,14.109053611755371,2014-02-07,false,false,251
2015-02-04,16.170059204101562,18.936323165893555,2014-12-26,14.109053611755371,2014-02-07,false,false,251
2015-02-05,17.05508804321289,18.936323165893555,2014-12-26,14.109053611755371,2014-02-07,false,false,251
2015-02-06,16.520647048950195,18.936323165893555,2014-12-26,14.109053611755371,2014-02-07,false,false,251
2015-02-09,16.4949951171875,18.936323165893555,2014-12-26,14.109053611755371,2014-02-07,false,false,251
2015-02-10,16.465070724487305,18.936323165893555,2014-12-26,14.246066093444824,2014-10-10,false,false,251
2015-02-11,16.550580978393555,18.936323165893555,2014-12-26,14.246066093444824,2014-10-10,false,false,251
2015-02-12,16.57623291015625,18.936323165893555,2014-12-26,14.246066093444824,2014-10-10,false,false,251
2015-02-13,16.490718841552734,18.936323165893555,2014-12-26,14.246066093444824,2014-10-10,false,false,251
2015-02-17,16.54202651977539,18.936323165893555,2014-12-26,14.246066093444824,2014-10-10,false,false,251
2015-02-18,16.601882934570312,18.936323165893555,2014-12-26,14.246066093444824,2014-10-10,false,false,251
2015-02-19,16.4949951171875,18.936323165893555,2014-12-26,14.246066093444824,2014-10-10,false,false,251
2015-02-20,16.507827758789062,18.936323165893555,2014-12-26,14.246066093444824,2014-10-10,false,false,251
2015-02-23,16.490718841552734,18.936323165893555,2014-12-26,14.246066093444824,2014-10-10,false,false,251
2015-02-24,16.379560470581055,18.936323165893555,2014-12-26,14.246066093444824,2014-10-10,false,false,251
2015-02-25,16.537750244140625,18.936323165893555,2014-12-26,14.246066093444824,2014-10-10,false,false,251
2015-02-26,16.683122634887695,18.936323165893555,2014-12-26,14.246066093444824,2014-10-10,false,false,251
2015-02-27,16.67029571533203,18.936323165893555,2014-12-26,14.246066093444824,2014-10-10,false,false,251
2015-03-02,16.84558868408203,18.936323165893555,2014-12-26,14.246066093444824,2014-10-10,false,false,251
2015-03-03,16.64463996887207,18.936323165893555,2014-12-26,14.246066093444824,2014-10-10,false,false,251
2015-03-04,16.44369125366211,18.936323165893555,2014-12-26,14.246066093444824,2014-10-10,false,false,251
2015-03-05,16.490718841552734,18.936323165893555,2014-12-26,14.246066093444824,2014-10-10,false,false,251
2015-03-06,16.1529483795166,18.936323165893555,2014-12-26,14.246066093444824,2014-10-10,false,false,251
2015-03-09,16.234189987182617,18.936323165893555,2014-12-26,14.246066093444824,2014-10-10,false,false,251
2015-03-10,15.857938766479492,18.936323165893555,2014-12-26,14.246066093444824,2014-10-10,false,false,251
2015-03-11,15.840840339660645,18.936323165893555,2014-12-26,14.246066093444824,2014-10-10,false,false,251
2015-03-12,16.276941299438477,18.936323165893555,2014-12-26,14.246066093444824,2014-10-10,false,false,251
2015-03-13,16.371004104614258,18.936323165893555,2014-12-26,14.246066093444824,2014-10-10,false,false,251
2015-03-16,16.268396377563477,18.936323165893555,2014-12-26,14.246066093444824,2014-10-10,false,false,251
2015-03-17,16.3196964263916,18.936323165893555,2014-12-26,14.246066093444824,2014-10-10,false,false,251
2015-03-18,16.626314163208008,18.936323165893555,2014-12-26,14.246066093444824,2014-10-10,false,false,251
2015-03-19,16.66950225830078,18.936323165893555,2014-12-26,14.246066093444824,2014-10-10,false,false,251
2015-03-20,16.721323013305664,18.936323165893555,2014-12-26,14.246066093444824,2014-10-10,false,false,251
2015-03-23,16.56585121154785,18.936323165893555,2014-12-26,14.246066093444824,2014-10-10,false,false,251
2015-03-24,16.829282760620117,18.936323165893555,2014-12-26,14.246066093444824,2014-10-10,false,false,251
2015-03-25,16.704055786132812,18.936323165893555,2014-12-26,14.246066093444824,2014-10-10,false,false,251
2015-03-26,16.621997833251953,18.936323165893555,2014-12-26,14.246066093444824,2014-10-10,false,false,251
2015-03-27,16.367202758789062,18.936323165893555,2014-12-26,14.246066093444824,2014-10-10,false,false,251
2015-03-30,16.531307220458984,18.936323165893555,2014-12-26,14.246066093444824,2014-10-10,false,false,251
2015-03-31,16.406070709228516,18.936323165893555,2014-12-26,14.246066093444824,2014-10-10,false,false,251
2015-04-01,16.807693481445312,18.936323165893555,2014-12-26,14.246066093444824,2014-10-10,false,false,251
2015-04-02,16.63063621520996,18.936323165893555,2014-12-26,14.246066093444824,2014-10-10,false,false,251
2015-04-06,17.122941970825195,18.936323165893555,2014-12-26,14.246066093444824,2014-10-10,false,false,250
2015-04-07,17.256820678710938,18.936323165893555,2014-12-26,14.246066093444824,2014-10-10,false,false,250
2015-04-08,17.628211975097656,18.936323165893555,2014-12-26,14.246066093444824,2014-10-10,false,false,250
2015-04-09,17.45547103881836,18.936323165893555,2014-12-26,14.246066093444824,2014-10-10,false,false,250
2015-04-10,17.55048179626465,18.936323165893555,2014-12-26,14.246066093444824,2014-10-10,false,false,250
2015-04-13,17.49001693725586,18.936323165893555,2014-12-26,14.246066093444824,2014-10-10,false,false,250
2015-04-14,17.701627731323242,18.936323165893555,2014-12-26,14.246066093444824,2014-10-10,false,false,250
2015-04-15,17.697311401367188,18.936323165893555,2014-12-26,14.246066093444824,2014-10-10,false,false,250
2015-04-16,17.58502769470215,18.936323165893555,2014-12-26,14.246066093444824,2014-10-10,false,false,250
2015-04-17,17.395015716552734,18.936323165893555,2014-12-26,14.246066093444824,2014-10-10,false,false,250
2015-04-20,17.684350967407227,18.936323165893555,2014-12-26,14.246066093444824,2014-10-10,false,false,251
2015-04-21,17.589345932006836,18.936323165893555,2014-12-26,14.246066093444824,2014-10-10,false,false,251
2015-04-22,17.727540969848633,18.936323165893555,2014-12-26,14.246066093444824,2014-10-10,false,false,251
2015-04-23,17.65843963623047,18.936323165893555,2014-12-26,14.246066093444824,2014-10-10,false,false,251
2015-04-24,17.960737228393555,18.936323165893555,2014-12-26,14.246066093444824,2014-10-10,false,false,251
2015-04-27,17.63252830505371,18.936323165893555,2014-12-26,14.246066093444824,2014-10-10,false,false,251
2015-04-28,17.8311824798584,18.936323165893555,2014-12-26,14.246066093444824,2014-10-10,false,false,251
2015-04-29,17.494338989257812,18.936323165893555,2014-12-26,14.246066093444824,2014-10-10,false,false,251
2015-04-30,17.036575317382812,18.936323165893555,2014-12-26,14.246066093444824,2014-10-10,false,false,251
2015-05-01,17.291366577148438,18.936323165893555,2014-12-26,14.246066093444824,2014-10-10,false,false,251
2015-05-04,17.563434600830078,18.936323165893555,2014-12-26,14.246066093444824,2014-10-10,false,false,251
2015-05-05,17.39069175720215,18.936323165893555,2014-12-26,14.246066093444824,2014-10-10,false,false,251
2015-05-06,17.485702514648438,18.936323165893555,2014-12-26,14.246066093444824,2014-10-10,false,false,251
2015-05-07,17.41228675842285,18.936323165893555,2014-12-26,14.246066093444824,2014-10-10,false,false,251
2015-05-08,17.321598052978516,18.936323165893555,2014-12-26,14.246066093444824,2014-10-10,false,false,251
2015-05-11,17.183406829833984,18.936323165893555,2014-12-26,14.246066093444824,2014-10-10,false,false,251
2015-05-12,17.088394165039062,18.936323165893555,2014-12-26,14.246066093444824,2014-10-10,false,false,251
2015-05-13,17.222272872924805,18.936323165893555,2014-12-26,14.246066093444824,2014-10-10,false,false,251
2015-05-14,17.580711364746094,18.936323165893555,2014-12-26,14.246066093444824,2014-10-10,false,false,251
2015-05-15,17.692991256713867,18.936323165893555,2014-12-26,14.246066093444824,2014-10-10,false,false,251
2015-05-18,17.67571258544922,18.936323165893555,2014-12-26,14.246066093444824,2014-10-10,false,false,251
2015-05-19,17.61957550048828,18.936323165893555,2014-12-26,14.246066093444824,2014-10-10,false,false,251
2015-05-20,17.705944061279297,18.936323165893555,2014-12-26,14.246066093444824,2014-10-10,false,false,251
2015-05-21,17.736177444458008,18.936323165893555,2014-12-26,14.246066093444824,2014-10-10,false,false,251
2015-05-22,17.6023006439209,18.936323165893555,2014-12-26,14.246066093444824,2014-10-10,false,false,251
2015-05-26,17.27409553527832,18.936323165893555,2014-12-26,14.246066093444824,2014-10-10,false,false,251
2015-05-27,17.67571258544922,18.936323165893555,2014-12-26,14.246066093444824,2014-10-10,false,false,251
2015-05-28,17.65843963623047,18.936323165893555,2014-12-26,14.246066093444824,2014-10-10,false,false,251
2015-05-29,17.6023006439209,18.936323165893555,2014-12-26,14.246066093444824,2014-10-10,false,false,251
2015-06-01,17.317277908325195,18.936323165893555,2014-12-26,14.246066093444824,2014-10-10,false,false,251
2015-06-02,17.3734188079834,18.936323165893555,2014-12-26,14.246066093444824,2014-10-10,false,false,251
2015-06-03,17.321598052978516,18.936323165893555,2014-12-26,14.246066093444824,2014-10-10,false,false,251
2015-06-04,17.179086685180664,18.936323165893555,2014-12-26,14.246066093444824,2014-10-10,false,false,251
2015-06-05,17.395015716552734,18.936323165893555,2014-12-26,14.246066093444824,2014-10-10,false,false,251
2015-06-08,17.20499610900879,18.936323165893555,2014-12-26,14.246066093444824,2014-10-10,false,false,251
2015-06-09,17.222272872924805,18.936323165893555,2014-12-26,14.246066093444824,2014-10-10,false,false,251
2015-06-10,17.822546005249023,18.936323165893555,2014-12-26,14.246066093444824,2014-10-10,false,false,251
2015-06-11,17.68867301940918,18.936323165893555,2014-12-26,14.246066093444824,2014-10-10,false,false,251
2015-06-12,17.53752326965332,18.936323165893555,2014-12-26,14.246066093444824,2014-10-10,false,false,251
2015-06-15,17.9909725189209,18.936323165893555,2014-12-26,14.246066093444824,2014-10-10,false,false,251
2015-06-16,18.5178279876709,18.936323165893555,2014-12-26,14.246066093444824,2014-10-10,false,false,251
2015-06-17,18.453048706054688,18.936323165893555,2014-12-26,14.246066093444824,2014-10-10,false,false,251
2015-06-18,18.4487361907959,18.936323165893555,2014-12-26,14.246066093444824,2014-10-10,false,false,251
2015-06-19,18.54805564880371,18.936323165893555,2014-12-26,14.246066093444824,2014-10-10,false,false,251
2015-06-22,18.18962287902832,18.936323165893555,2014-12-26,14.246066093444824,2014-10-10,false,false,251
2015-06-23,18.064382553100586,18.936323165893555,2014-12-26,14.246066093444824,2014-10-10,false,false,251
2015-06-24,17.736177444458008,18.936323165893555,2014-12-26,14.246066093444824,2014-10-10,false,false,251
2015-06-25,17.89595603942871,18.936323165893555,2014-12-26,14.246066093444824,2014-10-10,false,false,251
2015-06-26,17.861412048339844,18.936323165893555,2014-12-26,14.246066093444824,2014-10-10,false,false,251
2015-06-29,17.364788055419922,18.936323165893555,2014-12-26,14.246066093444824,2014-10-10,false,false,251
2015-06-30,17.44251251220703,18.936323165893555,2014-12-26,14.246066093444824,2014-10-10,false,false,251
2015-07-01,17.485702514648438,18.936323165893555,2014-12-26,14.246066093444824,2014-10-10,false,false,251
2015-07-02,17.27409553527832,18.936323165893555,2014-12-26,14.246066093444824,2014-10-10,false,false,251
2015-07-06,16.993391036987305,18.936323165893555,2014-12-26,14.246066093444824,2014-10-10,false,false,251
2015-07-07,17.036575317382812,18.936323165893555,2014-12-26,14.246066093444824,2014-10-10,false,false,251
2015-07-08,17.032257080078125,18.936323165893555,2014-12-26,14.246066093444824,2014-10-10,false,false,251
2015-07-09,16.790416717529297,18.936323165893555,2014-12-26,14.246066093444824,2014-10-10,false,false,251
2015-07-10,17.161813735961914,18.936323165893555,2014-12-26,14.246066093444824,2014-10-10,false,false,251
2015-07-13,17.135902404785156,18.936323165893555,2014-12-26,14.246066093444824,2014-10-10,false,false,251
2015-07-14,17.14885711669922,18.936323165893555,2014-12-26,14.246066093444824,2014-10-10,false,false,251
2015-07-15,17.097030639648438,18.936323165893555,2014-12-26,14.246066093444824,2014-10-10,false,false,251
2015-07-16,17.27409553527832,18.936323165893555,2014-12-26,14.246066093444824,2014-10-10,false,false,251
2015-07-17,17.027935028076172,18.936323165893555,2014-12-26,14.246066093444824,2014-10-10,false,false,251
2015-07-20,16.928611755371094,18.936323165893555,2014-12-26,14.246066093444824,2014-10-10,false,false,251
2015-07-21,16.600406646728516,18.936323165893555,2014-12-26,14.246066093444824,2014-10-10,false,false,251
2015-07-22,16.125364303588867,18.936323165893555,2014-12-26,14.246066093444824,2014-10-10,false,false,251
2015-07-23,15.525091171264648,18.936323165893555,2014-12-26,14.246066093444824,2014-10-10,false,false,251
2015-07-24,14.8945894241333,18.936323165893555,2014-12-26,14.246066093444824,2014-10-10,false,false,251
2015-07-27,15.335076332092285,18.936323165893555,2014-12-26,14.246066093444824,2014-10-10,false,false,251
2015-07-28,15.50781536102295,18.936323165893555,2014-12-26,14.246066093444824,2014-10-10,false,false,251
2015-07-29,15.270297050476074,18.936323165893555,2014-12-26,14.246066093444824,2014-10-10,false,false,251
2015-07-30,15.546684265136719,18.936323165893555,2014-12-26,14.246066093444824,2014-10-10,false,false,251
2015-07-31,15.753973007202148,18.936323165893555,2014-12-26,14.246066093444824,2014-10-10,false,false,251
2015-08-03,16.138322830200195,18.936323165893555,2014-12-26,14.246066093444824,2014-10-10,false,false,251
2015-08-04,16.14695930480957,18.936323165893555,2014-12-26,14.246066093444824,2014-10-10,false,false,251
2015-08-05,16.401752471923828,18.936323165893555,2014-12-26,14.246066093444824,2014-10-10,false,false,251
2015-08-06,16.531307220458984,18.936323165893555,2014-12-26,14.246066093444824,2014-10-10,false,false,251
2015-08-07,16.250606536865234,18.936323165893555,2014-12-26,14.246066093444824,2014-10-10,false,false,251
2015-08-10,16.41470718383789,18.936323165893555,2014-12-26,14.246066093444824,2014-10-10,false,false,251
2015-08-11,16.198780059814453,18.936323165893555,2014-12-26,14.246066093444824,2014-10-10,false,false,251
2015-08-12,15.88353157043457,18.936323165893555,2014-12-26,14.246066093444824,2014-10-10,false,false,251
2015-08-13,16.198780059814453,18.936323165893555,2014-12-26,14.246066093444824,2014-10-10,false,false,251
2015-08-14,16.47085189819336,18.936323165893555,2014-12-26,14.246066093444824,2014-10-10,false,false,251
2015-08-17,16.29378890991211,18.936323165893555,2014-12-26,14.246066093444824,2014-10-10,false,false,251
2015-08-18,15.887850761413574,18.936323165893555,2014-12-26,14.246066093444824,2014-10-10,false,false,251
2015-08-19,15.741016387939453,18.936323165893555,2014-12-26,14.246066093444824,2014-10-10,false,false,251
2015-08-20,15.680561065673828,18.936323165893555,2014-12-26,14.246066093444824,2014-10-10,false,false,251
2015-08-21,15.909441947937012,18.936323165893555,2014-12-26,14.246066093444824,2014-10-10,false,false,251
2015-08-24,15.753973007202148,18.936323165893555,2014-12-26,14.246066093444824,2014-10-10,false,false,251
2015-08-25,15.192566871643066,18.936323165893555,2014-12-26,14.246066093444824,2014-10-10,false,false,251
2015-08-26,15.494865417480469,18.936323165893555,2014-12-26,14.246066093444824,2014-10-10,false,false,251
2015-08-27,15.866255760192871,18.936323165893555,2014-12-26,14.246066093444824,2014-10-10,false,false,251
2015-08-28,16.12104606628418,18.936323165893555,2014-12-26,14.246066093444824,2014-10-10,false,false,251
2015-08-31,16.43198013305664,18.936323165893555,2014-12-26,14.246066093444824,2014-10-10,false,false,251
2015-09-01,16.237648010253906,18.936323165893555,2014-12-26,14.246066093444824,2014-10-10,false,false,252
2015-09-02,16.587448120117188,18.936323165893555,2014-12-26,14.246066093444824,2014-10-10,false,false,252
2015-09-03,16.4103946685791,18.936323165893555,2014-12-26,14.246066093444824,2014-10-10,false,false,252
2015-09-04,16.354248046875,18.936323165893555,2014-12-26,14.246066093444824,2014-10-10,false,false,252
2015-09-08,16.501079559326172,18.936323165893555,2014-12-26,14.246066093444824,2014-10-10,false,false,251
2015-09-09,16.324012756347656,18.936323165893555,2014-12-26,14.246066093444824,2014-10-10,false,false,251
2015-09-10,16.401752471923828,18.936323165893555,2014-12-26,14.246066093444824,2014-10-10,false,false,251
2015-09-11,16.43630599975586,18.936323165893555,2014-12-26,14.246066093444824,2014-10-10,false,false,251
2015-09-14,16.345611572265625,18.936323165893555,2014-12-26,14.246066093444824,2014-10-10,false,false,251
2015-09-15,16.453571319580078,18.936323165893555,2014-12-26,14.246066093444824,2014-10-10,false,false,251
2015-09-16,16.72416877746582,18.936323165893555,2014-12-26,14.246066093444824,2014-10-10,false,false,251
2015-09-17,16.73725700378418,18.936323165893555,2014-12-26,14.246066093444824,2014-10-10,false,false,251
2015-09-18,16.51030921936035,18.936323165893555,2014-12-26,14.246066093444824,2014-10-10,false,false,251
2015-09-21,16.588871002197266,18.936323165893555,2014-12-26,14.246066093444824,2014-10-10,false,false,251
2015-09-22,16.462305068969727,18.936323165893555,2014-12-26,14.246066093444824,2014-10-10,false,false,251
2015-09-23,16.47102928161621,18.936323165893555,2014-12-26,14.246066093444824,2014-10-10,false,false,251
2015-09-24,16.780902862548828,18.936323165893555,2014-12-26,14.246066093444824,2014-10-10,false,false,251
2015-09-25,16.715435028076172,18.936323165893555,2014-12-26,14.246066093444824,2014-10-10,false,false,251
2015-09-28,16.4666690826416,18.936323165893555,2014-12-26,14.246066093444824,2014-10-10,false,false,251
2015-09-29,16.649974822998047,18.936323165893555,2014-12-26,14.246066093444824,2014-10-10,false,false,251
2015-09-30,16.802724838256836,18.936323165893555,2014-12-26,14.246066093444824,2014-10-10,false,false,251
2015-10-01,16.72416877746582,18.936323165893555,2014-12-26,14.246066093444824,2014-10-10,false,false,251
2015-10-02,16.82454490661621,18.936323165893555,2014-12-26,14.246066093444824,2014-10-10,false,false,251
2015-10-05,17.2958927154541,18.936323165893555,2014-12-26,14.246066093444824,2014-10-10,false,false,251
2015-10-06,17.221694946289062,18.936323165893555,2014-12-26,14.246066093444824,2014-10-10,false,false,251
2015-10-07,17.762874603271484,18.936323165893555,2014-12-26,14.246066093444824,2014-10-10,false,false,251
2015-10-08,18.029102325439453,18.936323165893555,2014-12-26,14.246066093444824,2014-10-10,false,false,251
2015-10-09,17.99854850769043,18.936323165893555,2014-12-26,14.246066093444824,2014-10-10,false,false,251
2015-10-12,17.981094360351562,18.936323165893555,2014-12-26,14.246066093444824,2014-10-10,false,false,251
2015-10-13,17.823976516723633,18.936323165893555,2014-12-26,14.8945894241333,2015-07-24,false,false,251
2015-10-14,17.88507843017578,18.936323165893555,2014-12-26,14.8945894241333,2015-07-24,false,false,251
2015-10-15,18.00291633605957,18.936323165893555,2014-12-26,14.8945894241333,2015-07-24,false,false,251
2015-10-16,18.09893226623535,18.936323165893555,2014-12-26,14.8945894241333,2015-07-24,false,false,251
2015-10-19,17.924358367919922,18.936323165893555,2014-12-26,14.8945894241333,2015-07-24,false,false,251
2015-10-20,17.85016632080078,18.936323165893555,2014-12-26,14.8945894241333,2015-07-24,false,false,251
2015-10-21,17.89817237854004,18.936323165893555,2014-12-26,14.8945894241333,2015-07-24,false,false,251
2015-10-22,18.27350616455078,18.936323165893555,2014-12-26,14.8945894241333,2015-07-24,false,false,251
2015-10-23,18.587736129760742,18.936323165893555,2014-12-26,14.8945894241333,2015-07-24,false,false,251
2015-10-26,18.675029754638672,18.936323165893555,2014-12-26,14.8945894241333,2015-07-24,false,false,251
2015-10-27,17.8763484954834,18.936323165893555,2014-12-26,14.8945894241333,2015-07-24,false,false,251
2015-10-28,17.863256454467773,18.936323165893555,2014-12-26,14.8945894241333,2015-07-24,false,false,251
2015-10-29,18.068382263183594,18.936323165893555,2014-12-26,14.8945894241333,2015-07-24,false,false,251
2015-10-30,18.085845947265625,18.936323165893555,2014-12-26,14.8945894241333,2015-07-24,false,false,251
2015-11-02,18.234230041503906,18.936323165893555,2014-12-26,14.8945894241333,2015-07-24,false,false,251
2015-11-03,18.25168800354004,18.936323165893555,2014-12-26,14.8945894241333,2015-07-24,false,false,251
2015-11-04,18.033464431762695,18.936323165893555,2014-12-26,14.8945894241333,2015-07-24,false,false,251
2015-11-05,18.05965232849121,18.936323165893555,2014-12-26,14.8945894241333,2015-07-24,false,false,251
2015-11-06,18.055286407470703,18.936323165893555,2014-12-26,14.8945894241333,2015-07-24,false,false,251
2015-11-09,17.823976516723633,18.936323165893555,2014-12-26,14.8945894241333,2015-07-24,false,false,251
2015-11-10,17.49665069580078,18.936323165893555,2014-12-26,14.8945894241333,2015-07-24,false,false,251
2015-11-11,17.42245864868164,18.936323165893555,2014-12-26,14.8945894241333,2015-07-24,false,false,251
2015-11-12,17.06894874572754,18.936323165893555,2014-12-26,14.8945894241333,2015-07-24,false,false,251
2015-11-13,16.759078979492188,18.936323165893555,2014-12-26,14.8945894241333,2015-07-24,false,false,251
2015-11-16,16.702341079711914,18.936323165893555,2014-12-26,14.8945894241333,2015-07-24,false,false,251
2015-11-17,16.82018280029297,18.936323165893555,2014-12-26,14.8945894241333,2015-07-24,false,false,251
2015-11-18,17.24352264404297,18.936323165893555,2014-12-26,14.8945894241333,2015-07-24,false,false,251
2015-11-19,17.143138885498047,18.936323165893555,2014-12-26,14.8945894241333,2015-07-24,false,false,251
2015-11-20,17.43991470336914,18.936323165893555,2014-12-26,14.8945894241333,2015-07-24,false,false,251
2015-11-23,17.487924575805664,18.936323165893555,2014-12-26,14.8945894241333,2015-07-24,false,false,251
2015-11-24,17.88507843017578,18.936323165893555,2014-12-26,14.8945894241333,2015-07-24,false,false,251
2015-11-25,18.01601219177246,18.936323165893555,2014-12-26,14.8945894241333,2015-07-24,false,false,251
2015-11-27,17.8414363861084,18.936323165893555,2014-12-26,14.8945894241333,2015-07-24,false,false,251
2015-11-30,17.893808364868164,18.936323165893555,2014-12-26,14.8945894241333,2015-07-24,false,false,251
2015-12-01,18.343334197998047,18.936323165893555,2014-12-26,14.8945894241333,2015-07-24,false,false,251
2015-12-02,18.129484176635742,18.936323165893555,2014-12-26,14.8945894241333,2015-07-24,false,false,251
2015-12-03,17.920000076293945,18.936323165893555,2014-12-26,14.8945894241333,2015-07-24,false,false,251
2015-12-04,17.924358367919922,18.936323165893555,2014-12-26,14.8945894241333,2015-07-24,false,false,251
2015-12-07,17.640676498413086,18.936323165893555,2014-12-26,14.8945894241333,2015-07-24,false,false,251
2015-12-08,17.32207679748535,18.936323165893555,2014-12-26,14.8945894241333,2015-07-24,false,false,251
2015-12-09,17.361352920532227,18.936323165893555,2014-12-26,14.8945894241333,2015-07-24,false,false,251
2015-12-10,17.326444625854492,18.936323165893555,2014-12-26,14.8945894241333,2015-07-24,false,false,251
2015-12-11,16.64124298095703,18.936323165893555,2014-12-26,14.8945894241333,2015-07-24,false,false,251
2015-12-14,16.48412322998047,18.936323165893555,2014-12-26,14.8945894241333,2015-07-24,false,false,251
2015-12-15,16.558317184448242,18.936323165893555,2014-12-26,14.8945894241333,2015-07-24,false,false,251
2015-12-16,16.601966857910156,18.936323165893555,2014-12-26,14.8945894241333,2015-07-24,false,false,251
2015-12-17,16.43174934387207,18.936323165893555,2014-12-26,14.8945894241333,2015-07-24,false,false,251
2015-12-18,15.161730766296387,18.936323165893555,2014-12-26,14.8945894241333,2015-07-24,false,false,251
2015-12-21,15.615620613098145,18.936323165893555,2014-12-26,14.8945894241333,2015-07-24,false,false,251
2015-12-22,15.537060737609863,18.936323165893555,2014-12-26,14.8945894241333,2015-07-24,false,false,251
2015-12-23,15.628714561462402,18.936323165893555,2014-12-26,14.8945894241333,2015-07-24,false,false,251
2015-12-24,15.812013626098633,18.936323165893555,2014-12-26,14.8945894241333,2015-07-24,false,false,251
2015-12-28,16.03459930419922,18.936323165893555,2014-12-26,14.8945894241333,2015-07-24,false,false,251
2015-12-29,16.12188720703125,18.778127670288086,2014-12-30,14.8945894241333,2015-07-24,false,false,251
2015-12-30,15.94294548034668,18.778127670288086,2014-12-30,14.8945894241333,2015-07-24,false,false,251
2015-12-31,15.61125659942627,18.675029754638672,2015-10-26,14.8945894241333,2015-07-24,false,false,251
2016-01-04,14.947875022888184,18.675029754638672,2015-10-26,14.8945894241333,2015-07-24,false,false,251
2016-01-05,15.131175994873047,18.675029754638672,2015-10-26,14.8945894241333,2015-07-24,false,false,251
2016-01-06,15.087533950805664,18.675029754638672,2015-10-26,14.8945894241333,2015-07-24,false,false,251
2016-01-07,14.782029151916504,18.675029754638672,2015-10-26,14.782029151916504,2016-01-07,false,true,251
2016-01-08,15.166090965270996,18.675029754638672,2015-10-26,14.782029151916504,2016-01-07,false,false,251
2016-01-11,14.799488067626953,18.675029754638672,2015-10-26,14.782029151916504,2016-01-07,false,false,251
2016-01-12,14.9216890335083,18.675029754638672,2015-10-26,14.782029151916504,2016-01-07,false,false,251
2016-01-13,14.873679161071777,18.675029754638672,2015-10-26,14.782029151916504,2016-01-07,false,false,251
2016-01-14,15.139902114868164,18.675029754638672,2015-10-26,14.782029151916504,2016-01-07,false,false,251
2016-01-15,14.926054000854492,18.675029754638672,2015-10-26,14.782029151916504,2016-01-07,false,false,251
2016-01-19,14.926054000854492,18.675029754638672,2015-10-26,14.782029151916504,2016-01-07,false,false,251
2016-01-20,15.33630084991455,18.675029754638672,2015-10-26,14.782029151916504,2016-01-07,false,false,251
2016-01-21,15.144277572631836,18.675029754638672,2015-10-26,14.782029151916504,2016-01-07,false,false,251
2016-01-22,15.515241622924805,18.675029754638672,2015-10-26,14.782029151916504,2016-01-07,false,false,251
2016-01-25,14.91732406616211,18.675029754638672,2015-10-26,14.782029151916504,2016-01-07,false,false,251
2016-01-26,15.563248634338379,18.675029754638672,2015-10-26,14.782029151916504,2016-01-07,false,false,251
2016-01-27,15.06571102142334,18.675029754638672,2015-10-26,14.782029151916504,2016-01-07,false,false,251
2016-01-28,15.410494804382324,18.675029754638672,2015-10-26,14.782029151916504,2016-01-07,false,false,251
2016-01-29,16.353195190429688,18.675029754638672,2015-10-26,14.782029151916504,2016-01-07,false,false,251
2016-02-01,16.06951332092285,18.675029754638672,2015-10-26,14.782029151916504,2016-01-07,false,false,251
2016-02-02,15.550154685974121,18.675029754638672,2015-10-26,14.782029151916504,2016-01-07,false,false,251
2016-02-03,15.92548942565918,18.675029754638672,2015-10-26,14.782029151916504,2016-01-07,false,false,251
2016-02-04,15.606889724731445,18.675029754638672,2015-10-26,14.782029151916504,2016-01-07,false,false,251
2016-02-05,15.135542869567871,18.675029754638672,2015-10-26,14.782029151916504,2016-01-07,false,false,251
2016-02-08,15.393036842346191,18.675029754638672,2015-10-26,14.782029151916504,2016-01-07,false,false,251
2016-02-09,15.414861679077148,18.675029754638672,2015-10-26,14.782029151916504,2016-01-07,false,false,251
2016-02-10,14.864953994750977,18.675029754638672,2015-10-26,14.782029151916504,2016-01-07,false,false,251
2016-02-11,14.66419506072998,18.675029754638672,2015-10-26,14.66419506072998,2016-02-11,false,true,251
2016-02-12,14.851858139038086,18.675029754638672,2015-10-26,14.66419506072998,2016-02-11,false,false,251
2016-02-16,15.070076942443848,18.675029754638672,2015-10-26,14.66419506072998,2016-02-11,false,false,251
2016-02-17,14.886774063110352,18.675029754638672,2015-10-26,14.66419506072998,2016-02-11,false,false,251
2016-02-18,14.175386428833008,18.675029754638672,2015-10-26,14.175386428833008,2016-02-18,false,true,251
2016-02-19,13.922256469726562,18.675029754638672,2015-10-26,13.922256469726562,2016-02-19,false,true,251
2016-02-22,13.987720489501953,18.675029754638672,2015-10-26,13.922256469726562,2016-02-19,false,false,251
2016-02-23,13.734587669372559,18.675029754638672,2015-10-26,13.734587669372559,2016-02-23,false,true,251
2016-02-24,13.865517616271973,18.675029754638672,2015-10-26,13.734587669372559,2016-02-23,false,false,251
2016-02-25,13.398534774780273,18.675029754638672,2015-10-26,13.398534774780273,2016-02-25,false,true,251
2016-02-26,13.577470779418945,18.675029754638672,2015-10-26,13.398534774780273,2016-02-25,false,false,251
2016-02-29,13.957170486450195,18.675029754638672,2015-10-26,13.398534774780273,2016-02-25,false,false,251
2016-03-01,13.992083549499512,18.675029754638672,2015-10-26,13.398534774780273,2016-02-25,false,false,251
2016-03-02,14.18411636352539,18.675029754638672,2015-10-26,13.398534774780273,2016-02-25,false,false,251
2016-03-03,14.764575958251953,18.675029754638672,2015-10-26,13.398534774780273,2016-02-25,false,false,251
2016-03-04,14.275769233703613,18.675029754638672,2015-10-26,13.398534774780273,2016-02-25,false,false,251
2016-03-07,14.821309089660645,18.675029754638672,2015-10-26,13.398534774780273,2016-02-25,false,false,251
2016-03-08,14.786394119262695,18.675029754638672,2015-10-26,13.398534774780273,2016-02-25,false,false,251
2016-03-09,14.838768005371094,18.675029754638672,2015-10-26,13.398534774780273,2016-02-25,false,false,251
2016-03-10,14.651100158691406,18.675029754638672,2015-10-26,13.398534774780273,2016-02-25,false,false,251
2016-03-11,14.952240943908691,18.675029754638672,2015-10-26,13.398534774780273,2016-02-25,false,false,251
2016-03-14,15.056985855102539,18.675029754638672,2015-10-26,13.398534774780273,2016-02-25,false,false,251
2016-03-15,14.895503997802734,18.675029754638672,2015-10-26,13.398534774780273,2016-02-25,false,false,251
2016-03-16,14.9216890335083,18.675029754638672,2015-10-26,13.398534774780273,2016-02-25,false,false,251
2016-03-17,15.227190017700195,18.675029754638672,2015-10-26,13.398534774780273,2016-02-25,false,false,251
2016-03-18,15.768369674682617,18.675029754638672,2015-10-26,13.398534774780273,2016-02-25,false,false,251
2016-03-21,15.489055633544922,18.675029754638672,2015-10-26,13.398534774780273,2016-02-25,false,false,251
2016-03-22,15.462573051452637,18.675029754638672,2015-10-26,13.398534774780273,2016-02-25,false,false,251
2016-03-23,15.219794273376465,18.675029754638672,2015-10-26,13.398534774780273,2016-02-25,false,false,251
2016-03-24,15.462573051452637,18.675029754638672,2015-10-26,13.398534774780273,2016-02-25,false,false,251
2016-03-28,15.40518569946289,18.675029754638672,2015-10-26,13.398534774780273,2016-02-25,false,false,250
2016-03-29,15.89956283569336,18.675029754638672,2015-10-26,13.398534774780273,2016-02-25,false,false,250
2016-03-30,15.939294815063477,18.675029754638672,2015-10-26,13.398534774780273,2016-02-25,false,false,250
2016-03-31,15.930461883544922,18.675029754638672,2015-10-26,13.398534774780273,2016-02-25,false,false,250
2016-04-01,16.398359298706055,18.675029754638672,2015-10-26,13.398534774780273,2016-02-25,false,false,250
2016-04-04,16.23944854736328,18.675029754638672,2015-10-26,13.398534774780273,2016-02-25,false,false,251
2016-04-05,15.983429908752441,18.675029754638672,2015-10-26,13.398534774780273,2016-02-25,false,false,251
2016-04-06,16.093786239624023,18.675029754638672,2015-10-26,13.398534774780273,2016-02-25,false,false,251
2016-04-07,16.146757125854492,18.675029754638672,2015-10-26,13.398534774780273,2016-02-25,false,false,251
2016-04-08,16.645549774169922,18.675029754638672,2015-10-26,13.398534774780273,2016-02-25,false,false,251
2016-04-11,16.786800384521484,18.675029754638672,2015-10-26,13.398534774780273,2016-02-25,false,false,251
2016-04-12,17.16199493408203,18.675029754638672,2015-10-26,13.398534774780273,2016-02-25,false,false,251
2016-04-13,17.31648826599121,18.675029754638672,2015-10-26,13.398534774780273,2016-02-25,false,false,251
2016-04-14,17.519540786743164,18.675029754638672,2015-10-26,13.398534774780273,2016-02-25,false,false,251
2016-04-15,17.40035629272461,18.675029754638672,2015-10-26,13.398534774780273,2016-02-25,false,false,251
2016-04-18,17.493053436279297,18.675029754638672,2015-10-26,13.398534774780273,2016-02-25,false,false,251
2016-04-19,17.23261833190918,18.675029754638672,2015-10-26,13.398534774780273,2016-02-25,false,false,251
2016-04-20,17.08695411682129,18.675029754638672,2015-10-26,13.398534774780273,2016-02-25,false,false,251
2016-04-21,17.391530990600586,18.675029754638672,2015-10-26,13.398534774780273,2016-02-25,false,false,251
2016-04-22,17.391530990600586,18.675029754638672,2015-10-26,13.398534774780273,2016-02-25,false,false,251
2016-04-25,17.267934799194336,18.675029754638672,2015-10-26,13.398534774780273,2016-02-25,false,false,251
2016-04-26,17.651962280273438,18.675029754638672,2015-10-26,13.398534774780273,2016-02-25,false,false,251
2016-04-27,17.612232208251953,18.675029754638672,2015-10-26,13.398534774780273,2016-02-25,false,false,251
2016-04-28,16.99867057800293,18.675029754638672,2015-10-26,13.398534774780273,2016-02-25,false,false,251
2016-04-29,17.272350311279297,18.675029754638672,2015-10-26,13.398534774780273,2016-02-25,false,false,251
2016-05-02,17.294424057006836,18.675029754638672,2015-10-26,13.398534774780273,2016-02-25,false,false,251
2016-05-03,17.21055030822754,18.675029754638672,2015-10-26,13.398534774780273,2016-02-25,false,false,251
2016-05-04,17.1884822845459,18.675029754638672,2015-10-26,13.398534774780273,2016-02-25,false,false,251
2016-05-05,17.192893981933594,18.675029754638672,2015-10-26,13.398534774780273,2016-02-25,false,false,251
2016-05-06,17.095781326293945,18.675029754638672,2015-10-26,13.398534774780273,2016-02-25,false,false,251
2016-05-09,17.568092346191406,18.675029754638672,2015-10-26,13.398534774780273,2016-02-25,false,false,251
2016-05-10,17.35179901123047,18.675029754638672,2015-10-26,13.398534774780273,2016-02-25,false,false,251
2016-05-11,17.1046085357666,18.675029754638672,2015-10-26,13.398534774780273,2016-02-25,false,false,251
2016-05-12,16.804454803466797,18.675029754638672,2015-10-26,13.398534774780273,2016-02-25,false,false,251
2016-05-13,17.029573440551758,18.675029754638672,2015-10-26,13.398534774780273,2016-02-25,false,false,251
2016-05-16,17.1884822845459,18.675029754638672,2015-10-26,13.398534774780273,2016-02-25,false,false,251
2016-05-17,16.725000381469727,18.675029754638672,2015-10-26,13.398534774780273,2016-02-25,false,false,251
2016-05-18,16.83535385131836,18.675029754638672,2015-10-26,13.398534774780273,2016-02-25,false,false,251
2016-05-19,16.888322830200195,18.675029754638672,2015-10-26,13.398534774780273,2016-02-25,false,false,251
2016-05-20,17.04281997680664,18.675029754638672,2015-10-26,13.398534774780273,2016-02-25,false,false,251
2016-05-23,17.117855072021484,18.675029754638672,2015-10-26,13.398534774780273,2016-02-25,false,false,251
2016-05-24,17.784385681152344,18.675029754638672,2015-10-26,13.398534774780273,2016-02-25,false,false,252
2016-05-25,17.793210983276367,18.675029754638672,2015-10-26,13.398534774780273,2016-02-25,false,false,252
2016-05-26,17.484222412109375,18.675029754638672,2015-10-26,13.398534774780273,2016-02-25,false,false,252
2016-05-27,17.44449806213379,18.675029754638672,2015-10-26,13.398534774780273,2016-02-25,false,false,252
2016-05-31,17.223793029785156,18.675029754638672,2015-10-26,13.398534774780273,2016-02-25,false,false,251
2016-06-01,17.537193298339844,18.675029754638672,2015-10-26,13.398534774780273,2016-02-25,false,false,251
2016-06-02,19.02474594116211,19.02474594116211,2016-06-02,13.398534774780273,2016-02-25,true,false,251
2016-06-03,19.333730697631836,19.333730697631836,2016-06-03,13.398534774780273,2016-02-25,true,false,251
2016-06-06,19.329320907592773,19.333730697631836,2016-06-03,13.398534774780273,2016-02-25,false,false,251
2016-06-07,19.50588035583496,19.50588035583496,2016-06-07,13.398534774780273,2016-02-25,true,false,251
2016-06-08,19.554433822631836,19.554433822631836,2016-06-08,13.398534774780273,2016-02-25,true,false,251
2016-06-09,19.50588035583496,19.554433822631836,2016-06-08,13.398534774780273,2016-02-25,false,false,251
2016-06-10,19.607397079467773,19.607397079467773,2016-06-10,13.398534774780273,2016-02-25,true,false,251
2016-06-13,19.294002532958984,19.607397079467773,2016-06-10,13.398534774780273,2016-02-25,false,false,251
2016-06-14,19.28517723083496,19.607397079467773,2016-06-10,13.398534774780273,2016-02-25,false,false,251
2016-06-15,19.210134506225586,19.607397079467773,2016-06-10,13.398534774780273,2016-02-25,false,false,251
2016-06-16,18.958532333374023,19.607397079467773,2016-06-10,13.398534774780273,2016-02-25,false,false,251
2016-06-17,18.804040908813477,19.607397079467773,2016-06-10,13.398534774780273,2016-02-25,false,false,251
2016-06-20,18.8967342376709,19.607397079467773,2016-06-10,13.398534774780273,2016-02-25,false,false,251
2016-06-21,18.834936141967773,19.607397079467773,2016-06-10,13.398534774780273,2016-02-25,false,false,251
2016-06-22,18.68486213684082,19.607397079467773,2016-06-10,13.398534774780273,2016-02-25,false,false,251
2016-06-23,19.020326614379883,19.607397079467773,2016-06-10,13.398534774780273,2016-02-25,false,false,251
2016-06-24,18.71575927734375,19.607397079467773,2016-06-10,13.398534774780273,2016-02-25,false,false,251
2016-06-27,18.287588119506836,19.607397079467773,2016-06-10,13.398534774780273,2016-02-25,false,false,251
2016-06-28,18.21254539489746,19.607397079467773,2016-06-10,13.398534774780273,2016-02-25,false,false,251
2016-06-29,18.773141860961914,19.607397079467773,2016-06-10,13.398534774780273,2016-02-25,false,false,251
2016-06-30,19.16158103942871,19.607397079467773,2016-06-10,13.398534774780273,2016-02-25,false,false,251
2016-07-01,19.16158103942871,19.607397079467773,2016-06-10,13.398534774780273,2016-02-25,false,false,251
2016-07-05,18.87024688720703,19.607397079467773,2016-06-10,13.398534774780273,2016-02-25,false,false,251
2016-07-06,18.909975051879883,19.607397079467773,2016-06-10,13.398534774780273,2016-02-25,false,false,251
2016-07-07,18.724584579467773,19.607397079467773,2016-06-10,13.398534774780273,2016-02-25,false,false,251
2016-07-08,19.152753829956055,19.607397079467773,2016-06-10,13.398534774780273,2016-02-25,false,false,251
2016-07-11,19.38228416442871,19.607397079467773,2016-06-10,13.398534774780273,2016-02-25,false,false,251
2016-07-12,19.66037368774414,19.66037368774414,2016-07-12,13.398534774780273,2016-02-25,true,false,251
2016-07-13,19.76189613342285,19.76189613342285,2016-07-13,13.398534774780273,2016-02-25,true,false,251
2016-07-14,19.691272735595703,19.76189613342285,2016-07-13,13.398534774780273,2016-02-25,false,false,251
2016-07-15,19.717754364013672,19.76189613342285,2016-07-13,13.398534774780273,2016-02-25,false,false,251
2016-07-18,19.55885124206543,19.76189613342285,2016-07-13,13.398534774780273,2016-02-25,false,false,251
2016-07-19,19.41759490966797,19.76189613342285,2016-07-13,13.398534774780273,2016-02-25,false,false,251
2016-07-20,19.439672470092773,19.76189613342285,2016-07-13,13.398534774780273,2016-02-25,false,false,251
2016-07-21,19.302833557128906,19.76189613342285,2016-07-13,13.398534774780273,2016-02-25,false,false,251
2016-07-22,19.28958511352539,19.76189613342285,2016-07-13,13.398534774780273,2016-02-25,false,false,251
2016-07-25,19.302833557128906,19.76189613342285,2016-07-13,13.398534774780273,2016-02-25,false,false,251
2016-07-26,19.117441177368164,19.76189613342285,2016-07-13,13.398534774780273,2016-02-25,false,false,251
2016-07-27,19.36021614074707,19.76189613342285,2016-07-13,13.398534774780273,2016-02-25,false,false,251
2016-07-28,19.0865421295166,19.76189613342285,2016-07-13,13.398534774780273,2016-02-25,false,false,251
2016-07-29,18.86583709716797,19.76189613342285,2016-07-13,13.398534774780273,2016-02-25,false,false,251
2016-08-01,18.60981559753418,19.76189613342285,2016-07-13,13.398534774780273,2016-02-25,false,false,251
2016-08-02,18.6451358795166,19.76189613342285,2016-07-13,13.398534774780273,2016-02-25,false,false,251
2016-08-03,18.623058319091797,19.76189613342285,2016-07-13,13.398534774780273,2016-02-25,false,false,251
2016-08-04,19.0865421295166,19.76189613342285,2016-07-13,13.398534774780273,2016-02-25,false,false,251
2016-08-05,19.346975326538086,19.76189613342285,2016-07-13,13.398534774780273,2016-02-25,false,false,251
2016-08-08,19.38228416442871,19.76189613342285,2016-07-13,13.398534774780273,2016-02-25,false,false,251
2016-08-09,19.50588035583496,19.76189613342285,2016-07-13,13.398534774780273,2016-02-25,false,false,251
2016-08-10,19.567676544189453,19.76189613342285,2016-07-13,13.398534774780273,2016-02-25,false,false,251
2016-08-11,19.364627838134766,19.76189613342285,2016-07-13,13.398534774780273,2016-02-25,false,false,251
2016-08-12,19.143924713134766,19.76189613342285,2016-07-13,13.398534774780273,2016-02-25,false,false,251
2016-08-15,19.192476272583008,19.76189613342285,2016-07-13,13.398534774780273,2016-02-25,false,false,251
2016-08-16,19.090951919555664,19.76189613342285,2016-07-13,13.398534774780273,2016-02-25,false,false,251
2016-08-17,18.971773147583008,19.76189613342285,2016-07-13,13.398534774780273,2016-02-25,false,false,251
2016-08-18,19.258689880371094,19.76189613342285,2016-07-13,13.398534774780273,2016-02-25,false,false,251
2016-08-19,19.4484920501709,19.76189613342285,2016-07-13,13.398534774780273,2016-02-25,false,false,251
2016-08-22,19.514711380004883,19.76189613342285,2016-07-13,13.398534774780273,2016-02-25,false,false,251
2016-08-23,19.49263572692871,19.76189613342285,2016-07-13,13.398534774780273,2016-02-25,false,false,251
2016-08-24,19.55885124206543,19.76189613342285,2016-07-13,13.398534774780273,2016-02-25,false,false,251
2016-08-25,19.647130966186523,19.76189613342285,2016-07-13,13.398534774780273,2016-02-25,false,false,251
2016-08-26,19.408771514892578,19.76189613342285,2016-07-13,13.398534774780273,2016-02-25,false,false,251
2016-08-29,19.589750289916992,19.76189613342285,2016-07-13,13.398534774780273,2016-02-25,false,false,251
2016-08-30,19.589750289916992,19.76189613342285,2016-07-13,13.398534774780273,2016-02-25,false,false,251
2016-08-31,19.28076171875,19.76189613342285,2016-07-13,13.398534774780273,2016-02-25,false,false,251
2016-09-01,19.399944305419922,19.76189613342285,2016-07-13,13.398534774780273,2016-02-25,false,false,251
2016-09-02,19.439672470092773,19.76189613342285,2016-07-13,13.398534774780273,2016-02-25,false,false,251
2016-09-06,19.258689880371094,19.76189613342285,2016-07-13,13.398534774780273,2016-02-25,false,false,251
2016-09-07,19.355798721313477,19.76189613342285,2016-07-13,13.398534774780273,2016-02-25,false,false,251
2016-09-08,19.29842185974121,19.76189613342285,2016-07-13,13.398534774780273,2016-02-25,false,false,251
2016-09-09,18.5656795501709,19.76189613342285,2016-07-13,13.398534774780273,2016-02-25,false,false,251
2016-09-12,18.773141860961914,19.76189613342285,2016-07-13,13.398534774780273,2016-02-25,false,false,251
2016-09-13,18.327312469482422,19.76189613342285,2016-07-13,13.398534774780273,2016-02-25,false,false,251
2016-09-14,18.556848526000977,19.76189613342285,2016-07-13,13.398534774780273,2016-02-25,false,false,251
2016-09-15,18.66278648376465,19.76189613342285,2016-07-13,13.398534774780273,2016-02-25,false,false,251
2016-09-16,18.587745666503906,19.76189613342285,2016-07-13,13.398534774780273,2016-02-25,false,false,251
2016-09-19,18.54360580444336,19.76189613342285,2016-07-13,13.398534774780273,2016-02-25,false,false,251
2016-09-20,18.27876091003418,19.76189613342285,2016-07-13,13.398534774780273,2016-02-25,false,false,251
2016-09-21,18.862930297851562,19.76189613342285,2016-07-13,13.398534774780273,2016-02-25,false,false,251
2016-09-22,19.072519302368164,19.76189613342285,2016-07-13,13.398534774780273,2016-02-25,false,false,251
2016-09-23,18.952123641967773,19.76189613342285,2016-07-13,13.398534774780273,2016-02-25,false,false,251
2016-09-26,18.929824829101562,19.76189613342285,2016-07-13,13.398534774780273,2016-02-25,false,false,251
2016-09-27,19.06806182861328,19.76189613342285,2016-07-13,13.398534774780273,2016-02-25,false,false,251
2016-09-28,19.130495071411133,19.76189613342285,2016-07-13,13.398534774780273,2016-02-25,false,false,251
2016-09-29,18.938739776611328,19.76189613342285,2016-07-13,13.398534774780273,2016-02-25,false,false,251
2016-09-30,19.32224464416504,19.76189613342285,2016-07-13,13.398534774780273,2016-02-25,false,false,251
2016-10-03,19.20184326171875,19.76189613342285,2016-07-13,13.398534774780273,2016-02-25,false,false,251
2016-10-04,18.934282302856445,19.76189613342285,2016-07-13,13.398534774780273,2016-02-25,false,false,251
2016-10-05,18.898605346679688,19.76189613342285,2016-07-13,13.398534774780273,2016-02-25,false,false,251
2016-10-06,19.005630493164062,19.76189613342285,2016-07-13,13.398534774780273,2016-02-25,false,false,251
2016-10-07,18.845094680786133,19.76189613342285,2016-07-13,13.398534774780273,2016-02-25,false,false,251
2016-10-10,19.1973819732666,19.76189613342285,2016-07-13,13.398534774780273,2016-02-25,false,false,251
2016-10-11,18.773746490478516,19.76189613342285,2016-07-13,13.398534774780273,2016-02-25,false,false,251
2016-10-12,18.885229110717773,19.76189613342285,2016-07-13,13.398534774780273,2016-02-25,false,false,251
2016-10-13,18.32781410217285,19.76189613342285,2016-07-13,13.398534774780273,2016-02-25,false,false,251
2016-10-14,18.350112915039062,19.76189613342285,2016-07-13,13.398534774780273,2016-02-25,false,false,251
2016-10-17,18.461589813232422,19.76189613342285,2016-07-13,13.398534774780273,2016-02-25,false,false,251
2016-10-18,18.350112915039062,19.76189613342285,2016-07-13,13.398534774780273,2016-02-25,false,false,251
2016-10-19,18.573078155517578,19.76189613342285,2016-07-13,13.398534774780273,2016-02-25,false,false,251
2016-10-20,18.550779342651367,19.76189613342285,2016-07-13,13.398534774780273,2016-02-25,false,false,251
2016-10-21,18.350112915039062,19.76189613342285,2016-07-13,13.398534774780273,2016-02-25,false,false,251
2016-10-24,18.506189346313477,19.76189613342285,2016-07-13,13.398534774780273,2016-02-25,false,false,251
2016-10-25,18.260929107666016,19.76189613342285,2016-07-13,13.398534774780273,2016-02-25,false,false,251
2016-10-26,17.92647933959961,19.76189613342285,2016-07-13,13.398534774780273,2016-02-25,false,false,251
2016-10-27,17.83729362487793,19.76189613342285,2016-07-13,13.398534774780273,2016-02-25,false,false,251
2016-10-28,17.725807189941406,19.76189613342285,2016-07-13,13.398534774780273,2016-02-25,false,false,251
2016-10-31,17.993362426757812,19.76189613342285,2016-07-13,13.398534774780273,2016-02-25,false,false,251
2016-11-01,17.636619567871094,19.76189613342285,2016-07-13,13.398534774780273,2016-02-25,false,false,251
2016-11-02,17.658912658691406,19.76189613342285,2016-07-13,13.398534774780273,2016-02-25,false,false,251
2016-11-03,17.770395278930664,19.76189613342285,2016-07-13,13.398534774780273,2016-02-25,false,false,251
2016-11-04,17.770395278930664,19.76189613342285,2016-07-13,13.398534774780273,2016-02-25,false,false,251
2016-11-07,18.394702911376953,19.76189613342285,2016-07-13,13.398534774780273,2016-02-25,false,false,251
2016-11-08,18.32781410217285,19.76189613342285,2016-07-13,13.398534774780273,2016-02-25,false,false,251
2016-11-09,18.84063720703125,19.76189613342285,2016-07-13,13.398534774780273,2016-02-25,false,false,251
2016-11-10,19.331157684326172,19.76189613342285,2016-07-13,13.398534774780273,2016-02-25,false,false,251
2016-11-11,20.06694984436035,20.06694984436035,2016-11-11,13.398534774780273,2016-02-25,true,false,251
2016-11-14,20.022356033325195,20.06694984436035,2016-11-11,13.398534774780273,2016-02-25,false,false,251
2016-11-15,20.42369842529297,20.42369842529297,2016-11-15,13.398534774780273,2016-02-25,true,false,251
2016-11-16,19.732498168945312,20.42369842529297,2016-11-15,13.398534774780273,2016-02-25,false,false,251
2016-11-17,20.06694984436035,20.42369842529297,2016-11-15,13.398534774780273,2016-02-25,false,false,251
2016-11-18,20.40140151977539,20.42369842529297,2016-11-15,13.398534774780273,2016-02-25,false,false,251
2016-11-21,20.64666175842285,20.64666175842285,2016-11-21,13.398534774780273,2016-02-25,true,false,251
2016-11-22,21.471637725830078,21.471637725830078,2016-11-22,13.398534774780273,2016-02-25,true,false,251
2016-11-23,21.360157012939453,21.471637725830078,2016-11-22,13.398534774780273,2016-02-25,false,false,251
2016-11-25,21.15948486328125,21.471637725830078,2016-11-22,13.398534774780273,2016-02-25,false,false,251
2016-11-28,21.650012969970703,21.650012969970703,2016-11-28,13.398534774780273,2016-02-25,true,false,251
2016-11-29,21.560821533203125,21.650012969970703,2016-11-28,13.398534774780273,2016-02-25,false,false,251
2016-11-30,21.650012969970703,21.650012969970703,2016-11-30,13.398534774780273,2016-02-25,true,false,251
2016-12-01,21.60542106628418,21.650012969970703,2016-11-30,13.398534774780273,2016-02-25,false,false,251
2016-12-02,21.471637725830078,21.650012969970703,2016-11-30,13.398534774780273,2016-02-25,false,false,251
2016-12-05,22.252017974853516,22.252017974853516,2016-12-05,13.398534774780273,2016-02-25,true,false,251
2016-12-06,22.89861488342285,22.89861488342285,2016-12-06,13.398534774780273,2016-02-25,true,false,251
2016-12-07,23.456037521362305,23.456037521362305,2016-12-07,13.398534774780273,2016-02-25,true,false,251
2016-12-08,23.63441276550293,23.63441276550293,2016-12-08,13.398534774780273,2016-02-25,true,false,251
2016-12-09,24.169527053833008,24.169527053833008,2016-12-09,13.398534774780273,2016-02-25,true,false,251
2016-12-12,24.2141170501709,24.2141170501709,2016-12-12,13.398534774780273,2016-02-25,true,false,251
2016-12-13,23.589815139770508,24.2141170501709,2016-12-12,13.398534774780273,2016-02-25,false,false,251
2016-12-14,23.389148712158203,24.2141170501709,2016-12-12,13.398534774780273,2016-02-25,false,false,251
2016-12-15,23.679000854492188,24.2141170501709,2016-12-12,13.398534774780273,2016-02-25,false,false,251
2016-12-16,23.233070373535156,24.2141170501709,2016-12-12,13.398534774780273,2016-02-25,false,false,251
2016-12-19,23.679000854492188,24.2141170501709,2016-12-12,13.398534774780273,2016-02-25,false,false,251
2016-12-20,23.857376098632812,24.2141170501709,2016-12-12,13.398534774780273,2016-02-25,false,false,251
2016-12-21,23.946557998657227,24.2141170501709,2016-12-12,13.398534774780273,2016-02-25,false,false,251
2016-12-22,23.8350772857666,24.2141170501709,2016-12-12,13.398534774780273,2016-02-25,false,false,251
2016-12-23,23.968856811523438,24.2141170501709,2016-12-12,13.398534774780273,2016-02-25,false,false,251
2016-12-27,24.124937057495117,24.2141170501709,2016-12-12,13.398534774780273,2016-02-25,false,false,251
2016-12-28,24.124937057495117,24.2141170501709,2016-12-12,13.398534774780273,2016-02-25,false,false,251
2016-12-29,24.19182014465332,24.2141170501709,2016-12-12,13.398534774780273,2016-02-25,false,false,251
2016-12-30,24.05804443359375,24.2141170501709,2016-12-12,13.398534774780273,2016-02-25,false,false,251
2017-01-03,23.968856811523438,24.2141170501709,2016-12-12,13.398534774780273,2016-02-25,false,false,251
2017-01-04,24.080339431762695,24.2141170501709,2016-12-12,13.398534774780273,2016-02-25,false,false,251
2017-01-05,23.946557998657227,24.2141170501709,2016-12-12,13.398534774780273,2016-02-25,false,false,251
2017-01-06,23.92426872253418,24.2141170501709,2016-12-12,13.398534774780273,2016-02-25,false,false,251
2017-01-09,23.545217514038086,24.2141170501709,2016-12-12,13.398534774780273,2016-02-25,false,false,251
2017-01-10,23.723600387573242,24.2141170501709,2016-12-12,13.398534774780273,2016-02-25,false,false,251
2017-01-11,23.857376098632812,24.2141170501709,2016-12-12,13.398534774780273,2016-02-25,false,false,251
2017-01-12,23.8350772857666,24.2141170501709,2016-12-12,13.398534774780273,2016-02-25,false,false,251
2017-01-13,24.05804443359375,24.2141170501709,2016-12-12,13.398534774780273,2016-02-25,false,false,251
2017-01-17,23.299959182739258,24.2141170501709,2016-12-12,13.398534774780273,2016-02-25,false,false,251
2017-01-18,23.812780380249023,24.2141170501709,2016-12-12,13.398534774780273,2016-02-25,false,false,251
2017-01-19,23.299959182739258,24.2141170501709,2016-12-12,13.398534774780273,2016-02-25,false,false,251
2017-01-20,23.50062370300293,24.2141170501709,2016-12-12,13.398534774780273,2016-02-25,false,false,251
2017-01-23,23.389148712158203,24.2141170501709,2016-12-12,13.398534774780273,2016-02-25,false,false,251
2017-01-24,24.01344871520996,24.2141170501709,2016-12-12,13.398534774780273,2016-02-25,false,false,251
2017-01-25,24.39249038696289,24.39249038696289,2017-01-25,13.398534774780273,2016-02-25,true,false,251
2017-01-26,24.080339431762695,24.39249038696289,2017-01-25,13.398534774780273,2016-02-25,false,false,251
2017-01-27,24.01344871520996,24.39249038696289,2017-01-25,13.398534774780273,2016-02-25,false,false,251
2017-01-30,23.456037521362305,24.39249038696289,2017-01-25,13.398534774780273,2016-02-25,false,false,251
2017-01-31,23.92426872253418,24.39249038696289,2017-01-25,13.398534774780273,2016-02-25,false,false,251
2017-02-01,23.8350772857666,24.39249038696289,2017-01-25,13.398534774780273,2016-02-25,false,false,251
2017-02-02,23.166179656982422,24.39249038696289,2017-01-25,13.398534774780273,2016-02-25,false,false,251
2017-02-03,23.322256088256836,24.39249038696289,2017-01-25,13.398534774780273,2016-02-25,false,false,251
2017-02-06,23.054697036743164,24.39249038696289,2017-01-25,13.398534774780273,2016-02-25,false,false,251
2017-02-07,22.38579559326172,24.39249038696289,2017-01-25,13.398534774780273,2016-02-25,false,false,251
2017-02-08,22.09593963623047,24.39249038696289,2017-01-25,13.398534774780273,2016-02-25,false,false,251
2017-02-09,22.49728012084961,24.39249038696289,2017-01-25,13.398534774780273,2016-02-25,false,false,251
2017-02-10,22.92091941833496,24.39249038696289,2017-01-25,13.398534774780273,2016-02-25,false,false,251
2017-02-13,22.831735610961914,24.39249038696289,2017-01-25,13.398534774780273,2016-02-25,false,false,251
2017-02-14,22.6087646484375,24.39249038696289,2017-01-25,13.398534774780273,2016-02-25,false,false,252
2017-02-15,22.854026794433594,24.39249038696289,2017-01-25,13.398534774780273,2016-02-25,false,false,252
2017-02-16,22.6087646484375,24.39249038696289,2017-01-25,13.398534774780273,2016-02-25,false,false,252
2017-02-17,22.318906784057617,24.39249038696289,2017-01-25,13.398534774780273,2016-02-25,false,false,252
2017-02-21,22.56416893005371,24.39249038696289,2017-01-25,13.398534774780273,2016-02-25,false,false,251
2017-02-22,22.7425479888916,24.39249038696289,2017-01-25,13.398534774780273,2016-02-25,false,false,251
2017-02-23,22.474987030029297,24.39249038696289,2017-01-25,13.398534774780273,2016-02-25,false,false,251
2017-02-24,22.252017974853516,24.39249038696289,2017-01-25,13.398534774780273,2016-02-25,false,false,251
2017-02-27,22.09593963623047,24.39249038696289,2017-01-25,13.957170486450195,2016-02-29,false,false,251
2017-02-28,22.05135154724121,24.39249038696289,2017-01-25,13.957170486450195,2016-02-29,false,false,251
2017-03-01,22.831735610961914,24.39249038696289,2017-01-25,14.18411636352539,2016-03-02,false,false,251
2017-03-02,22.38579559326172,24.39249038696289,2017-01-25,14.18411636352539,2016-03-02,false,false,251
2017-03-03,22.296607971191406,24.39249038696289,2017-01-25,14.275769233703613,2016-03-04,false,false,251
2017-03-06,21.939868927001953,24.39249038696289,2017-01-25,14.275769233703613,2016-03-04,false,false,251
2017-03-07,21.9621639251709,24.39249038696289,2017-01-25,14.651100158691406,2016-03-10,false,false,251
2017-03-08,21.69460105895996,24.39249038696289,2017-01-25,14.651100158691406,2016-03-10,false,false,251
2017-03-09,21.5162296295166,24.39249038696289,2017-01-25,14.651100158691406,2016-03-10,false,false,251
2017-03-10,21.360157012939453,24.39249038696289,2017-01-25,14.651100158691406,2016-03-10,false,false,251
2017-03-13,21.80608558654785,24.39249038696289,2017-01-25,14.895503997802734,2016-03-15,false,false,251
2017-03-14,21.739194869995117,24.39249038696289,2017-01-25,14.895503997802734,2016-03-15,false,false,251
2017-03-15,21.783790588378906,24.39249038696289,2017-01-25,14.895503997802734,2016-03-15,false,false,251
2017-03-16,21.69460105895996,24.39249038696289,2017-01-25,15.219794273376465,2016-03-23,false,false,251
2017-03-17,22.006752014160156,24.39249038696289,2017-01-25,15.219794273376465,2016-03-23,false,false,251
2017-03-20,21.98445701599121,24.39249038696289,2017-01-25,15.219794273376465,2016-03-23,false,false,251
2017-03-21,21.650012969970703,24.39249038696289,2017-01-25,15.219794273376465,2016-03-23,false,false,251
2017-03-22,21.254167556762695,24.39249038696289,2017-01-25,15.219794273376465,2016-03-23,false,false,251
2017-03-23,21.771459579467773,24.39249038696289,2017-01-25,15.219794273376465,2016-03-23,false,false,251
2017-03-24,21.5240535736084,24.39249038696289,2017-01-25,15.40518569946289,2016-03-28,false,false,251
2017-03-27,21.81644630432129,24.39249038696289,2017-01-25,15.40518569946289,2016-03-28,false,false,252
2017-03-28,22.086336135864258,24.39249038696289,2017-01-25,15.40518569946289,2016-03-28,false,false,252
2017-03-29,21.793954849243164,24.39249038696289,2017-01-25,15.930461883544922,2016-03-31,false,false,252
2017-03-30,22.086336135864258,24.39249038696289,2017-01-25,15.930461883544922,2016-03-31,false,false,252
2017-03-31,22.041358947753906,24.39249038696289,2017-01-25,15.930461883544922,2016-03-31,false,false,252
2017-04-03,21.703990936279297,24.39249038696289,2017-01-25,15.983429908752441,2016-04-05,false,false,252
2017-04-04,21.47907257080078,24.39249038696289,2017-01-25,15.983429908752441,2016-04-05,false,false,252
2017-04-05,21.164203643798828,24.39249038696289,2017-01-25,15.983429908752441,2016-04-05,false,false,252
2017-04-06,21.14171028137207,24.39249038696289,2017-01-25,16.146757125854492,2016-04-07,false,false,252
2017-04-07,21.14171028137207,24.39249038696289,2017-01-25,16.146757125854492,2016-04-07,false,false,252
2017-04-10,21.006759643554688,24.39249038696289,2017-01-25,16.725000381469727,2016-05-17,false,false,252
2017-04-11,21.186689376831055,24.39249038696289,2017-01-25,16.725000381469727,2016-05-17,false,false,252
2017-04-12,20.601919174194336,24.39249038696289,2017-01-25,16.725000381469727,2016-05-17,false,false,252
2017-04-13,20.17458724975586,24.39249038696289,2017-01-25,16.725000381469727,2016-05-17,false,false,252
2017-04-17,20.421993255615234,24.39249038696289,2017-01-25,16.725000381469727,2016-05-17,false,false,251
2017-04-18,20.46697235107422,24.39249038696289,2017-01-25,16.725000381469727,2016-05-17,false,false,251
2017-04-19,20.714372634887695,24.39249038696289,2017-01-25,16.725000381469727,2016-05-17,false,false,251
2017-04-20,21.636520385742188,24.39249038696289,2017-01-25,16.725000381469727,2016-05-17,false,false,251
2017-04-21,21.81644630432129,24.39249038696289,2017-01-25,16.725000381469727,2016-05-17,false,false,251
2017-04-24,22.311246871948242,24.39249038696289,2017-01-25,16.725000381469727,2016-05-17,false,false,251
2017-04-25,23.390823364257812,24.39249038696289,2017-01-25,16.725000381469727,2016-05-17,false,false,251
2017-04-26,23.683212280273438,24.39249038696289,2017-01-25,16.725000381469727,2016-05-17,false,false,251
2017-04-27,23.36833953857422,24.39249038696289,2017-01-25,16.725000381469727,2016-05-17,false,false,251
2017-04-28,22.985986709594727,24.39249038696289,2017-01-25,16.725000381469727,2016-05-17,false,false,251
2017-05-01,22.716093063354492,24.39249038696289,2017-01-25,16.725000381469727,2016-05-17,false,false,251
2017-05-02,22.64862060546875,24.39249038696289,2017-01-25,16.725000381469727,2016-05-17,false,false,251
2017-05-03,22.783567428588867,24.39249038696289,2017-01-25,16.725000381469727,2016-05-17,false,false,251
2017-05-04,22.55865478515625,24.39249038696289,2017-01-25,16.725000381469727,2016-05-17,false,false,251
2017-05-05,22.491178512573242,24.39249038696289,2017-01-25,16.725000381469727,2016-05-17,false,false,251
2017-05-08,22.356233596801758,24.39249038696289,2017-01-25,16.725000381469727,2016-05-17,false,false,251
2017-05-09,22.491178512573242,24.39249038696289,2017-01-25,16.725000381469727,2016-05-17,false,false,251
2017-05-10,22.423707962036133,24.39249038696289,2017-01-25,16.725000381469727,2016-05-17,false,false,251
2017-05-11,22.378721237182617,24.39249038696289,2017-01-25,16.725000381469727,2016-05-17,false,false,251
2017-05-12,21.95138931274414,24.39249038696289,2017-01-25,16.725000381469727,2016-05-17,false,false,251
2017-05-15,22.266267776489258,24.39249038696289,2017-01-25,16.725000381469727,2016-05-17,false,false,251
2017-05-16,22.44620132446289,24.39249038696289,2017-01-25,16.725000381469727,2016-05-17,false,false,251
2017-05-17,21.86142349243164,24.39249038696289,2017-01-25,16.725000381469727,2016-05-17,false,false,251
2017-05-18,22.018863677978516,24.39249038696289,2017-01-25,16.888322830200195,2016-05-19,false,false,251
2017-05-19,22.468690872192383,24.39249038696289,2017-01-25,16.888322830200195,2016-05-19,false,false,251
2017-05-22,21.59153175354004,24.39249038696289,2017-01-25,17.117855072021484,2016-05-23,false,false,251
2017-05-23,21.906410217285156,24.39249038696289,2017-01-25,17.117855072021484,2016-05-23,false,false,251
2017-05-24,21.366619110107422,24.39249038696289,2017-01-25,17.223793029785156,2016-05-31,false,false,251
2017-05-25,21.344133377075195,24.39249038696289,2017-01-25,17.223793029785156,2016-05-31,false,false,251
2017-05-26,21.14171028137207,24.39249038696289,2017-01-25,17.223793029785156,2016-05-31,false,false,251
2017-05-30,21.074235916137695,24.39249038696289,2017-01-25,17.223793029785156,2016-05-31,false,false,251
2017-05-31,21.164203643798828,24.39249038696289,2017-01-25,17.223793029785156,2016-05-31,false,false,251
2017-06-01,21.366619110107422,24.39249038696289,2017-01-25,17.636619567871094,2016-11-01,false,false,251
2017-06-02,21.65900993347168,24.39249038696289,2017-01-25,17.636619567871094,2016-11-01,false,false,251
2017-06-05,21.411603927612305,24.39249038696289,2017-01-25,17.636619567871094,2016-11-01,false,false,251
2017-06-06,21.29914665222168,24.39249038696289,2017-01-25,17.636619567871094,2016-11-01,false,false,251
2017-06-07,21.47907257080078,24.39249038696289,2017-01-25,17.636619567871094,2016-11-01,false,false,251
2017-06-08,22.108827590942383,24.39249038696289,2017-01-25,17.636619567871094,2016-11-01,false,false,251
2017-06-09,22.401216506958008,24.39249038696289,2017-01-25,17.636619567871094,2016-11-01,false,false,251
2017-06-12,22.266267776489258,24.39249038696289,2017-01-25,17.636619567871094,2016-11-01,false,false,251
2017-06-13,22.13132095336914,24.39249038696289,2017-01-25,17.636619567871094,2016-11-01,false,false,251
2017-06-14,21.56904411315918,24.39249038696289,2017-01-25,17.636619567871094,2016-11-01,false,false,251
2017-06-15,21.54655647277832,24.39249038696289,2017-01-25,17.636619567871094,2016-11-01,false,false,251
2017-06-16,21.726476669311523,24.39249038696289,2017-01-25,17.636619567871094,2016-11-01,false,false,251
2017-06-19,21.771459579467773,24.39249038696289,2017-01-25,17.636619567871094,2016-11-01,false,false,251
2017-06-20,21.254167556762695,24.39249038696289,2017-01-25,17.636619567871094,2016-11-01,false,false,251
2017-06-21,20.73686408996582,24.39249038696289,2017-01-25,17.636619567871094,2016-11-01,false,false,251
2017-06-22,20.804344177246094,24.39249038696289,2017-01-25,17.636619567871094,2016-11-01,false,false,251
2017-06-23,21.006759643554688,24.39249038696289,2017-01-25,17.636619567871094,2016-11-01,false,false,251
2017-06-26,21.29914665222168,24.39249038696289,2017-01-25,17.636619567871094,2016-11-01,false,false,251
2017-06-27,21.119216918945312,24.39249038696289,2017-01-25,17.636619567871094,2016-11-01,false,false,251
2017-06-28,21.56904411315918,24.39249038696289,2017-01-25,17.636619567871094,2016-11-01,false,false,251
2017-06-29,21.096729278564453,24.39249038696289,2017-01-25,17.636619567871094,2016-11-01,false,false,251
2017-06-30,20.849327087402344,24.39249038696289,2017-01-25,17.636619567871094,2016-11-01,false,false,251
2017-07-03,21.501567840576172,24.39249038696289,2017-01-25,17.636619567871094,2016-11-01,false,false,251
2017-07-05,21.14171028137207,24.39249038696289,2017-01-25,17.636619567871094,2016-11-01,false,false,251
2017-07-06,20.781850814819336,24.39249038696289,2017-01-25,17.636619567871094,2016-11-01,false,false,251
2017-07-07,21.119216918945312,24.39249038696289,2017-01-25,17.636619567871094,2016-11-01,false,false,251
2017-07-10,20.916797637939453,24.39249038696289,2017-01-25,17.636619567871094,2016-11-01,false,false,251
2017-07-11,20.93929100036621,24.39249038696289,2017-01-25,17.636619567871094,2016-11-01,false,false,251
2017-07-12,21.096729278564453,24.39249038696289,2017-01-25,17.636619567871094,2016-11-01,false,false,251
2017-07-13,21.14171028137207,24.39249038696289,2017-01-25,17.636619567871094,2016-11-01,false,false,251
2017-07-14,21.051742553710938,24.39249038696289,2017-01-25,17.636619567871094,2016-11-01,false,false,251
2017-07-17,21.14171028137207,24.39249038696289,2017-01-25,17.636619567871094,2016-11-01,false,false,251
2017-07-18,21.164203643798828,24.39249038696289,2017-01-25,17.636619567871094,2016-11-01,false,false,251
2017-07-19,21.051742553710938,24.39249038696289,2017-01-25,17.636619567871094,2016-11-01,false,false,251
2017-07-20,21.051742553710938,24.39249038696289,2017-01-25,17.636619567871094,2016-11-01,false,false,251
2017-07-21,20.646902084350586,24.39249038696289,2017-01-25,17.636619567871094,2016-11-01,false,false,251
2017-07-24,20.332027435302734,24.39249038696289,2017-01-25,17.636619567871094,2016-11-01,false,false,251
2017-07-25,20.849327087402344,24.39249038696289,2017-01-25,17.636619567871094,2016-11-01,false,false,251
2017-07-26,20.48946189880371,24.39249038696289,2017-01-25,17.636619567871094,2016-11-01,false,false,251
2017-07-27,20.0621280670166,24.39249038696289,2017-01-25,17.636619567871094,2016-11-01,false,false,251
2017-07-28,20.242061614990234,24.39249038696289,2017-01-25,17.636619567871094,2016-11-01,false,false,251
2017-07-31,20.219572067260742,24.39249038696289,2017-01-25,17.636619567871094,2016-11-01,false,false,251
2017-08-01,20.28704833984375,24.39249038696289,2017-01-25,17.636619567871094,2016-11-01,false,false,251
2017-08-02,19.972169876098633,24.39249038696289,2017-01-25,17.636619567871094,2016-11-01,false,false,251
2017-08-03,19.724761962890625,24.39249038696289,2017-01-25,17.636619567871094,2016-11-01,false,false,251
2017-08-04,19.5223445892334,24.39249038696289,2017-01-25,17.636619567871094,2016-11-01,false,false,251
2017-08-07,19.409893035888672,24.39249038696289,2017-01-25,17.636619567871094,2016-11-01,false,false,251
2017-08-08,18.91507911682129,24.39249038696289,2017-01-25,17.636619567871094,2016-11-01,false,false,251
2017-08-09,18.55522346496582,24.39249038696289,2017-01-25,17.636619567871094,2016-11-01,false,false,251
2017-08-10,18.352802276611328,24.39249038696289,2017-01-25,17.636619567871094,2016-11-01,false,false,251
2017-08-11,18.060420989990234,24.39249038696289,2017-01-25,17.636619567871094,2016-11-01,false,false,251
2017-08-14,18.10540199279785,24.39249038696289,2017-01-25,17.636619567871094,2016-11-01,false,false,251
2017-08-15,18.01543426513672,24.39249038696289,2017-01-25,17.636619567871094,2016-11-01,false,false,251
2017-08-16,17.858001708984375,24.39249038696289,2017-01-25,17.636619567871094,2016-11-01,false,false,251
2017-08-17,17.160768508911133,24.39249038696289,2017-01-25,17.160768508911133,2017-08-17,false,true,251
2017-08-18,16.800912857055664,24.39249038696289,2017-01-25,16.800912857055664,2017-08-18,false,true,251
2017-08-21,16.48603630065918,24.39249038696289,2017-01-25,16.48603630065918,2017-08-21,false,true,251
2017-08-22,16.57600212097168,24.39249038696289,2017-01-25,16.48603630065918,2017-08-21,false,false,251
2017-08-23,16.328598022460938,24.39249038696289,2017-01-25,16.328598022460938,2017-08-23,false,true,251
2017-08-24,16.23863410949707,24.39249038696289,2017-01-25,16.23863410949707,2017-08-24,false,true,251
2017-08-25,16.23863410949707,24.39249038696289,2017-01-25,16.23863410949707,2017-08-25,false,true,251
2017-08-28,16.103687286376953,24.39249038696289,2017-01-25,16.103687286376953,2017-08-28,false,true,251
2017-08-29,15.991230010986328,24.39249038696289,2017-01-25,15.991230010986328,2017-08-29,false,true,251
2017-08-30,15.901264190673828,24.39249038696289,2017-01-25,15.901264190673828,2017-08-30,false,true,251
2017-08-31,16.036211013793945,24.39249038696289,2017-01-25,15.901264190673828,2017-08-30,false,false,251
2017-09-01,16.328598022460938,24.39249038696289,2017-01-25,15.901264190673828,2017-08-30,false,false,251
2017-09-05,16.216142654418945,24.39249038696289,2017-01-25,15.901264190673828,2017-08-30,false,false,251
2017-09-06,16.620983123779297,24.39249038696289,2017-01-25,15.901264190673828,2017-08-30,false,false,251
2017-09-07,16.373584747314453,24.39249038696289,2017-01-25,15.901264190673828,2017-08-30,false,false,251
2017-09-08,16.463544845581055,24.39249038696289,2017-01-25,15.901264190673828,2017-08-30,false,false,251
2017-09-11,16.620983123779297,24.39249038696289,2017-01-25,15.901264190673828,2017-08-30,false,false,251
2017-09-12,16.913366317749023,24.39249038696289,2017-01-25,15.901264190673828,2017-08-30,false,false,251
2017-09-13,17.003328323364258,24.39249038696289,2017-01-25,15.901264190673828,2017-08-30,false,false,251
2017-09-14,17.04831886291504,24.39249038696289,2017-01-25,15.901264190673828,2017-08-30,false,false,251
2017-09-15,17.588106155395508,24.39249038696289,2017-01-25,15.901264190673828,2017-08-30,false,false,251
2017-09-18,17.768037796020508,24.39249038696289,2017-01-25,15.901264190673828,2017-08-30,false,false,251
2017-09-19,17.56561279296875,24.39249038696289,2017-01-25,15.901264190673828,2017-08-30,false,false,251
2017-09-20,17.4306640625,24.39249038696289,2017-01-25,15.901264190673828,2017-08-30,false,false,251
2017-09-21,17.357864379882812,24.39249038696289,2017-01-25,15.901264190673828,2017-08-30,false,false,251
2017-09-22,17.335119247436523,24.39249038696289,2017-01-25,15.901264190673828,2017-08-30,false,false,251
2017-09-25,17.539859771728516,24.39249038696289,2017-01-25,15.901264190673828,2017-08-30,false,false,251
2017-09-26,17.630863189697266,24.39249038696289,2017-01-25,15.901264190673828,2017-08-30,false,false,251
2017-09-27,17.653606414794922,24.39249038696289,2017-01-25,15.901264190673828,2017-08-30,false,false,251
2017-09-28,18.654586791992188,24.39249038696289,2017-01-25,15.901264190673828,2017-08-30,false,false,251
2017-09-29,18.563587188720703,24.39249038696289,2017-01-25,15.901264190673828,2017-08-30,false,false,251
2017-10-02,18.76833724975586,24.39249038696289,2017-01-25,15.901264190673828,2017-08-30,false,false,251
2017-10-03,19.132326126098633,24.39249038696289,2017-01-25,15.901264190673828,2017-08-30,false,false,251
2017-10-04,18.76833724975586,24.39249038696289,2017-01-25,15.901264190673828,2017-08-30,false,false,251
2017-10-05,18.677339553833008,24.39249038696289,2017-01-25,15.901264190673828,2017-08-30,false,false,251
2017-10-06,18.654586791992188,24.39249038696289,2017-01-25,15.901264190673828,2017-08-30,false,false,251
2017-10-09,18.472593307495117,24.39249038696289,2017-01-25,15.901264190673828,2017-08-30,false,false,251
2017-10-10,18.609088897705078,24.39249038696289,2017-01-25,15.901264190673828,2017-08-30,false,false,251
2017-10-11,18.427091598510742,24.39249038696289,2017-01-25,15.901264190673828,2017-08-30,false,false,251
2017-10-12,18.449840545654297,24.39249038696289,2017-01-25,15.901264190673828,2017-08-30,false,false,251
2017-10-13,18.495338439941406,24.39249038696289,2017-01-25,15.901264190673828,2017-08-30,false,false,251
2017-10-16,18.609088897705078,24.39249038696289,2017-01-25,15.901264190673828,2017-08-30,false,false,251
2017-10-17,18.495338439941406,24.39249038696289,2017-01-25,15.901264190673828,2017-08-30,false,false,251
2017-10-18,18.472593307495117,24.39249038696289,2017-01-25,15.901264190673828,2017-08-30,false,false,251
2017-10-19,18.518089294433594,24.39249038696289,2017-01-25,15.901264190673828,2017-08-30,false,false,251
2017-10-20,18.404348373413086,24.39249038696289,2017-01-25,15.901264190673828,2017-08-30,false,false,251
2017-10-23,18.108604431152344,24.39249038696289,2017-01-25,15.901264190673828,2017-08-30,false,false,251
2017-10-24,18.13134765625,24.39249038696289,2017-01-25,15.901264190673828,2017-08-30,false,false,251
2017-10-25,18.08584976196289,24.39249038696289,2017-01-25,15.901264190673828,2017-08-30,false,false,251
2017-10-26,18.063108444213867,24.39249038696289,2017-01-25,15.901264190673828,2017-08-30,false,false,251
2017-10-27,18.108604431152344,24.39249038696289,2017-01-25,15.901264190673828,2017-08-30,false,false,251
2017-10-30,16.743629455566406,24.39249038696289,2017-01-25,15.901264190673828,2017-08-30,false,false,251
2017-10-31,17.335119247436523,24.39249038696289,2017-01-25,15.901264190673828,2017-08-30,false,false,251
2017-11-01,16.789127349853516,24.39249038696289,2017-01-25,15.901264190673828,2017-08-30,false,false,251
2017-11-02,16.925628662109375,24.39249038696289,2017-01-25,15.901264190673828,2017-08-30,false,false,251
2017-11-03,16.675384521484375,24.39249038696289,2017-01-25,15.901264190673828,2017-08-30,false,false,251
2017-11-06,16.31138801574707,24.39249038696289,2017-01-25,15.901264190673828,2017-08-30,false,false,251
2017-11-07,15.879150390625,24.39249038696289,2017-01-25,15.879150390625,2017-11-07,false,true,251
2017-11-08,15.947399139404297,24.39249038696289,2017-01-25,15.879150390625,2017-11-07,false,false,251
2017-11-09,16.06114387512207,24.39249038696289,2017-01-25,15.879150390625,2017-11-07,false,false,251
2017-11-10,16.243133544921875,24.39249038696289,2017-01-25,15.879150390625,2017-11-07,false,false,251
2017-11-13,16.28864288330078,24.39249038696289,2017-01-25,15.879150390625,2017-11-07,false,false,251
2017-11-14,16.880125045776367,24.39249038696289,2017-01-25,15.879150390625,2017-11-07,false,false,251
2017-11-15,16.402387619018555,24.39249038696289,2017-01-25,15.879150390625,2017-11-07,false,false,251
2017-11-16,16.81188201904297,24.39249038696289,2017-01-25,15.879150390625,2017-11-07,false,false,251
2017-11-17,17.335119247436523,24.39249038696289,2017-01-25,15.879150390625,2017-11-07,false,false,251
2017-11-20,18.108604431152344,24.39249038696289,2017-01-25,15.879150390625,2017-11-07,false,false,251
2017-11-21,18.154102325439453,24.39249038696289,2017-01-25,15.879150390625,2017-11-07,false,false,251
2017-11-22,18.108604431152344,24.39249038696289,2017-01-25,15.879150390625,2017-11-07,false,false,251
2017-11-24,18.449840545654297,24.39249038696289,2017-01-25,15.879150390625,2017-11-07,false,false,251
2017-11-27,17.539859771728516,24.39249038696289,2017-01-25,15.879150390625,2017-11-07,false,false,251
2017-11-28,17.858354568481445,24.39249038696289,2017-01-25,15.879150390625,2017-11-07,false,false,251
2017-11-29,17.858354568481445,24.39249038696289,2017-01-25,15.879150390625,2017-11-07,false,false,251
2017-11-30,17.44886589050293,24.39249038696289,2017-01-25,15.879150390625,2017-11-07,false,false,251
2017-12-01,17.15312385559082,24.39249038696289,2017-01-25,15.879150390625,2017-11-07,false,false,251
2017-12-04,17.19861602783203,24.39249038696289,2017-01-25,15.879150390625,2017-11-07,false,false,251
2017-12-05,16.834627151489258,24.39249038696289,2017-01-25,15.879150390625,2017-11-07,false,false,251
2017-12-06,16.880125045776367,24.39249038696289,2017-01-25,15.879150390625,2017-11-07,false,false,251
2017-12-07,17.039377212524414,24.39249038696289,2017-01-25,15.879150390625,2017-11-07,false,false,251
2017-12-08,16.447891235351562,24.39249038696289,2017-01-25,15.879150390625,2017-11-07,false,false,251
2017-12-11,16.789127349853516,24.39249038696289,2017-01-25,15.879150390625,2017-11-07,false,false,251
2017-12-12,16.76638412475586,24.39249038696289,2017-01-25,15.879150390625,2017-11-07,false,false,251
2017-12-13,17.22136688232422,24.39249038696289,2017-01-25,15.879150390625,2017-11-07,false,false,251
2017-12-14,17.13037109375,24.39249038696289,2017-01-25,15.879150390625,2017-11-07,false,false,251
2017-12-15,17.062122344970703,24.39249038696289,2017-01-25,15.879150390625,2017-11-07,false,false,251
2017-12-18,17.244121551513672,24.39249038696289,2017-01-25,15.879150390625,2017-11-07,false,false,251
2017-12-19,17.107624053955078,24.39249038696289,2017-01-25,15.879150390625,2017-11-07,false,false,251
2017-12-20,17.107624053955078,24.39249038696289,2017-01-25,15.879150390625,2017-11-07,false,false,251
2017-12-21,16.880125045776367,24.39249038696289,2017-01-25,15.879150390625,2017-11-07,false,false,251
2017-12-22,16.584383010864258,24.39249038696289,2017-01-25,15.879150390625,2017-11-07,false,false,251
2017-12-26,16.493385314941406,24.39249038696289,2017-01-25,15.879150390625,2017-11-07,false,false,251
2017-12-27,16.22039031982422,24.39249038696289,2017-01-25,15.879150390625,2017-11-07,false,false,251
2017-12-28,16.402387619018555,24.39249038696289,2017-01-25,15.879150390625,2017-11-07,false,false,251
2017-12-29,16.015644073486328,24.39249038696289,2017-01-25,15.879150390625,2017-11-07,false,false,251
2018-01-02,16.243133544921875,24.39249038696289,2017-01-25,15.879150390625,2017-11-07,false,false,251
2018-01-03,16.10664176940918,24.39249038696289,2017-01-25,15.879150390625,2017-11-07,false,false,251
2018-01-04,16.10664176940918,24.39249038696289,2017-01-25,15.879150390625,2017-11-07,false,false,251
2018-01-05,16.379634857177734,24.39249038696289,2017-01-25,15.879150390625,2017-11-07,false,false,251
2018-01-08,16.197641372680664,24.39249038696289,2017-01-25,15.879150390625,2017-11-07,false,false,251
2018-01-09,16.015644073486328,24.39249038696289,2017-01-25,15.879150390625,2017-11-07,false,false,251
2018-01-10,15.879150390625,24.39249038696289,2017-01-25,15.879150390625,2018-01-10,false,true,251
2018-01-11,15.924649238586426,24.39249038696289,2017-01-25,15.879150390625,2018-01-10,false,false,251
2018-01-12,16.402387619018555,24.39249038696289,2017-01-25,15.879150390625,2018-01-10,false,false,251
2018-01-16,16.10664176940918,24.39249038696289,2017-01-25,15.879150390625,2018-01-10,false,false,251
2018-01-17,16.743629455566406,24.39249038696289,2017-01-25,15.879150390625,2018-01-10,false,false,251
2018-01-18,16.015644073486328,24.39249038696289,2017-01-25,15.879150390625,2018-01-10,false,false,251
2018-01-19,16.265893936157227,24.39249038696289,2017-01-25,15.879150390625,2018-01-10,false,false,251
2018-01-22,15.924649238586426,24.39249038696289,2017-01-25,15.879150390625,2018-01-10,false,false,251
2018-01-23,16.152145385742188,24.39249038696289,2017-01-25,15.879150390625,2018-01-10,false,false,251
2018-01-24,16.10664176940918,24.39249038696289,2017-01-25,15.879150390625,2018-01-10,false,false,251
2018-01-25,16.152145385742188,24.39249038696289,2017-01-25,15.879150390625,2018-01-10,false,false,251
2018-01-26,16.083892822265625,24.01344871520996,2017-01-27,15.879150390625,2018-01-10,false,false,251
2018-01-29,16.10664176940918,24.01344871520996,2017-01-27,15.879150390625,2018-01-10,false,false,251
2018-01-30,15.992897033691406,23.92426872253418,2017-01-31,15.879150390625,2018-01-10,false,false,251
2018-01-31,16.06114387512207,23.92426872253418,2017-01-31,15.879150390625,2018-01-10,false,false,251
2018-02-01,16.174894332885742,23.683212280273438,2017-04-26,15.879150390625,2018-01-10,false,false,251
2018-02-02,16.015644073486328,23.683212280273438,2017-04-26,15.879150390625,2018-01-10,false,false,251
2018-02-05,15.628902435302734,23.683212280273438,2017-04-26,15.628902435302734,2018-02-05,false,true,251
2018-02-06,15.537908554077148,23.683212280273438,2017-04-26,15.537908554077148,2018-02-06,false,true,251
2018-02-07,15.196666717529297,23.683212280273438,2017-04-26,15.196666717529297,2018-02-07,false,true,251
2018-02-08,14.878172874450684,23.683212280273438,2017-04-26,14.878172874450684,2018-02-08,false,true,251
2018-02-09,15.674403190612793,23.683212280273438,2017-04-26,14.878172874450684,2018-02-08,false,false,251
2018-02-12,15.970147132873535,23.683212280273438,2017-04-26,14.878172874450684,2018-02-08,false,false,251
2018-02-13,16.06114387512207,23.683212280273438,2017-04-26,14.878172874450684,2018-02-08,false,false,251
2018-02-14,16.28864288330078,23.683212280273438,2017-04-26,14.878172874450684,2018-02-08,false,false,251
2018-02-15,16.22039031982422,23.683212280273438,2017-04-26,14.878172874450684,2018-02-08,false,false,251
2018-02-16,16.129392623901367,23.683212280273438,2017-04-26,14.878172874450684,2018-02-08,false,false,251
2018-02-20,15.74265193939209,23.683212280273438,2017-04-26,14.878172874450684,2018-02-08,false,false,251
2018-02-21,15.697153091430664,23.683212280273438,2017-04-26,14.878172874450684,2018-02-08,false,false,251
2018-02-22,15.74265193939209,23.683212280273438,2017-04-26,14.878172874450684,2018-02-08,false,false,251
2018-02-23,15.810898780822754,23.683212280273438,2017-04-26,14.878172874450684,2018-02-08,false,false,251
2018-02-26,15.833646774291992,23.683212280273438,2017-04-26,14.878172874450684,2018-02-08,false,false,251
2018-02-27,15.537908554077148,23.683212280273438,2017-04-26,14.878172874450684,2018-02-08,false,false,251
2018-02-28,15.242164611816406,23.683212280273438,2017-04-26,14.878172874450684,2018-02-08,false,false,251
2018-03-01,15.424158096313477,23.683212280273438,2017-04-26,14.878172874450684,2018-02-08,false,false,251
2018-03-02,15.401409149169922,23.683212280273438,2017-04-26,14.878172874450684,2018-02-08,false,false,251
2018-03-05,15.833646774291992,23.683212280273438,2017-04-26,14.878172874450684,2018-02-08,false,false,251
2018-03-06,15.947399139404297,23.683212280273438,2017-04-26,14.878172874450684,2018-02-08,false,false,251
2018-03-07,16.129392623901367,23.683212280273438,2017-04-26,14.878172874450684,2018-02-08,false,false,251
2018-03-08,15.810898780822754,23.683212280273438,2017-04-26,14.878172874450684,2018-02-08,false,false,251
2018-03-09,16.06114387512207,23.683212280273438,2017-04-26,14.878172874450684,2018-02-08,false,false,251
2018-03-12,16.584383010864258,23.683212280273438,2017-04-26,14.878172874450684,2018-02-08,false,false,251
2018-03-13,16.265893936157227,23.683212280273438,2017-04-26,14.878172874450684,2018-02-08,false,false,251
2018-03-14,16.015644073486328,23.683212280273438,2017-04-26,14.878172874450684,2018-02-08,false,false,251
2018-03-15,14.991920471191406,23.683212280273438,2017-04-26,14.878172874450684,2018-02-08,false,false,251
2018-03-16,15.219413757324219,23.683212280273438,2017-04-26,14.878172874450684,2018-02-08,false,false,251
2018-03-19,15.196666717529297,23.683212280273438,2017-04-26,14.878172874450684,2018-02-08,false,false,251
2018-03-20,15.082918167114258,23.683212280273438,2017-04-26,14.878172874450684,2018-02-08,false,false,251
2018-03-21,15.333162307739258,23.683212280273438,2017-04-26,14.878172874450684,2018-02-08,false,false,251
2018-03-22,14.913643836975098,23.683212280273438,2017-04-26,14.878172874450684,2018-02-08,false,false,251
2018-03-23,14.821442604064941,23.683212280273438,2017-04-26,14.821442604064941,2018-03-23,false,true,251
2018-03-26,15.190248489379883,23.683212280273438,2017-04-26,14.821442604064941,2018-03-23,false,false,251
2018-03-27,15.098048210144043,23.683212280273438,2017-04-26,14.821442604064941,2018-03-23,false,false,251
2018-03-28,15.65125560760498,23.683212280273438,2017-04-26,14.821442604064941,2018-03-23,false,false,251
2018-03-29,16.2044677734375,23.683212280273438,2017-04-26,14.821442604064941,2018-03-23,false,false,251
2018-04-02,14.798389434814453,23.683212280273438,2017-04-26,14.798389434814453,2018-04-02,false,true,250
2018-04-03,15.098048210144043,23.683212280273438,2017-04-26,14.798389434814453,2018-04-02,false,false,250
2018-04-04,15.144148826599121,23.683212280273438,2017-04-26,14.798389434814453,2018-04-02,false,false,250
2018-04-05,15.236351013183594,23.683212280273438,2017-04-26,14.798389434814453,2018-04-02,false,false,250
2018-04-06,14.959745407104492,23.683212280273438,2017-04-26,14.798389434814453,2018-04-02,false,false,250
2018-04-09,15.098048210144043,23.683212280273438,2017-04-26,14.798389434814453,2018-04-02,false,false,250
2018-04-10,15.328551292419434,23.683212280273438,2017-04-26,14.798389434814453,2018-04-02,false,false,250
2018-04-11,15.328551292419434,23.683212280273438,2017-04-26,14.798389434814453,2018-04-02,false,false,250
2018-04-12,15.674307823181152,23.683212280273438,2017-04-26,14.798389434814453,2018-04-02,false,false,250
2018-04-13,15.582108497619629,23.683212280273438,2017-04-26,14.798389434814453,2018-04-02,false,false,250
2018-04-16,15.65125560760498,23.683212280273438,2017-04-26,14.798389434814453,2018-04-02,false,false,251
2018-04-17,15.789562225341797,23.683212280273438,2017-04-26,14.798389434814453,2018-04-02,false,false,251
2018-04-18,15.927864074707031,23.683212280273438,2017-04-26,14.798389434814453,2018-04-02,false,false,251
2018-04-19,15.812613487243652,23.683212280273438,2017-04-26,14.798389434814453,2018-04-02,false,false,251
2018-04-20,15.512956619262695,23.683212280273438,2017-04-26,14.798389434814453,2018-04-02,false,false,251
2018-04-23,15.282450675964355,23.683212280273438,2017-04-26,14.798389434814453,2018-04-02,false,false,251
2018-04-24,15.028894424438477,23.683212280273438,2017-04-26,14.798389434814453,2018-04-02,false,false,251
2018-04-25,15.121099472045898,23.683212280273438,2017-04-26,14.798389434814453,2018-04-02,false,false,251
2018-04-26,15.351600646972656,23.683212280273438,2017-04-26,14.798389434814453,2018-04-02,false,false,251
2018-04-27,15.236351013183594,22.985986709594727,2017-04-28,14.798389434814453,2018-04-02,false,false,251
2018-04-30,14.982794761657715,22.985986709594727,2017-04-28,14.798389434814453,2018-04-02,false,false,251
2018-05-01,15.051946640014648,22.783567428588867,2017-05-03,14.798389434814453,2018-04-02,false,false,251
2018-05-02,14.959745407104492,22.783567428588867,2017-05-03,14.798389434814453,2018-04-02,false,false,251
2018-05-03,14.337383270263672,22.783567428588867,2017-05-03,14.337383270263672,2018-05-03,false,true,251
2018-05-04,14.660087585449219,22.491178512573242,2017-05-09,14.337383270263672,2018-05-03,false,false,251
2018-05-07,14.613987922668457,22.491178512573242,2017-05-09,14.337383270263672,2018-05-03,false,false,251
2018-05-08,14.936694145202637,22.491178512573242,2017-05-09,14.337383270263672,2018-05-03,false,false,251
2018-05-09,14.821442604064941,22.491178512573242,2017-05-09,14.337383270263672,2018-05-03,false,false,251
2018-05-10,14.821442604064941,22.468690872192383,2017-05-19,14.337383270263672,2018-05-03,false,false,251
2018-05-11,14.706189155578613,22.468690872192383,2017-05-19,14.337383270263672,2018-05-03,false,false,251
2018-05-14,14.660087585449219,22.468690872192383,2017-05-19,14.337383270263672,2018-05-03,false,false,251
2018-05-15,14.637039184570312,22.468690872192383,2017-05-19,14.337383270263672,2018-05-03,false,false,251
2018-05-16,14.798389434814453,22.468690872192383,2017-05-19,14.337383270263672,2018-05-03,false,false,251
2018-05-17,14.86754322052002,22.468690872192383,2017-05-19,14.337383270263672,2018-05-03,false,false,251
2018-05-18,14.752289772033691,22.468690872192383,2017-05-19,14.337383270263672,2018-05-03,false,false,251
2018-05-21,14.959745407104492,22.468690872192383,2017-05-19,14.337383270263672,2018-05-03,false,false,251
2018-05-22,15.028894424438477,22.401216506958008,2017-06-09,14.337383270263672,2018-05-03,false,false,251
2018-05-23,15.051946640014648,22.401216506958008,2017-06-09,14.337383270263672,2018-05-03,false,false,251
2018-05-24,15.051946640014648,22.401216506958008,2017-06-09,14.337383270263672,2018-05-03,false,false,251
2018-05-25,15.397704124450684,22.401216506958008,2017-06-09,14.337383270263672,2018-05-03,false,false,251
2018-05-29,15.536005973815918,22.401216506958008,2017-06-09,14.337383270263672,2018-05-03,false,false,251
2018-05-30,15.858715057373047,22.401216506958008,2017-06-09,14.337383270263672,2018-05-03,false,false,251
2018-05-31,14.45263385772705,22.401216506958008,2017-06-09,14.337383270263672,2018-05-03,false,false,251
2018-06-01,14.337383270263672,22.401216506958008,2017-06-09,14.337383270263672,2018-06-01,false,true,251
2018-06-04,15.051946640014648,22.401216506958008,2017-06-09,14.337383270263672,2018-06-01,false,false,251
2018-06-05,15.605155944824219,22.401216506958008,2017-06-09,14.337383270263672,2018-06-01,false,false,251
2018-06-06,15.766512870788574,22.401216506958008,2017-06-09,14.337383270263672,2018-06-01,false,false,251
2018-06-07,16.36582374572754,22.401216506958008,2017-06-09,14.337383270263672,2018-06-01,false,false,251
2018-06-08,16.6193790435791,22.401216506958008,2017-06-09,14.337383270263672,2018-06-01,false,false,251
2018-06-11,17.403093338012695,22.401216506958008,2017-06-09,14.337383270263672,2018-06-01,false,false,251
2018-06-12,17.44919204711914,22.13132095336914,2017-06-13,14.337383270263672,2018-06-01,false,false,251
2018-06-13,17.495290756225586,22.13132095336914,2017-06-13,14.337383270263672,2018-06-01,false,false,251
2018-06-14,17.67969512939453,21.771459579467773,2017-06-19,14.337383270263672,2018-06-01,false,false,251
2018-06-15,17.702747344970703,21.771459579467773,2017-06-19,14.337383270263672,2018-06-01,false,false,251
2018-06-18,17.44919204711914,21.771459579467773,2017-06-19,14.337383270263672,2018-06-01,false,false,251
2018-06-19,17.195636749267578,21.771459579467773,2017-06-19,14.337383270263672,2018-06-01,false,false,251
2018-06-20,17.149539947509766,21.56904411315918,2017-06-28,14.337383270263672,2018-06-01,false,false,251
2018-06-21,16.135318756103516,21.56904411315918,2017-06-28,14.337383270263672,2018-06-01,false,false,251
2018-06-22,15.536005973815918,21.56904411315918,2017-06-28,14.337383270263672,2018-06-01,false,false,251
2018-06-25,15.83565902709961,21.56904411315918,2017-06-28,14.337383270263672,2018-06-01,false,false,251
2018-06-26,16.25057029724121,21.56904411315918,2017-06-28,14.337383270263672,2018-06-01,false,false,251
2018-06-27,16.089214324951172,21.56904411315918,2017-06-28,14.337383270263672,2018-06-01,false,false,251
2018-06-28,16.158369064331055,21.56904411315918,2017-06-28,14.337383270263672,2018-06-01,false,false,251
2018-06-29,16.296672821044922,21.501567840576172,2017-07-03,14.337383270263672,2018-06-01,false,false,251
2018-07-02,16.942081451416016,21.501567840576172,2017-07-03,14.337383270263672,2018-06-01,false,false,251
2018-07-03,16.64242935180664,21.501567840576172,2017-07-03,14.337383270263672,2018-06-01,false,false,251
2018-07-05,16.942081451416016,21.164203643798828,2017-07-18,14.337383270263672,2018-06-01,false,false,251
2018-07-06,16.988182067871094,21.164203643798828,2017-07-18,14.337383270263672,2018-06-01,false,false,251
2018-07-09,17.31089210510254,21.164203643798828,2017-07-18,14.337383270263672,2018-06-01,false,false,251
2018-07-10,17.034284591674805,21.164203643798828,2017-07-18,14.337383270263672,2018-06-01,false,false,251
2018-07-11,17.05733871459961,21.164203643798828,2017-07-18,14.337383270263672,2018-06-01,false,false,251
2018-07-12,17.103435516357422,21.164203643798828,2017-07-18,14.337383270263672,2018-06-01,false,false,251
2018-07-13,17.149539947509766,21.164203643798828,2017-07-18,14.337383270263672,2018-06-01,false,false,251
2018-07-16,16.803781509399414,21.164203643798828,2017-07-18,14.337383270263672,2018-06-01,false,false,251
2018-07-17,16.988182067871094,21.164203643798828,2017-07-18,14.337383270263672,2018-06-01,false,false,251
2018-07-18,16.89598274230957,21.164203643798828,2017-07-18,14.337383270263672,2018-06-01,false,false,251
2018-07-19,16.96513557434082,21.051742553710938,2017-07-20,14.337383270263672,2018-06-01,false,false,251
2018-07-20,17.356992721557617,21.051742553710938,2017-07-20,14.337383270263672,2018-06-01,false,false,251
2018-07-23,17.44919204711914,20.849327087402344,2017-07-25,14.337383270263672,2018-06-01,false,false,251
2018-07-24,17.380041122436523,20.849327087402344,2017-07-25,14.337383270263672,2018-06-01,false,false,251
2018-07-25,17.472246170043945,20.849327087402344,2017-07-25,14.337383270263672,2018-06-01,false,false,251
2018-07-26,17.841053009033203,20.28704833984375,2017-08-01,14.337383270263672,2018-06-01,false,false,251
2018-07-27,17.333942413330078,20.28704833984375,2017-08-01,14.337383270263672,2018-06-01,false,false,251
2018-07-30,17.17258644104004,20.28704833984375,2017-08-01,14.337383270263672,2018-06-01,false,false,251
2018-07-31,17.195636749267578,20.28704833984375,2017-08-01,14.337383270263672,2018-06-01,false,false,251
2018-08-01,16.55022621154785,20.28704833984375,2017-08-01,14.337383270263672,2018-06-01,false,false,251
2018-08-02,18.878324508666992,19.724761962890625,2017-08-03,14.337383270263672,2018-06-01,false,false,251
2018-08-03,19.085779190063477,19.724761962890625,2017-08-03,14.337383270263672,2018-06-01,false,false,251
2018-08-06,18.78611946105957,19.409893035888672,2017-08-07,14.337383270263672,2018-06-01,false,false,251
2018-08-07,18.394262313842773,19.409893035888672,2017-08-07,14.337383270263672,2018-06-01,false,false,251
2018-08-08,18.3712100982666,19.132326126098633,2017-10-03,14.337383270263672,2018-06-01,false,false,251
2018-08-09,18.25595474243164,19.132326126098633,2017-10-03,14.337383270263672,2018-06-01,false,false,251
2018-08-10,18.07155418395996,19.132326126098633,2017-10-03,14.337383270263672,2018-06-01,false,false,251
2018-08-13,17.702747344970703,19.132326126098633,2017-10-03,14.337383270263672,2018-06-01,false,false,251
2018-08-14,18.117656707763672,19.132326126098633,2017-10-03,14.337383270263672,2018-06-01,false,false,251
2018-08-15,17.910207748413086,19.132326126098633,2017-10-03,14.337383270263672,2018-06-01,false,false,251
2018-08-16,18.33911895751953,19.132326126098633,2017-10-03,14.337383270263672,2018-06-01,false,false,251
2018-08-17,18.547786712646484,19.132326126098633,2017-10-03,14.337383270263672,2018-06-01,false,false,251
2018-08-20,18.594152450561523,19.132326126098633,2017-10-03,14.337383270263672,2018-06-01,false,false,251
2018-08-21,19.475170135498047,19.475170135498047,2018-08-21,14.337383270263672,2018-06-01,true,false,251
2018-08-22,19.707021713256836,19.707021713256836,2018-08-22,14.337383270263672,2018-06-01,true,false,251
2018-08-23,19.382431030273438,19.707021713256836,2018-08-22,14.337383270263672,2018-06-01,false,false,251
2018-08-24,19.475170135498047,19.707021713256836,2018-08-22,14.337383270263672,2018-06-01,false,false,251
2018-08-27,19.127399444580078,19.707021713256836,2018-08-22,14.337383270263672,2018-06-01,false,false,251
2018-08-28,19.011478424072266,19.707021713256836,2018-08-22,14.337383270263672,2018-06-01,false,false,251
2018-08-29,18.849184036254883,19.707021713256836,2018-08-22,14.337383270263672,2018-06-01,false,false,251
2018-08-30,19.011478424072266,19.707021713256836,2018-08-22,14.337383270263672,2018-06-01,false,false,251
2018-08-31,19.150585174560547,19.707021713256836,2018-08-22,14.337383270263672,2018-06-01,false,false,251
2018-09-04,18.64051628112793,19.707021713256836,2018-08-22,14.337383270263672,2018-06-01,false,false,251
2018-09-05,18.779626846313477,19.707021713256836,2018-08-22,14.337383270263672,2018-06-01,false,false,251
2018-09-06,18.6868896484375,19.707021713256836,2018-08-22,14.337383270263672,2018-06-01,false,false,251
2018-09-07,18.941926956176758,19.707021713256836,2018-08-22,14.337383270263672,2018-06-01,false,false,251
2018-09-10,18.52459716796875,19.707021713256836,2018-08-22,14.337383270263672,2018-06-01,false,false,251
2018-09-11,18.570966720581055,19.707021713256836,2018-08-22,14.337383270263672,2018-06-01,false,false,251
2018-09-12,18.779626846313477,19.707021713256836,2018-08-22,14.337383270263672,2018-06-01,false,false,251
2018-09-13,18.733261108398438,19.707021713256836,2018-08-22,14.337383270263672,2018-06-01,false,false,251
2018-09-14,19.220142364501953,19.707021713256836,2018-08-22,14.337383270263672,2018-06-01,false,false,251
2018-09-17,19.289691925048828,19.707021713256836,2018-08-22,14.337383270263672,2018-06-01,false,false,251
2018-09-18,19.52153968811035,19.707021713256836,2018-08-22,14.337383270263672,2018-06-01,false,false,251
2018-09-19,19.451984405517578,19.707021713256836,2018-08-22,14.337383270263672,2018-06-01,false,false,251
2018-09-20,19.475170135498047,19.707021713256836,2018-08-22,14.337383270263672,2018-06-01,false,false,251
2018-09-21,19.42880630493164,19.707021713256836,2018-08-22,14.337383270263672,2018-06-01,false,false,251
2018-09-24,19.336061477661133,19.707021713256836,2018-08-22,14.337383270263672,2018-06-01,false,false,251
2018-09-25,19.3592472076416,19.707021713256836,2018-08-22,14.337383270263672,2018-06-01,false,false,251
2018-09-26,19.104215621948242,19.707021713256836,2018-08-22,14.337383270263672,2018-06-01,false,false,251
2018-09-27,18.779626846313477,19.707021713256836,2018-08-22,14.337383270263672,2018-06-01,false,false,251
2018-09-28,19.220142364501953,19.707021713256836,2018-08-22,14.337383270263672,2018-06-01,false,false,251
2018-10-01,18.770353317260742,19.707021713256836,2018-08-22,14.337383270263672,2018-06-01,false,false,251
2018-10-02,18.59878921508789,19.707021713256836,2018-08-22,14.337383270263672,2018-06-01,false,false,251
2018-10-03,18.45968246459961,19.707021713256836,2018-08-22,14.337383270263672,2018-06-01,false,false,251
2018-10-04,18.121187210083008,19.707021713256836,2018-08-22,14.337383270263672,2018-06-01,false,false,251
2018-10-05,18.13045883178711,19.707021713256836,2018-08-22,14.337383270263672,2018-06-01,false,false,251
2018-10-08,18.070173263549805,19.707021713256836,2018-08-22,14.337383270263672,2018-06-01,false,false,251
2018-10-09,17.87542152404785,19.707021713256836,2018-08-22,14.337383270263672,2018-06-01,false,false,251
2018-10-10,17.342178344726562,19.707021713256836,2018-08-22,14.337383270263672,2018-06-01,false,false,251
2018-10-11,16.7393741607666,19.707021713256836,2018-08-22,14.337383270263672,2018-06-01,false,false,251
2018-10-12,16.34986686706543,19.707021713256836,2018-08-22,14.337383270263672,2018-06-01,false,false,251
2018-10-15,16.359140396118164,19.707021713256836,2018-08-22,14.337383270263672,2018-06-01,false,false,251
2018-10-16,16.985132217407227,19.707021713256836,2018-08-22,14.337383270263672,2018-06-01,false,false,251
2018-10-17,16.994403839111328,19.707021713256836,2018-08-22,14.337383270263672,2018-06-01,false,false,251
2018-10-18,16.81819725036621,19.707021713256836,2018-08-22,14.337383270263672,2018-06-01,false,false,251
2018-10-19,16.50288963317871,19.707021713256836,2018-08-22,14.337383270263672,2018-06-01,false,false,251
2018-10-22,16.762561798095703,19.707021713256836,2018-08-22,14.337383270263672,2018-06-01,false,false,251
2018-10-23,16.553892135620117,19.707021713256836,2018-08-22,14.337383270263672,2018-06-01,false,false,251
2018-10-24,15.807347297668457,19.707021713256836,2018-08-22,14.337383270263672,2018-06-01,false,false,251
2018-10-25,16.09020233154297,19.707021713256836,2018-08-22,14.337383270263672,2018-06-01,false,false,251
2018-10-26,15.640416145324707,19.707021713256836,2018-08-22,14.337383270263672,2018-06-01,false,false,251
2018-10-29,15.097893714904785,19.707021713256836,2018-08-22,14.337383270263672,2018-06-01,false,false,251
2018-10-30,15.747065544128418,19.707021713256836,2018-08-22,14.337383270263672,2018-06-01,false,false,251
2018-10-31,15.607959747314453,19.707021713256836,2018-08-22,14.337383270263672,2018-06-01,false,false,251
2018-11-01,17.3978214263916,19.707021713256836,2018-08-22,14.337383270263672,2018-06-01,false,false,251
2018-11-02,17.620393753051758,19.707021713256836,2018-08-22,14.337383270263672,2018-06-01,false,false,251
2018-11-05,17.161334991455078,19.707021713256836,2018-08-22,14.337383270263672,2018-06-01,false,false,251
2018-11-06,17.61575698852539,19.707021713256836,2018-08-22,14.337383270263672,2018-06-01,false,false,251
2018-11-07,17.838329315185547,19.707021713256836,2018-08-22,14.337383270263672,2018-06-01,false,false,251
2018-11-08,18.251020431518555,19.707021713256836,2018-08-22,14.337383270263672,2018-06-01,false,false,251
2018-11-09,17.578659057617188,19.707021713256836,2018-08-22,14.337383270263672,2018-06-01,false,false,251
2018-11-12,17.991350173950195,19.707021713256836,2018-08-22,14.337383270263672,2018-06-01,false,false,251
2018-11-13,18.436491012573242,19.707021713256836,2018-08-22,14.337383270263672,2018-06-01,false,false,251
2018-11-14,18.45968246459961,19.707021713256836,2018-08-22,14.337383270263672,2018-06-01,false,false,251
2018-11-15,18.625221252441406,19.707021713256836,2018-08-22,14.337383270263672,2018-06-01,false,false,251
2018-11-16,18.923677444458008,19.707021713256836,2018-08-22,14.337383270263672,2018-06-01,false,false,251
2018-11-19,18.671859741210938,19.707021713256836,2018-08-22,14.337383270263672,2018-06-01,false,false,251
2018-11-20,18.41071319580078,19.707021713256836,2018-08-22,14.337383270263672,2018-06-01,false,false,251
2018-11-21,18.85373306274414,19.707021713256836,2018-08-22,14.337383270263672,2018-06-01,false,false,251
2018-11-23,18.69517707824707,19.707021713256836,2018-08-22,14.337383270263672,2018-06-01,false,false,251
2018-11-26,18.960987091064453,19.707021713256836,2018-08-22,14.337383270263672,2018-06-01,false,false,251
2018-11-27,18.60190773010254,19.707021713256836,2018-08-22,14.337383270263672,2018-06-01,false,false,251
2018-11-28,19.576539993286133,19.707021713256836,2018-08-22,14.337383270263672,2018-06-01,false,false,251
2018-11-29,19.119535446166992,19.707021713256836,2018-08-22,14.337383270263672,2018-06-01,false,false,251
2018-11-30,19.464624404907227,19.707021713256836,2018-08-22,14.337383270263672,2018-06-01,false,false,251
2018-12-03,19.744421005249023,19.744421005249023,2018-12-03,14.337383270263672,2018-06-01,true,false,251
2018-12-04,18.611238479614258,19.744421005249023,2018-12-03,14.337383270263672,2018-06-01,false,false,251
2018-12-06,18.578596115112305,19.744421005249023,2018-12-03,14.337383270263672,2018-06-01,false,false,250
2018-12-07,18.60190773010254,19.744421005249023,2018-12-03,14.337383270263672,2018-06-01,false,false,250
2018-12-10,18.825746536254883,19.744421005249023,2018-12-03,14.337383270263672,2018-06-01,false,false,250
2018-12-11,19.329389572143555,19.744421005249023,2018-12-03,14.337383270263672,2018-06-01,false,false,250
2018-12-12,20.243391036987305,20.243391036987305,2018-12-12,14.337383270263672,2018-06-01,true,false,250
2018-12-13,20.238731384277344,20.243391036987305,2018-12-12,14.337383270263672,2018-06-01,false,false,250
2018-12-14,19.777067184448242,20.243391036987305,2018-12-12,14.337383270263672,2018-06-01,false,false,250
2018-12-17,19.222129821777344,20.243391036987305,2018-12-12,14.337383270263672,2018-06-01,false,false,250
2018-12-18,19.21280288696289,20.243391036987305,2018-12-12,14.337383270263672,2018-06-01,false,false,250
2018-12-19,18.65321159362793,20.243391036987305,2018-12-12,14.337383270263672,2018-06-01,false,false,250
2018-12-20,18.95166015625,20.243391036987305,2018-12-12,14.337383270263672,2018-06-01,false,false,250
2018-12-21,19.315393447875977,20.243391036987305,2018-12-12,14.337383270263672,2018-06-01,false,false,250
2018-12-24,18.5599422454834,20.243391036987305,2018-12-12,14.337383270263672,2018-06-01,false,false,250
2018-12-26,18.80242919921875,20.243391036987305,2018-12-12,14.337383270263672,2018-06-01,false,false,250
2018-12-27,19.086894989013672,20.243391036987305,2018-12-12,14.337383270263672,2018-06-01,false,false,250
2018-12-28,19.124195098876953,20.243391036987305,2018-12-12,14.337383270263672,2018-06-01,false,false,250
2018-12-31,19.096221923828125,20.243391036987305,2018-12-12,14.337383270263672,2018-06-01,false,false,250
2019-01-02,19.51591682434082,20.243391036987305,2018-12-12,14.337383270263672,2018-06-01,false,false,250
2019-01-03,18.919017791748047,20.243391036987305,2018-12-12,14.337383270263672,2018-06-01,false,false,250
2019-01-04,19.683799743652344,20.243391036987305,2018-12-12,14.337383270263672,2018-06-01,false,false,250
2019-01-07,19.655813217163086,20.243391036987305,2018-12-12,14.337383270263672,2018-06-01,false,false,250
2019-01-08,20.108156204223633,20.243391036987305,2018-12-12,14.337383270263672,2018-06-01,false,false,250
2019-01-09,20.2480525970459,20.2480525970459,2019-01-09,14.337383270263672,2018-06-01,true,false,250
2019-01-10,20.350648880004883,20.350648880004883,2019-01-10,14.337383270263672,2018-06-01,true,false,250
2019-01-11,20.1781063079834,20.350648880004883,2019-01-10,14.337383270263672,2018-06-01,false,false,250
2019-01-14,19.674468994140625,20.350648880004883,2019-01-10,14.337383270263672,2018-06-01,false,false,250
2019-01-15,19.8983097076416,20.350648880004883,2019-01-10,14.337383270263672,2018-06-01,false,false,251
2019-01-16,19.916959762573242,20.350648880004883,2019-01-10,14.337383270263672,2018-06-01,false,false,251
2019-01-17,20.1547908782959,20.350648880004883,2019-01-10,14.337383270263672,2018-06-01,false,false,251
2019-01-18,19.940279006958008,20.350648880004883,2019-01-10,14.337383270263672,2018-06-01,false,false,251
2019-01-22,19.27342987060547,20.350648880004883,2019-01-10,14.337383270263672,2018-06-01,false,false,250
2019-01-23,18.979637145996094,20.350648880004883,2019-01-10,14.337383270263672,2018-06-01,false,false,250
2019-01-24,18.95166015625,20.350648880004883,2019-01-10,14.337383270263672,2018-06-01,false,false,250
2019-01-25,19.264101028442383,20.350648880004883,2019-01-10,14.337383270263672,2018-06-01,false,false,250
2019-01-28,19.166170120239258,20.350648880004883,2019-01-10,14.337383270263672,2018-06-01,false,false,250
2019-01-29,19.124195098876953,20.350648880004883,2019-01-10,14.337383270263672,2018-06-01,false,false,250
2019-01-30,19.445966720581055,20.350648880004883,2019-01-10,14.337383270263672,2018-06-01,false,false,250
2019-01-31,19.348039627075195,20.350648880004883,2019-01-10,14.337383270263672,2018-06-01,false,false,250
2019-02-01,19.926284790039062,20.350648880004883,2019-01-10,14.337383270263672,2018-06-01,false,false,250
2019-02-04,19.595195770263672,20.350648880004883,2019-01-10,14.337383270263672,2018-06-01,false,false,250
2019-02-05,20.11748695373535,20.350648880004883,2019-01-10,14.337383270263672,2018-06-01,false,false,250
2019-02-06,19.707115173339844,20.350648880004883,2019-01-10,14.337383270263672,2018-06-01,false,false,250
2019-02-07,18.093608856201172,20.350648880004883,2019-01-10,14.337383270263672,2018-06-01,false,false,250
2019-02-08,18.06096649169922,20.350648880004883,2019-01-10,14.337383270263672,2018-06-01,false,false,250
2019-02-11,17.26354217529297,20.350648880004883,2019-01-10,14.337383270263672,2018-06-01,false,false,250
2019-02-12,18.58325958251953,20.350648880004883,2019-01-10,14.337383270263672,2018-06-01,false,false,250
2019-02-13,18.64854621887207,20.350648880004883,2019-01-10,14.337383270263672,2018-06-01,false,false,250
2019-02-14,18.788448333740234,20.350648880004883,2019-01-10,14.337383270263672,2018-06-01,false,false,250
2019-02-15,19.464624404907227,20.350648880004883,2019-01-10,14.337383270263672,2018-06-01,false,false,250
2019-02-19,19.99156951904297,20.350648880004883,2019-01-10,14.337383270263672,2018-06-01,false,false,250
2019-02-20,20.252716064453125,20.350648880004883,2019-01-10,14.337383270263672,2018-06-01,false,false,250
2019-02-21,19.9714298248291,20.350648880004883,2019-01-10,14.337383270263672,2018-06-01,false,false,250
2019-02-22,19.910484313964844,20.350648880004883,2019-01-10,14.337383270263672,2018-06-01,false,false,250
2019-02-25,19.502614974975586,20.350648880004883,2019-01-10,14.337383270263672,2018-06-01,false,false,250
2019-02-26,19.451051712036133,20.350648880004883,2019-01-10,14.337383270263672,2018-06-01,false,false,250
2019-02-27,19.666702270507812,20.350648880004883,2019-01-10,14.337383270263672,2018-06-01,false,false,250
2019-02-28,19.32447052001953,20.350648880004883,2019-01-10,14.337383270263672,2018-06-01,false,false,250
2019-03-01,19.722963333129883,20.350648880004883,2019-01-10,14.337383270263672,2018-06-01,false,false,250
2019-03-04,19.249460220336914,20.350648880004883,2019-01-10,14.337383270263672,2018-06-01,false,false,250
2019-03-05,19.075998306274414,20.350648880004883,2019-01-10,14.337383270263672,2018-06-01,false,false,250
2019-03-06,18.982234954833984,20.350648880004883,2019-01-10,14.337383270263672,2018-06-01,false,false,250
2019-03-07,18.76189422607422,20.350648880004883,2019-01-10,14.337383270263672,2018-06-01,false,false,250
2019-03-08,18.71969985961914,20.350648880004883,2019-01-10,14.337383270263672,2018-06-01,false,false,250
2019-03-11,19.066619873046875,20.350648880004883,2019-01-10,14.337383270263672,2018-06-01,false,false,250
2019-03-12,18.94004249572754,20.350648880004883,2019-01-10,14.337383270263672,2018-06-01,false,false,250
2019-03-13,18.860347747802734,20.350648880004883,2019-01-10,14.337383270263672,2018-06-01,false,false,250
2019-03-14,18.48529624938965,20.350648880004883,2019-01-10,14.337383270263672,2018-06-01,false,false,250
2019-03-15,18.46654510498047,20.350648880004883,2019-01-10,14.337383270263672,2018-06-01,false,false,250
2019-03-18,18.344650268554688,20.350648880004883,2019-01-10,14.337383270263672,2018-06-01,false,false,250
2019-03-19,18.349342346191406,20.350648880004883,2019-01-10,14.337383270263672,2018-06-01,false,false,250
2019-03-20,18.504051208496094,20.350648880004883,2019-01-10,14.337383270263672,2018-06-01,false,false,250
2019-03-21,18.518112182617188,20.350648880004883,2019-01-10,14.337383270263672,2018-06-01,false,false,250
2019-03-22,17.308574676513672,20.350648880004883,2019-01-10,14.337383270263672,2018-06-01,false,false,250
2019-03-25,17.61799430847168,20.350648880004883,2019-01-10,14.337383270263672,2018-06-01,false,false,250
2019-03-26,17.51015853881836,20.350648880004883,2019-01-10,14.337383270263672,2018-06-01,false,false,250
2019-03-27,17.51015853881836,20.350648880004883,2019-01-10,14.337383270263672,2018-06-01,false,false,250
2019-03-28,17.641429901123047,20.350648880004883,2019-01-10,14.337383270263672,2018-06-01,false,false,250
2019-03-29,17.266382217407227,20.350648880004883,2019-01-10,14.337383270263672,2018-06-01,false,false,250
2019-04-01,17.458595275878906,20.350648880004883,2019-01-10,14.337383270263672,2018-06-01,false,false,251
2019-04-02,17.58985710144043,20.350648880004883,2019-01-10,14.337383270263672,2018-06-01,false,false,251
2019-04-03,17.7492618560791,20.350648880004883,2019-01-10,14.337383270263672,2018-06-01,false,false,251
2019-04-04,18.15712547302246,20.350648880004883,2019-01-10,14.337383270263672,2018-06-01,false,false,251
2019-04-05,18.48998260498047,20.350648880004883,2019-01-10,14.337383270263672,2018-06-01,false,false,251
2019-04-08,18.307144165039062,20.350648880004883,2019-01-10,14.337383270263672,2018-06-01,false,false,251
2019-04-09,17.79145050048828,20.350648880004883,2019-01-10,14.337383270263672,2018-06-01,false,false,251
2019-04-10,18.46654510498047,20.350648880004883,2019-01-10,14.337383270263672,2018-06-01,false,false,251
2019-04-11,18.396221160888672,20.350648880004883,2019-01-10,14.337383270263672,2018-06-01,false,false,251
2019-04-12,18.180566787719727,20.350648880004883,2019-01-10,14.337383270263672,2018-06-01,false,false,251
2019-04-15,18.05867576599121,20.350648880004883,2019-01-10,14.337383270263672,2018-06-01,false,false,251
2019-04-16,18.41497039794922,20.350648880004883,2019-01-10,14.337383270263672,2018-06-01,false,false,251
2019-04-17,18.152435302734375,20.350648880004883,2019-01-10,14.337383270263672,2018-06-01,false,false,251
2019-04-18,18.28839111328125,20.350648880004883,2019-01-10,14.337383270263672,2018-06-01,false,false,251
2019-04-22,17.9461612701416,20.350648880004883,2019-01-10,14.337383270263672,2018-06-01,false,false,250
2019-04-23,18.133684158325195,20.350648880004883,2019-01-10,14.337383270263672,2018-06-01,false,false,250
2019-04-24,17.983665466308594,20.350648880004883,2019-01-10,14.337383270263672,2018-06-01,false,false,250
2019-04-25,17.421092987060547,20.350648880004883,2019-01-10,14.337383270263672,2018-06-01,false,false,250
2019-04-26,17.683622360229492,20.350648880004883,2019-01-10,14.337383270263672,2018-06-01,false,false,250
2019-04-29,17.669557571411133,20.350648880004883,2019-01-10,14.337383270263672,2018-06-01,false,false,250
2019-04-30,17.303882598876953,20.350648880004883,2019-01-10,14.337383270263672,2018-06-01,false,false,250
2019-05-01,17.336702346801758,20.350648880004883,2019-01-10,14.337383270263672,2018-06-01,false,false,250
2019-05-02,17.83833122253418,20.350648880004883,2019-01-10,14.337383270263672,2018-06-01,false,false,250
2019-05-03,18.991613388061523,20.350648880004883,2019-01-10,14.337383270263672,2018-06-01,false,false,250
2019-05-06,18.855655670166016,20.350648880004883,2019-01-10,14.337383270263672,2018-06-01,false,false,250
2019-05-07,17.6226806640625,20.350648880004883,2019-01-10,14.337383270263672,2018-06-01,false,false,250
2019-05-08,17.90865707397461,20.350648880004883,2019-01-10,14.337383270263672,2018-06-01,false,false,250
2019-05-09,17.603927612304688,20.350648880004883,2019-01-10,14.337383270263672,2018-06-01,false,false,250
2019-05-10,17.80551528930664,20.350648880004883,2019-01-10,14.337383270263672,2018-06-01,false,false,250
2019-05-13,17.219499588012695,20.350648880004883,2019-01-10,14.337383270263672,2018-06-01,false,false,250
2019-05-14,17.472658157348633,20.350648880004883,2019-01-10,14.337383270263672,2018-06-01,false,false,250
2019-05-15,17.542985916137695,20.350648880004883,2019-01-10,14.337383270263672,2018-06-01,false,false,250
2019-05-16,17.341392517089844,20.350648880004883,2019-01-10,14.337383270263672,2018-06-01,false,false,250
2019-05-17,17.214813232421875,20.350648880004883,2019-01-10,14.337383270263672,2018-06-01,false,false,250
2019-05-20,16.999155044555664,20.350648880004883,2019-01-10,14.337383270263672,2018-06-01,false,false,250
2019-05-21,17.09292221069336,20.350648880004883,2019-01-10,14.337383270263672,2018-06-01,false,false,250
2019-05-22,16.159982681274414,20.350648880004883,2019-01-10,14.337383270263672,2018-06-01,false,false,250
2019-05-23,16.169357299804688,20.350648880004883,2019-01-10,14.337383270263672,2018-06-01,false,false,250
2019-05-24,16.886642456054688,20.350648880004883,2019-01-10,14.337383270263672,2018-06-01,false,false,250
2019-05-28,16.81631851196289,20.350648880004883,2019-01-10,14.337383270263672,2018-06-01,false,false,250
2019-05-29,17.05072593688965,20.350648880004883,2019-01-10,14.337383270263672,2018-06-01,false,false,250
2019-05-30,17.317951202392578,20.350648880004883,2019-01-10,14.337383270263672,2018-06-01,false,false,250
2019-05-31,16.670988082885742,20.350648880004883,2019-01-10,14.337383270263672,2018-06-01,false,false,250
2019-06-03,17.09760856628418,20.350648880004883,2019-01-10,14.337383270263672,2018-06-01,false,false,250
2019-06-04,17.974288940429688,20.350648880004883,2019-01-10,15.097893714904785,2018-10-29,false,false,250
2019-06-05,17.346080780029297,20.350648880004883,2019-01-10,15.097893714904785,2018-10-29,false,false,250
2019-06-06,18.044260025024414,20.350648880004883,2019-01-10,15.097893714904785,2018-10-29,false,false,250
2019-06-07,18.110305786132812,20.350648880004883,2019-01-10,15.097893714904785,2018-10-29,false,false,250
2019-06-10,18.2518310546875,20.350648880004883,2019-01-10,15.097893714904785,2018-10-29,false,false,250
2019-06-11,18.383914947509766,20.350648880004883,2019-01-10,15.097893714904785,2018-10-29,false,false,250
2019-06-12,18.784902572631836,20.350648880004883,2019-01-10,15.097893714904785,2018-10-29,false,false,250
2019-06-13,18.8509464263916,20.350648880004883,2019-01-10,15.097893714904785,2018-10-29,false,false,250
2019-06-14,18.96416664123535,20.350648880004883,2019-01-10,15.097893714904785,2018-10-29,false,false,250
2019-06-17,18.388635635375977,20.350648880004883,2019-01-10,15.097893714904785,2018-10-29,false,false,250
2019-06-18,18.808488845825195,20.350648880004883,2019-01-10,15.097893714904785,2018-10-29,false,false,250
2019-06-19,18.86981964111328,20.350648880004883,2019-01-10,15.097893714904785,2018-10-29,false,false,250
2019-06-20,19.11040687561035,20.350648880004883,2019-01-10,15.097893714904785,2018-10-29,false,false,250
2019-06-21,18.784902572631836,20.350648880004883,2019-01-10,15.097893714904785,2018-10-29,false,false,250
2019-06-24,18.85566520690918,20.350648880004883,2019-01-10,15.097893714904785,2018-10-29,false,false,250
2019-06-25,18.954727172851562,20.350648880004883,2019-01-10,15.097893714904785,2018-10-29,false,false,250
2019-06-26,19.431194305419922,20.350648880004883,2019-01-10,15.097893714904785,2018-10-29,false,false,250
2019-06-27,20.200138092041016,20.350648880004883,2019-01-10,15.097893714904785,2018-10-29,false,false,250
2019-06-28,20.478471755981445,20.478471755981445,2019-06-28,15.097893714904785,2018-10-29,true,false,250
2019-07-01,20.5539493560791,20.5539493560791,2019-07-01,15.097893714904785,2018-10-29,true,false,250
2019-07-02,19.997289657592773,20.5539493560791,2019-07-01,15.097893714904785,2018-10-29,false,false,250
2019-07-03,19.704805374145508,20.5539493560791,2019-07-01,15.097893714904785,2018-10-29,false,false,250
2019-07-05,19.950115203857422,20.5539493560791,2019-07-01,15.097893714904785,2018-10-29,false,false,250
2019-07-08,19.64820098876953,20.5539493560791,2019-07-01,15.097893714904785,2018-10-29,false,false,250
2019-07-09,19.332130432128906,20.5539493560791,2019-07-01,15.097893714904785,2018-10-29,false,false,250
2019-07-10,19.841611862182617,20.5539493560791,2019-07-01,15.097893714904785,2018-10-29,false,false,250
2019-07-11,19.501956939697266,20.5539493560791,2019-07-01,15.097893714904785,2018-10-29,false,false,250
2019-07-12,20.06805419921875,20.5539493560791,2019-07-01,15.097893714904785,2018-10-29,false,false,250
2019-07-15,20.119943618774414,20.5539493560791,2019-07-01,15.097893714904785,2018-10-29,false,false,250
2019-07-16,20.29448699951172,20.5539493560791,2019-07-01,15.097893714904785,2018-10-29,false,false,250
2019-07-17,20.247310638427734,20.5539493560791,2019-07-01,15.097893714904785,2018-10-29,false,false,250
2019-07-18,20.388839721679688,20.5539493560791,2019-07-01,15.097893714904785,2018-10-29,false,false,250
2019-07-19,20.36053466796875,20.5539493560791,2019-07-01,15.097893714904785,2018-10-29,false,false,250
2019-07-22,20.327512741088867,20.5539493560791,2019-07-01,15.097893714904785,2018-10-29,false,false,250
2019-07-23,20.58696937561035,20.58696937561035,2019-07-23,15.097893714904785,2018-10-29,true,false,250
2019-07-24,21.17193031311035,21.17193031311035,2019-07-24,15.097893714904785,2018-10-29,true,false,250
2019-07-25,20.365245819091797,21.17193031311035,2019-07-24,15.097893714904785,2018-10-29,false,false,250
2019-07-26,20.84171485900879,21.17193031311035,2019-07-24,15.097893714904785,2018-10-29,false,false,250
2019-07-29,20.58224868774414,21.17193031311035,2019-07-24,15.097893714904785,2018-10-29,false,false,250
2019-07-30,21.200239181518555,21.200239181518555,2019-07-30,15.097893714904785,2018-10-29,true,false,250
2019-07-31,20.601119995117188,21.200239181518555,2019-07-30,15.097893714904785,2018-10-29,false,false,250
2019-08-01,21.308738708496094,21.308738708496094,2019-08-01,15.097893714904785,2018-10-29,true,false,250
2019-08-02,22.12957763671875,22.12957763671875,2019-08-02,15.097893714904785,2018-10-29,true,false,250
2019-08-05,22.0305118560791,22.12957763671875,2019-08-02,15.097893714904785,2018-10-29,false,false,250
2019-08-06,21.516307830810547,22.12957763671875,2019-08-02,15.097893714904785,2018-10-29,false,false,250
2019-08-07,20.84642791748047,22.12957763671875,2019-08-02,15.097893714904785,2018-10-29,false,false,250
2019-08-08,21.582347869873047,22.12957763671875,2019-08-02,15.097893714904785,2018-10-29,false,false,250
2019-08-09,20.803972244262695,22.12957763671875,2019-08-02,15.097893714904785,2018-10-29,false,false,250
2019-08-12,21.07758331298828,22.12957763671875,2019-08-02,15.097893714904785,2018-10-29,false,false,250
2019-08-13,21.360633850097656,22.12957763671875,2019-08-02,15.097893714904785,2018-10-29,false,false,250
2019-08-14,21.577632904052734,22.12957763671875,2019-08-02,15.097893714904785,2018-10-29,false,false,250
2019-08-15,21.406949996948242,22.12957763671875,2019-08-02,15.097893714904785,2018-10-29,false,false,250
2019-08-16,21.74358367919922,22.12957763671875,2019-08-02,15.097893714904785,2018-10-29,false,false,250
2019-08-19,21.577632904052734,22.12957763671875,2019-08-02,15.097893714904785,2018-10-29,false,false,250
2019-08-20,21.003936767578125,22.12957763671875,2019-08-02,15.097893714904785,2018-10-29,false,false,250
2019-08-21,21.506515502929688,22.12957763671875,2019-08-02,15.097893714904785,2018-10-29,false,false,250
2019-08-22,21.283674240112305,22.12957763671875,2019-08-02,15.097893714904785,2018-10-29,false,false,250
2019-08-23,20.581966400146484,22.12957763671875,2019-08-02,15.097893714904785,2018-10-29,false,false,250
2019-08-26,20.814287185668945,22.12957763671875,2019-08-02,15.097893714904785,2018-10-29,false,false,250
2019-08-27,20.771617889404297,22.12957763671875,2019-08-02,15.097893714904785,2018-10-29,false,false,250
2019-08-28,20.833253860473633,22.12957763671875,2019-08-02,15.097893714904785,2018-10-29,false,false,250
2019-08-29,21.04660987854004,22.12957763671875,2019-08-02,15.097893714904785,2018-10-29,false,false,250
2019-08-30,21.027647018432617,22.12957763671875,2019-08-02,15.097893714904785,2018-10-29,false,false,250
2019-09-03,20.9517822265625,22.12957763671875,2019-08-02,15.097893714904785,2018-10-29,false,false,250
2019-09-04,20.30222511291504,22.12957763671875,2019-08-02,15.097893714904785,2018-10-29,false,false,250
2019-09-05,20.819032669067383,22.12957763671875,2019-08-02,15.097893714904785,2018-10-29,false,false,250
2019-09-06,20.47291374206543,22.12957763671875,2019-08-02,15.097893714904785,2018-10-29,false,false,250
2019-09-09,20.705236434936523,22.12957763671875,2019-08-02,15.097893714904785,2018-10-29,false,false,250
2019-09-10,21.05135154724121,22.12957763671875,2019-08-02,15.097893714904785,2018-10-29,false,false,250
2019-09-11,21.146177291870117,22.12957763671875,2019-08-02,15.097893714904785,2018-10-29,false,false,250
2019-09-12,21.43539810180664,22.12957763671875,2019-08-02,15.097893714904785,2018-10-29,false,false,250
2019-09-13,21.587121963500977,22.12957763671875,2019-08-02,15.097893714904785,2018-10-29,false,false,250
2019-09-16,20.330671310424805,22.12957763671875,2019-08-02,15.097893714904785,2018-10-29,false,false,250
2019-09-17,21.079801559448242,22.12957763671875,2019-08-02,15.097893714904785,2018-10-29,false,false,250
2019-09-18,21.070314407348633,22.12957763671875,2019-08-02,15.097893714904785,2018-10-29,false,false,250
2019-09-19,20.880666732788086,22.12957763671875,2019-08-02,15.097893714904785,2018-10-29,false,false,250
2019-09-20,20.529808044433594,22.12957763671875,2019-08-02,15.097893714904785,2018-10-29,false,false,250
2019-09-23,20.553516387939453,22.12957763671875,2019-08-02,15.097893714904785,2018-10-29,false,false,250
2019-09-24,20.05093765258789,22.12957763671875,2019-08-02,15.097893714904785,2018-10-29,false,false,250
2019-09-25,20.136281967163086,22.12957763671875,2019-08-02,15.097893714904785,2018-10-29,false,false,250
2019-09-26,19.828094482421875,22.12957763671875,2019-08-02,15.097893714904785,2018-10-29,false,false,250
2019-09-27,20.240585327148438,22.12957763671875,2019-08-02,15.097893714904785,2018-10-29,false,false,250
2019-09-30,20.15050506591797,22.12957763671875,2019-08-02,15.097893714904785,2018-10-29,false,false,250
2019-10-01,19.5246524810791,22.12957763671875,2019-08-02,15.097893714904785,2018-10-29,false,false,250
2019-10-02,19.624225616455078,22.12957763671875,2019-08-02,15.097893714904785,2018-10-29,false,false,250
2019-10-03,19.278104782104492,22.12957763671875,2019-08-02,15.097893714904785,2018-10-29,false,false,250
2019-10-04,19.444049835205078,22.12957763671875,2019-08-02,15.097893714904785,2018-10-29,false,false,250
2019-10-07,19.278104782104492,22.12957763671875,2019-08-02,15.097893714904785,2018-10-29,false,false,250
2019-10-08,18.898805618286133,22.12957763671875,2019-08-02,15.097893714904785,2018-10-29,false,false,250
2019-10-09,18.685447692871094,22.12957763671875,2019-08-02,15.097893714904785,2018-10-29,false,false,250
2019-10-10,18.46260643005371,22.12957763671875,2019-08-02,15.097893714904785,2018-10-29,false,false,250
2019-10-11,18.780269622802734,22.12957763671875,2019-08-02,15.097893714904785,2018-10-29,false,false,250
2019-10-14,19.173797607421875,22.12957763671875,2019-08-02,15.097893714904785,2018-10-29,false,false,250
2019-10-15,19.425085067749023,22.12957763671875,2019-08-02,15.097893714904785,2018-10-29,false,false,250
2019-10-16,19.225954055786133,22.12957763671875,2019-08-02,15.097893714904785,2018-10-29,false,false,250
2019-10-17,19.486722946166992,22.12957763671875,2019-08-02,15.097893714904785,2018-10-29,false,false,250
2019-10-18,19.0789737701416,22.12957763671875,2019-08-02,15.097893714904785,2018-10-29,false,false,250
2019-10-21,19.57680892944336,22.12957763671875,2019-08-02,15.097893714904785,2018-10-29,false,false,250
2019-10-22,19.19276237487793,22.12957763671875,2019-08-02,15.097893714904785,2018-10-29,false,false,250
2019-10-23,19.036304473876953,22.12957763671875,2019-08-02,15.097893714904785,2018-10-29,false,false,250
2019-10-24,18.822946548461914,22.12957763671875,2019-08-02,15.097893714904785,2018-10-29,false,false,250
2019-10-25,18.894060134887695,22.12957763671875,2019-08-02,15.097893714904785,2018-10-29,false,false,250
2019-10-28,19.13112449645996,22.12957763671875,2019-08-02,15.097893714904785,2018-10-29,false,false,250
2019-10-29,19.481983184814453,22.12957763671875,2019-08-02,15.097893714904785,2018-10-29,false,false,250
2019-10-30,19.572065353393555,22.12957763671875,2019-08-02,15.607959747314453,2018-10-31,false,false,250
2019-10-31,20.2690372467041,22.12957763671875,2019-08-02,15.607959747314453,2018-10-31,false,false,250
2019-11-01,20.65308380126953,22.12957763671875,2019-08-02,16.159982681274414,2019-05-22,false,false,250
2019-11-04,21.01342010498047,22.12957763671875,2019-08-02,16.159982681274414,2019-05-22,false,false,250
2019-11-05,21.25522804260254,22.12957763671875,2019-08-02,16.159982681274414,2019-05-22,false,false,250
2019-11-06,21.003936767578125,22.12957763671875,2019-08-02,16.159982681274414,2019-05-22,false,false,250
2019-11-07,21.411691665649414,22.12957763671875,2019-08-02,16.159982681274414,2019-05-22,false,false,250
2019-11-08,21.165143966674805,22.12957763671875,2019-08-02,16.159982681274414,2019-05-22,false,false,250
2019-11-11,20.667306900024414,22.12957763671875,2019-08-02,16.159982681274414,2019-05-22,false,false,250
2019-11-12,20.392311096191406,22.12957763671875,2019-08-02,16.159982681274414,2019-05-22,false,false,250
2019-11-13,20.392311096191406,22.12957763671875,2019-08-02,16.159982681274414,2019-05-22,false,false,250
2019-11-14,20.00143814086914,22.12957763671875,2019-08-02,16.159982681274414,2019-05-22,false,false,250
2019-11-15,19.88226318359375,22.12957763671875,2019-08-02,16.159982681274414,2019-05-22,false,false,250
2019-11-18,19.491390228271484,22.12957763671875,2019-08-02,16.159982681274414,2019-05-22,false,false,250
2019-11-19,19.443721771240234,22.12957763671875,2019-08-02,16.159982681274414,2019-05-22,false,false,250
2019-11-20,18.967041015625,22.12957763671875,2019-08-02,16.159982681274414,2019-05-22,false,false,250
2019-11-21,18.876474380493164,22.12957763671875,2019-08-02,16.159982681274414,2019-05-22,false,false,250
2019-11-22,19.014711380004883,22.12957763671875,2019-08-02,16.159982681274414,2019-05-22,false,false,251
2019-11-25,19.791696548461914,22.12957763671875,2019-08-02,16.159982681274414,2019-05-22,false,false,251
2019-11-26,20.120607376098633,22.12957763671875,2019-08-02,16.159982681274414,2019-05-22,false,false,251
2019-11-27,20.034801483154297,22.12957763671875,2019-08-02,16.159982681274414,2019-05-22,false,false,251
2019-11-29,19.696359634399414,22.12957763671875,2019-08-02,16.159982681274414,2019-05-22,false,false,250
2019-12-02,19.38652229309082,22.12957763671875,2019-08-02,16.159982681274414,2019-05-22,false,false,250
2019-12-03,19.37698745727539,22.12957763671875,2019-08-02,16.159982681274414,2019-05-22,false,false,250
2019-12-04,19.99666976928711,22.12957763671875,2019-08-02,16.159982681274414,2019-05-22,false,false,250
2019-12-05,20.077701568603516,22.12957763671875,2019-08-02,16.159982681274414,2019-05-22,false,false,251
2019-12-06,20.444744110107422,22.12957763671875,2019-08-02,16.159982681274414,2019-05-22,false,false,251
2019-12-09,20.72598648071289,22.12957763671875,2019-08-02,16.159982681274414,2019-05-22,false,false,251
2019-12-10,20.892822265625,22.12957763671875,2019-08-02,16.159982681274414,2019-05-22,false,false,251
2019-12-11,21.107328414916992,22.12957763671875,2019-08-02,16.159982681274414,2019-05-22,false,false,251
2019-12-12,21.460073471069336,22.12957763671875,2019-08-02,16.159982681274414,2019-05-22,false,false,251
2019-12-13,21.12639808654785,22.12957763671875,2019-08-02,16.159982681274414,2019-05-22,false,false,251
2019-12-16,21.24556541442871,22.12957763671875,2019-08-02,16.159982681274414,2019-05-22,false,false,251
2019-12-17,21.4696102142334,22.12957763671875,2019-08-02,16.159982681274414,2019-05-22,false,false,251
2019-12-18,21.364736557006836,22.12957763671875,2019-08-02,16.159982681274414,2019-05-22,false,false,251
2019-12-19,21.312299728393555,22.12957763671875,2019-08-02,16.159982681274414,2019-05-22,false,false,251
2019-12-20,21.674579620361328,22.12957763671875,2019-08-02,16.159982681274414,2019-05-22,false,false,251
2019-12-23,21.712709426879883,22.12957763671875,2019-08-02,16.159982681274414,2019-05-22,false,false,251
2019-12-24,21.879549026489258,22.12957763671875,2019-08-02,16.159982681274414,2019-05-22,false,false,251
2019-12-26,21.927217483520508,22.12957763671875,2019-08-02,16.159982681274414,2019-05-22,false,false,251
2019-12-27,21.512508392333984,22.12957763671875,2019-08-02,16.159982681274414,2019-05-22,false,false,251
2019-12-30,21.579242706298828,22.12957763671875,2019-08-02,16.159982681274414,2019-05-22,false,false,251
2019-12-31,21.836645126342773,22.12957763671875,2019-08-02,16.159982681274414,2019-05-22,false,false,251
2020-01-02,21.84618377685547,22.12957763671875,2019-08-02,16.159982681274414,2019-05-22,false,false,251
2020-01-03,21.236032485961914,22.12957763671875,2019-08-02,16.159982681274414,2019-05-22,false,false,251
2020-01-06,21.116865158081055,22.12957763671875,2019-08-02,16.159982681274414,2019-05-22,false,false,251
2020-01-07,20.840389251708984,22.12957763671875,2019-08-02,16.159982681274414,2019-05-22,false,false,251
2020-01-08,20.711688995361328,22.12957763671875,2019-08-02,16.159982681274414,2019-05-22,false,false,251
2020-01-09,20.444744110107422,22.12957763671875,2019-08-02,16.159982681274414,2019-05-22,false,false,251
2020-01-10,20.2111759185791,22.12957763671875,2019-08-02,16.159982681274414,2019-05-22,false,false,251
2020-01-13,20.51624870300293,22.12957763671875,2019-08-02,16.159982681274414,2019-05-22,false,false,251
2020-01-14,20.325578689575195,22.12957763671875,2019-08-02,16.159982681274414,2019-05-22,false,false,251
2020-01-15,20.182573318481445,22.12957763671875,2019-08-02,16.159982681274414,2019-05-22,false,false,251
2020-01-16,20.444744110107422,22.12957763671875,2019-08-02,16.159982681274414,2019-05-22,false,false,251
2020-01-17,20.716455459594727,22.12957763671875,2019-08-02,16.159982681274414,2019-05-22,false,false,251
2020-01-21,19.98236656188965,22.12957763671875,2019-08-02,16.159982681274414,2019-05-22,false,false,251
2020-01-22,19.891799926757812,22.12957763671875,2019-08-02,16.159982681274414,2019-05-22,false,false,251
2020-01-23,20.378007888793945,22.12957763671875,2019-08-02,16.159982681274414,2019-05-22,false,false,251
2020-01-24,19.968067169189453,22.12957763671875,2019-08-02,16.159982681274414,2019-05-22,false,false,251
2020-01-27,19.968067169189453,22.12957763671875,2019-08-02,16.159982681274414,2019-05-22,false,false,251
2020-01-28,20.187339782714844,22.12957763671875,2019-08-02,16.159982681274414,2019-05-22,false,false,251
2020-01-29,20.144437789916992,22.12957763671875,2019-08-02,16.159982681274414,2019-05-22,false,false,251
2020-01-30,20.320812225341797,22.12957763671875,2019-08-02,16.159982681274414,2019-05-22,false,false,251
2020-01-31,19.915634155273438,22.12957763671875,2019-08-02,16.159982681274414,2019-05-22,false,false,251
2020-02-03,20.497182846069336,22.12957763671875,2019-08-02,16.159982681274414,2019-05-22,false,false,251
2020-02-04,20.063404083251953,22.12957763671875,2019-08-02,16.159982681274414,2019-05-22,false,false,251
2020-02-05,20.320812225341797,22.12957763671875,2019-08-02,16.159982681274414,2019-05-22,false,false,251
2020-02-06,20.19687843322754,22.12957763671875,2019-08-02,16.159982681274414,2019-05-22,false,false,251
2020-02-07,19.939468383789062,22.12957763671875,2019-08-02,16.159982681274414,2019-05-22,false,false,251
2020-02-10,20.24930763244629,22.12957763671875,2019-08-02,16.159982681274414,2019-05-22,false,false,251
2020-02-11,20.106304168701172,22.12957763671875,2019-08-02,16.159982681274414,2019-05-22,false,false,251
2020-02-12,20.277912139892578,22.12957763671875,2019-08-02,16.159982681274414,2019-05-22,false,false,251
2020-02-13,20.45427894592285,22.12957763671875,2019-08-02,16.159982681274414,2019-05-22,false,false,251
2020-02-14,20.473346710205078,22.12957763671875,2019-08-02,16.159982681274414,2019-05-22,false,false,251
2020-02-18,20.225473403930664,22.12957763671875,2019-08-02,16.159982681274414,2019-05-22,false,false,251
2020-02-19,20.16350555419922,22.12957763671875,2019-08-02,16.159982681274414,2019-05-22,false,false,251
2020-02-20,20.001977920532227,22.12957763671875,2019-08-02,16.159982681274414,2019-05-22,false,false,251
2020-02-21,19.723974227905273,22.12957763671875,2019-08-02,16.159982681274414,2019-05-22,false,false,251
2020-02-24,19.072097778320312,22.12957763671875,2019-08-02,16.159982681274414,2019-05-22,false,false,251
2020-02-25,18.463359832763672,22.12957763671875,2019-08-02,16.159982681274414,2019-05-22,false,false,251
2020-02-26,18.808473587036133,22.12957763671875,2019-08-02,16.159982681274414,2019-05-22,false,false,251
2020-02-27,18.008007049560547,22.12957763671875,2019-08-02,16.159982681274414,2019-05-22,false,false,251
2020-02-28,17.135648727416992,22.12957763671875,2019-08-02,16.159982681274414,2019-05-22,false,false,251
2020-03-02,18.079910278320312,22.12957763671875,2019-08-02,16.159982681274414,2019-05-22,false,false,251
2020-03-03,18.41063690185547,22.12957763671875,2019-08-02,16.159982681274414,2019-05-22,false,false,251
2020-03-04,19.27820587158203,22.12957763671875,2019-08-02,16.159982681274414,2019-05-22,false,false,251
2020-03-05,19.105649948120117,22.12957763671875,2019-08-02,16.159982681274414,2019-05-22,false,false,251
2020-03-06,18.82764434814453,22.12957763671875,2019-08-02,16.159982681274414,2019-05-22,false,false,251
2020-03-09,17.974456787109375,22.12957763671875,2019-08-02,16.159982681274414,2019-05-22,false,false,251
2020-03-10,18.32915496826172,22.12957763671875,2019-08-02,16.159982681274414,2019-05-22,false,false,251
2020-03-11,18.180564880371094,22.12957763671875,2019-08-02,16.159982681274414,2019-05-22,false,false,251
2020-03-12,16.320804595947266,22.12957763671875,2019-08-02,16.159982681274414,2019-05-22,false,false,251
2020-03-13,17.897764205932617,22.12957763671875,2019-08-02,16.159982681274414,2019-05-22,false,false,251
2020-03-16,15.055405616760254,22.12957763671875,2019-08-02,15.055405616760254,2020-03-16,false,true,251
2020-03-17,14.844505310058594,22.12957763671875,2019-08-02,14.844505310058594,2020-03-17,false,true,251
2020-03-18,13.473652839660645,22.12957763671875,2019-08-02,13.473652839660645,2020-03-18,false,true,251
2020-03-19,15.932560920715332,22.12957763671875,2019-08-02,13.473652839660645,2020-03-18,false,false,251
2020-03-20,16.12428855895996,22.12957763671875,2019-08-02,13.473652839660645,2020-03-18,false,false,251
2020-03-23,16.12908172607422,22.12957763671875,2019-08-02,13.473652839660645,2020-03-18,false,false,251
2020-03-24,16.67070960998535,22.12957763671875,2019-08-02,13.473652839660645,2020-03-18,false,false,251
2020-03-25,16.62757110595703,22.12957763671875,2019-08-02,13.473652839660645,2020-03-18,false,false,251
2020-03-26,17.62934684753418,22.12957763671875,2019-08-02,13.473652839660645,2020-03-18,false,false,251
2020-03-27,15.951730728149414,22.12957763671875,2019-08-02,13.473652839660645,2020-03-18,false,false,251
2020-03-30,17.394481658935547,22.12957763671875,2019-08-02,13.473652839660645,2020-03-18,false,false,251
2020-03-31,17.063749313354492,22.12957763671875,2019-08-02,13.473652839660645,2020-03-18,false,false,251
2020-04-01,15.668932914733887,22.12957763671875,2019-08-02,13.473652839660645,2020-03-18,false,false,251
2020-04-02,16.109909057617188,22.12957763671875,2019-08-02,13.473652839660645,2020-03-18,false,false,251
2020-04-03,14.8684720993042,22.12957763671875,2019-08-02,13.473652839660645,2020-03-18,false,false,251
2020-04-06,16.402294158935547,22.12957763671875,2019-08-02,13.473652839660645,2020-03-18,false,false,251
2020-04-07,15.831902503967285,22.12957763671875,2019-08-02,13.473652839660645,2020-03-18,false,false,251
2020-04-08,16.205774307250977,22.12957763671875,2019-08-02,13.473652839660645,2020-03-18,false,false,251
2020-04-09,16.96309471130371,22.12957763671875,2019-08-02,13.473652839660645,2020-03-18,false,false,251
2020-04-13,16.177011489868164,22.12957763671875,2019-08-02,13.473652839660645,2020-03-18,false,false,250
2020-04-14,16.570051193237305,22.12957763671875,2019-08-02,13.473652839660645,2020-03-18,false,false,250
2020-04-15,15.889420509338379,22.12957763671875,2019-08-02,13.473652839660645,2020-03-18,false,false,250
2020-04-16,16.541292190551758,22.12957763671875,2019-08-02,13.473652839660645,2020-03-18,false,false,250
2020-04-17,16.953506469726562,22.12957763671875,2019-08-02,13.473652839660645,2020-03-18,false,false,250
2020-04-20,16.62757110595703,22.12957763671875,2019-08-02,13.473652839660645,2020-03-18,false,false,251
2020-04-21,16.742605209350586,22.12957763671875,2019-08-02,13.473652839660645,2020-03-18,false,false,251
2020-04-22,16.828889846801758,22.12957763671875,2019-08-02,13.473652839660645,2020-03-18,false,false,251
2020-04-23,17.11168098449707,22.12957763671875,2019-08-02,13.473652839660645,2020-03-18,false,false,251
2020-04-24,16.876815795898438,22.12957763671875,2019-08-02,13.473652839660645,2020-03-18,false,false,251
2020-04-27,17.653316497802734,22.12957763671875,2019-08-02,13.473652839660645,2020-03-18,false,false,251
2020-04-28,17.730005264282227,22.12957763671875,2019-08-02,13.473652839660645,2020-03-18,false,false,251
2020-04-29,18.611949920654297,22.12957763671875,2019-08-02,13.473652839660645,2020-03-18,false,false,251
2020-04-30,17.940906524658203,22.12957763671875,2019-08-02,13.473652839660645,2020-03-18,false,false,251
2020-05-01,16.9678897857666,22.12957763671875,2019-08-02,13.473652839660645,2020-03-18,false,false,251
2020-05-04,16.87202262878418,22.12957763671875,2019-08-02,13.473652839660645,2020-03-18,false,false,251
2020-05-05,16.579641342163086,22.12957763671875,2019-08-02,13.473652839660645,2020-03-18,false,false,251
2020-05-06,16.368741989135742,22.12957763671875,2019-08-02,13.473652839660645,2020-03-18,false,false,251
2020-05-07,16.49815559387207,22.12957763671875,2019-08-02,13.473652839660645,2020-03-18,false,false,251
2020-05-08,17.49034881591797,22.12957763671875,2019-08-02,13.473652839660645,2020-03-18,false,false,251
2020-05-11,17.418447494506836,22.12957763671875,2019-08-02,13.473652839660645,2020-03-18,false,false,251
2020-05-12,16.478981018066406,22.12957763671875,2019-08-02,13.473652839660645,2020-03-18,false,false,251
2020-05-13,16.522123336791992,22.12957763671875,2019-08-02,13.473652839660645,2020-03-18,false,false,251
2020-05-14,15.731245040893555,22.12957763671875,2019-08-02,13.473652839660645,2020-03-18,false,false,251
2020-05-15,16.167423248291016,22.12957763671875,2019-08-02,13.473652839660645,2020-03-18,false,false,251
2020-05-18,17.5095157623291,22.12957763671875,2019-08-02,13.473652839660645,2020-03-18,false,false,251
2020-05-19,17.034992218017578,22.12957763671875,2019-08-02,13.473652839660645,2020-03-18,false,false,251
2020-05-20,17.912145614624023,22.12957763671875,2019-08-02,13.473652839660645,2020-03-18,false,false,251
2020-05-21,18.631122589111328,22.12957763671875,2019-08-02,13.473652839660645,2020-03-18,false,false,251
2020-05-22,19.570589065551758,22.12957763671875,2019-08-02,13.473652839660645,2020-03-18,false,false,251
2020-05-26,19.88214874267578,22.12957763671875,2019-08-02,13.473652839660645,2020-03-18,false,false,251
2020-05-27,20.72095489501953,22.12957763671875,2019-08-02,13.473652839660645,2020-03-18,false,false,251
2020-05-28,20.390228271484375,22.12957763671875,2019-08-02,13.473652839660645,2020-03-18,false,false,251
2020-05-29,20.562782287597656,22.12957763671875,2019-08-02,13.473652839660645,2020-03-18,false,false,251
2020-06-01,20.347082138061523,22.12957763671875,2019-08-02,13.473652839660645,2020-03-18,false,false,251
2020-06-02,20.45732879638672,22.12957763671875,2019-08-02,13.473652839660645,2020-03-18,false,false,251
2020-06-03,20.639474868774414,22.12957763671875,2019-08-02,13.473652839660645,2020-03-18,false,false,251
2020-06-04,20.65537452697754,22.12957763671875,2019-08-02,13.473652839660645,2020-03-18,false,false,251
2020-06-05,20.98790168762207,22.12957763671875,2019-08-02,13.473652839660645,2020-03-18,false,false,251
2020-06-08,21.1903133392334,22.12957763671875,2019-08-02,13.473652839660645,2020-03-18,false,false,251
2020-06-09,21.532480239868164,22.12957763671875,2019-08-02,13.473652839660645,2020-03-18,false,false,251
2020-06-10,19.855375289916992,22.12957763671875,2019-08-02,13.473652839660645,2020-03-18,false,false,251
2020-06-11,18.48188591003418,22.12957763671875,2019-08-02,13.473652839660645,2020-03-18,false,false,251
2020-06-12,18.84332847595215,22.12957763671875,2019-08-02,13.473652839660645,2020-03-18,false,false,251
2020-06-15,19.575855255126953,22.12957763671875,2019-08-02,13.473652839660645,2020-03-18,false,false,251
2020-06-16,20.645734786987305,22.12957763671875,2019-08-02,13.473652839660645,2020-03-18,false,false,251
2020-06-17,20.115615844726562,22.12957763671875,2019-08-02,13.473652839660645,2020-03-18,false,false,251
2020-06-18,19.918027877807617,22.12957763671875,2019-08-02,13.473652839660645,2020-03-18,false,false,251
2020-06-19,19.01200294494629,22.12957763671875,2019-08-02,13.473652839660645,2020-03-18,false,false,251
2020-06-22,19.089111328125,22.12957763671875,2019-08-02,13.473652839660645,2020-03-18,false,false,251
2020-06-23,19.25296401977539,22.12957763671875,2019-08-02,13.473652839660645,2020-03-18,false,false,251
2020-06-24,19.94693946838379,22.12957763671875,2019-08-02,13.473652839660645,2020-03-18,false,false,251
2020-06-25,20.149351119995117,22.12957763671875,2019-08-02,13.473652839660645,2020-03-18,false,false,251
2020-06-26,19.96622085571289,22.12957763671875,2019-08-02,13.473652839660645,2020-03-18,false,false,251
2020-06-29,20.862606048583984,22.12957763671875,2019-08-02,13.473652839660645,2020-03-18,false,false,251
2020-06-30,20.520435333251953,22.12957763671875,2019-08-02,13.473652839660645,2020-03-18,false,false,251
2020-07-01,20.231277465820312,22.12957763671875,2019-08-02,13.473652839660645,2020-03-18,false,false,251
2020-07-02,20.920433044433594,22.12957763671875,2019-08-02,13.473652839660645,2020-03-18,false,false,251
2020-07-06,21.098743438720703,22.12957763671875,2019-08-02,13.473652839660645,2020-03-18,false,false,251
2020-07-07,21.22886848449707,22.12957763671875,2019-08-02,13.473652839660645,2020-03-18,false,false,251
2020-07-08,21.14693832397461,22.12957763671875,2019-08-02,13.473652839660645,2020-03-18,false,false,251
2020-07-09,20.674650192260742,22.12957763671875,2019-08-02,13.473652839660645,2020-03-18,false,false,251
2020-07-10,21.151758193969727,22.12957763671875,2019-08-02,13.473652839660645,2020-03-18,false,false,251
2020-07-13,21.21440887451172,22.12957763671875,2019-08-02,13.473652839660645,2020-03-18,false,false,251
2020-07-14,21.85536766052246,22.12957763671875,2019-08-02,13.473652839660645,2020-03-18,false,false,251
2020-07-15,22.284284591674805,22.284284591674805,2020-07-15,13.473652839660645,2020-03-18,true,false,251
2020-07-16,22.231273651123047,22.284284591674805,2020-07-15,13.473652839660645,2020-03-18,false,false,251
2020-07-17,22.679468154907227,22.679468154907227,2020-07-17,13.473652839660645,2020-03-18,true,false,251
2020-07-20,22.828859329223633,22.828859329223633,2020-07-20,13.473652839660645,2020-03-18,true,false,251
2020-07-21,22.896333694458008,22.896333694458008,2020-07-21,13.473652839660645,2020-03-18,true,false,251
2020-07-22,22.775846481323242,22.896333694458008,2020-07-21,13.473652839660645,2020-03-18,false,false,251
2020-07-23,22.98307991027832,22.98307991027832,2020-07-23,13.473652839660645,2020-03-18,true,false,251
2020-07-24,22.443321228027344,22.98307991027832,2020-07-23,13.473652839660645,2020-03-18,false,false,251
2020-07-27,22.852954864501953,22.98307991027832,2020-07-23,13.473652839660645,2020-03-18,false,false,251
2020-07-28,22.68428611755371,22.98307991027832,2020-07-23,13.473652839660645,2020-03-18,false,false,251
2020-07-29,23.33488655090332,23.33488655090332,2020-07-29,13.473652839660645,2020-03-18,true,false,251
2020-07-30,24.607173919677734,24.607173919677734,2020-07-30,13.473652839660645,2020-03-18,true,false,251
2020-07-31,24.833675384521484,24.833675384521484,2020-07-31,13.473652839660645,2020-03-18,true,false,251
2020-08-03,25.05536651611328,25.05536651611328,2020-08-03,13.473652839660645,2020-03-18,true,false,251
2020-08-04,24.366207122802734,25.05536651611328,2020-08-03,13.473652839660645,2020-03-18,false,false,251
2020-08-05,24.21681022644043,25.05536651611328,2020-08-03,13.473652839660645,2020-03-18,false,false,251
2020-08-06,24.62162971496582,25.05536651611328,2020-08-03,13.473652839660645,2020-03-18,false,false,251
2020-08-07,25.67704963684082,25.67704963684082,2020-08-07,13.473652839660645,2020-03-18,true,false,251
2020-08-10,26.534875869750977,26.534875869750977,2020-08-10,13.473652839660645,2020-03-18,true,false,251
2020-08-11,27.43126106262207,27.43126106262207,2020-08-11,13.473652839660645,2020-03-18,true,false,251
2020-08-12,28.56861114501953,28.56861114501953,2020-08-12,13.473652839660645,2020-03-18,true,false,251
2020-08-13,28.100746154785156,28.56861114501953,2020-08-12,13.473652839660645,2020-03-18,false,false,251
2020-08-14,28.00398063659668,28.56861114501953,2020-08-12,13.473652839660645,2020-03-18,false,false,251
2020-08-17,26.62023162841797,28.56861114501953,2020-08-12,13.473652839660645,2020-03-18,false,false,251
2020-08-18,25.855783462524414,28.56861114501953,2020-08-12,13.473652839660645,2020-03-18,false,false,251
2020-08-19,25.686445236206055,28.56861114501953,2020-08-12,13.473652839660645,2020-03-18,false,false,251
2020-08-20,24.888126373291016,28.56861114501953,2020-08-12,13.473652839660645,2020-03-18,false,false,251
2020-08-21,24.418813705444336,28.56861114501953,2020-08-12,13.473652839660645,2020-03-18,false,false,251
2020-08-24,25.749340057373047,28.56861114501953,2020-08-12,13.473652839660645,2020-03-18,false,false,251
2020-08-25,25.357439041137695,28.56861114501953,2020-08-12,13.473652839660645,2020-03-18,false,false,251
2020-08-26,24.723623275756836,28.56861114501953,2020-08-12,13.473652839660645,2020-03-18,false,false,251
2020-08-27,24.6704044342041,28.56861114501953,2020-08-12,13.473652839660645,2020-03-18,false,false,251
2020-08-28,24.825231552124023,28.56861114501953,2020-08-12,13.473652839660645,2020-03-18,false,false,251
2020-08-31,24.297855377197266,28.56861114501953,2020-08-12,13.473652839660645,2020-03-18,false,false,251
2020-09-01,23.983367919921875,28.56861114501953,2020-08-12,13.473652839660645,2020-03-18,false,false,252
2020-09-02,24.74781608581543,28.56861114501953,2020-08-12,13.473652839660645,2020-03-18,false,false,252
2020-09-03,23.736616134643555,28.56861114501953,2020-08-12,13.473652839660645,2020-03-18,false,false,252
2020-09-04,23.964012145996094,28.56861114501953,2020-08-12,13.473652839660645,2020-03-18,false,false,252
2020-09-08,23.92530632019043,28.56861114501953,2020-08-12,13.473652839660645,2020-03-18,false,false,251
2020-09-09,24.099485397338867,28.56861114501953,2020-08-12,13.473652839660645,2020-03-18,false,false,251
2020-09-10,24.05594253540039,28.56861114501953,2020-08-12,13.473652839660645,2020-03-18,false,false,251
2020-09-11,23.775320053100586,28.56861114501953,2020-08-12,13.473652839660645,2020-03-18,false,false,251
2020-09-14,23.852733612060547,28.56861114501953,2020-08-12,13.473652839660645,2020-03-18,false,false,251
2020-09-15,23.91562843322754,28.56861114501953,2020-08-12,13.473652839660645,2020-03-18,false,false,251
2020-09-16,23.96885108947754,28.56861114501953,2020-08-12,13.473652839660645,2020-03-18,false,false,251
2020-09-17,23.930143356323242,28.56861114501953,2020-08-12,13.473652839660645,2020-03-18,false,false,251
2020-09-18,24.273664474487305,28.56861114501953,2020-08-12,13.473652839660645,2020-03-18,false,false,251
2020-09-21,22.8802433013916,28.56861114501953,2020-08-12,13.473652839660645,2020-03-18,false,false,251
2020-09-22,22.38189697265625,28.56861114501953,2020-08-12,13.473652839660645,2020-03-18,false,false,251
2020-09-23,21.627126693725586,28.56861114501953,2020-08-12,13.473652839660645,2020-03-18,false,false,251
2020-09-24,21.99967384338379,28.56861114501953,2020-08-12,13.473652839660645,2020-03-18,false,false,251
2020-09-25,21.83517074584961,28.56861114501953,2020-08-12,13.473652839660645,2020-03-18,false,false,251
2020-09-28,22.517370223999023,28.56861114501953,2020-08-12,13.473652839660645,2020-03-18,false,false,251
2020-09-29,22.541561126708984,28.56861114501953,2020-08-12,13.473652839660645,2020-03-18,false,false,251
2020-09-30,22.304481506347656,28.56861114501953,2020-08-12,13.473652839660645,2020-03-18,false,false,251
2020-10-01,22.251266479492188,28.56861114501953,2020-08-12,13.473652839660645,2020-03-18,false,false,251
2020-10-02,22.541561126708984,28.56861114501953,2020-08-12,13.473652839660645,2020-03-18,false,false,251
2020-10-05,22.967329025268555,28.56861114501953,2020-08-12,13.473652839660645,2020-03-18,false,false,251
2020-10-06,22.70606231689453,28.56861114501953,2020-08-12,13.473652839660645,2020-03-18,false,false,251
2020-10-07,22.39640998840332,28.56861114501953,2020-08-12,13.473652839660645,2020-03-18,false,false,251
2020-10-08,22.352867126464844,28.56861114501953,2020-08-12,13.473652839660645,2020-03-18,false,false,251
2020-10-09,23.22859764099121,28.56861114501953,2020-08-12,13.473652839660645,2020-03-18,false,false,251
2020-10-12,23.78499984741211,28.56861114501953,2020-08-12,13.473652839660645,2020-03-18,false,false,251
2020-10-13,24.355913162231445,28.56861114501953,2020-08-12,13.473652839660645,2020-03-18,false,false,251
2020-10-14,23.872085571289062,28.56861114501953,2020-08-12,13.473652839660645,2020-03-18,false,false,251
2020-10-15,24.196252822875977,28.56861114501953,2020-08-12,13.473652839660645,2020-03-18,false,false,251
2020-10-16,24.588153839111328,28.56861114501953,2020-08-12,13.473652839660645,2020-03-18,false,false,251
2020-10-19,24.50106430053711,28.56861114501953,2020-08-12,13.473652839660645,2020-03-18,false,false,251
2020-10-20,24.70427131652832,28.56861114501953,2020-08-12,13.473652839660645,2020-03-18,false,false,251
2020-10-21,25.20745086669922,28.56861114501953,2020-08-12,13.473652839660645,2020-03-18,false,false,251
2020-10-22,25.642900466918945,28.56861114501953,2020-08-12,13.473652839660645,2020-03-18,false,false,251
2020-10-23,24.27850341796875,28.56861114501953,2020-08-12,13.473652839660645,2020-03-18,false,false,251
2020-10-26,23.267305374145508,28.56861114501953,2020-08-12,13.473652839660645,2020-03-18,false,false,251
2020-10-27,22.696388244628906,28.56861114501953,2020-08-12,13.473652839660645,2020-03-18,false,false,251
2020-10-28,22.280292510986328,28.56861114501953,2020-08-12,13.473652839660645,2020-03-18,false,false,251
2020-10-29,22.807668685913086,28.56861114501953,2020-08-12,13.473652839660645,2020-03-18,false,false,251
2020-10-30,22.599620819091797,28.56861114501953,2020-08-12,13.473652839660645,2020-03-18,false,false,251
2020-11-02,23.276979446411133,28.56861114501953,2020-08-12,13.473652839660645,2020-03-18,false,false,251
2020-11-03,24.631698608398438,28.56861114501953,2020-08-12,13.473652839660645,2020-03-18,false,false,251
2020-11-04,24.394620895385742,28.56861114501953,2020-08-12,13.473652839660645,2020-03-18,false,false,251
2020-11-05,25.066864013671875,28.56861114501953,2020-08-12,13.473652839660645,2020-03-18,false,false,251
2020-11-06,23.880842208862305,28.56861114501953,2020-08-12,13.473652839660645,2020-03-18,false,false,251
2020-11-09,24.882156372070312,28.56861114501953,2020-08-12,13.473652839660645,2020-03-18,false,false,251
2020-11-10,25.834861755371094,28.56861114501953,2020-08-12,13.473652839660645,2020-03-18,false,false,251
2020-11-11,25.834861755371094,28.56861114501953,2020-08-12,13.473652839660645,2020-03-18,false,false,251
2020-11-12,25.202964782714844,28.56861114501953,2020-08-12,13.473652839660645,2020-03-18,false,false,251
2020-11-13,25.36336898803711,28.56861114501953,2020-08-12,13.473652839660645,2020-03-18,false,false,251
2020-11-16,26.78270721435547,28.56861114501953,2020-08-12,13.473652839660645,2020-03-18,false,false,251
2020-11-17,27.088932037353516,28.56861114501953,2020-08-12,13.473652839660645,2020-03-18,false,false,251
2020-11-18,25.368227005004883,28.56861114501953,2020-08-12,13.473652839660645,2020-03-18,false,false,251
2020-11-19,25.407115936279297,28.56861114501953,2020-08-12,13.473652839660645,2020-03-18,false,false,251
2020-11-20,25.470308303833008,28.56861114501953,2020-08-12,13.473652839660645,2020-03-18,false,false,251
2020-11-23,25.70362091064453,28.56861114501953,2020-08-12,13.473652839660645,2020-03-18,false,false,251
2020-11-24,26.03900909423828,28.56861114501953,2020-08-12,13.473652839660645,2020-03-18,false,false,251
2020-11-25,25.173799514770508,28.56861114501953,2020-08-12,13.473652839660645,2020-03-18,false,false,251
2020-11-27,25.26129150390625,28.56861114501953,2020-08-12,13.473652839660645,2020-03-18,false,false,251
2020-11-30,24.391218185424805,28.56861114501953,2020-08-12,13.473652839660645,2020-03-18,false,false,251
2020-12-01,24.799524307250977,28.56861114501953,2020-08-12,13.473652839660645,2020-03-18,false,false,251
2020-12-02,24.784942626953125,28.56861114501953,2020-08-12,13.473652839660645,2020-03-18,false,false,251
2020-12-03,25.06200408935547,28.56861114501953,2020-08-12,13.473652839660645,2020-03-18,false,false,251
2020-12-04,26.034151077270508,28.56861114501953,2020-08-12,13.473652839660645,2020-03-18,false,false,251
2020-12-07,25.723066329956055,28.56861114501953,2020-08-12,13.473652839660645,2020-03-18,false,false,251
2020-12-08,26.36468505859375,28.56861114501953,2020-08-12,13.473652839660645,2020-03-18,false,false,251
2020-12-09,26.209138870239258,28.56861114501953,2020-08-12,13.473652839660645,2020-03-18,false,false,251
2020-12-10,25.548080444335938,28.56861114501953,2020-08-12,13.473652839660645,2020-03-18,false,false,251
2020-12-11,24.935623168945312,28.56861114501953,2020-08-12,13.473652839660645,2020-03-18,false,false,251
2020-12-14,24.595369338989258,28.56861114501953,2020-08-12,13.473652839660645,2020-03-18,false,false,251
2020-12-15,25.80083465576172,28.56861114501953,2020-08-12,13.473652839660645,2020-03-18,false,false,251
2020-12-16,25.09602928161621,28.56861114501953,2020-08-12,13.473652839660645,2020-03-18,false,false,251
2020-12-17,25.470308303833008,28.56861114501953,2020-08-12,13.473652839660645,2020-03-18,false,false,251
2020-12-18,24.998811721801758,28.56861114501953,2020-08-12,13.473652839660645,2020-03-18,false,false,251
2020-12-21,24.60995101928711,28.56861114501953,2020-08-12,13.473652839660645,2020-03-18,false,false,251
2020-12-22,25.071725845336914,28.56861114501953,2020-08-12,13.473652839660645,2020-03-18,false,false,251
2020-12-23,25.15435791015625,28.56861114501953,2020-08-12,13.473652839660645,2020-03-18,false,false,251
2020-12-24,25.36336898803711,28.56861114501953,2020-08-12,13.473652839660645,2020-03-18,false,false,252
2020-12-28,25.295318603515625,28.56861114501953,2020-08-12,13.473652839660645,2020-03-18,false,false,251
2020-12-29,25.42169761657715,28.56861114501953,2020-08-12,13.473652839660645,2020-03-18,false,false,251
2020-12-30,25.339065551757812,28.56861114501953,2020-08-12,13.473652839660645,2020-03-18,false,false,251
2020-12-31,25.426559448242188,28.56861114501953,2020-08-12,13.473652839660645,2020-03-18,false,false,252
2021-01-04,25.227270126342773,28.56861114501953,2020-08-12,13.473652839660645,2020-03-18,false,false,251
2021-01-05,25.966100692749023,28.56861114501953,2020-08-12,13.473652839660645,2020-03-18,false,false,251
2021-01-06,27.730552673339844,28.56861114501953,2020-08-12,13.473652839660645,2020-03-18,false,false,251
2021-01-07,28.095108032226562,28.56861114501953,2020-08-12,13.473652839660645,2020-03-18,false,false,251
2021-01-08,26.933391571044922,28.56861114501953,2020-08-12,13.473652839660645,2020-03-18,false,false,251
2021-01-11,26.56397247314453,28.56861114501953,2020-08-12,13.473652839660645,2020-03-18,false,false,251
2021-01-12,27.17156982421875,28.56861114501953,2020-08-12,13.473652839660645,2020-03-18,false,false,251
2021-01-13,26.442453384399414,28.56861114501953,2020-08-12,13.473652839660645,2020-03-18,false,false,251
2021-01-14,26.56397247314453,28.56861114501953,2020-08-12,13.473652839660645,2020-03-18,false,false,251
2021-01-15,26.17025375366211,28.56861114501953,2020-08-12,13.473652839660645,2020-03-18,false,false,251
2021-01-19,26.690351486206055,28.56861114501953,2020-08-12,13.473652839660645,2020-03-18,false,false,251
2021-01-20,26.233444213867188,28.56861114501953,2020-08-12,13.473652839660645,2020-03-18,false,false,251
2021-01-21,25.864023208618164,28.56861114501953,2020-08-12,13.473652839660645,2020-03-18,false,false,251
2021-01-22,26.49106216430664,28.56861114501953,2020-08-12,13.473652839660645,2020-03-18,false,false,251
2021-01-25,25.69390106201172,28.56861114501953,2020-08-12,13.473652839660645,2020-03-18,false,false,251
2021-01-26,25.426559448242188,28.56861114501953,2020-08-12,13.473652839660645,2020-03-18,false,false,251
2021-01-27,24.32802963256836,28.56861114501953,2020-08-12,13.473652839660645,2020-03-18,false,false,251
2021-01-28,24.959928512573242,28.56861114501953,2020-08-12,13.473652839660645,2020-03-18,false,false,251
2021-01-29,26.700075149536133,28.56861114501953,2020-08-12,13.473652839660645,2020-03-18,false,false,251
2021-02-01,27.3465518951416,28.56861114501953,2020-08-12,13.473652839660645,2020-03-18,false,false,251
2021-02-02,27.13268280029297,28.56861114501953,2020-08-12,13.473652839660645,2020-03-18,false,false,251
2021-02-03,27.17156982421875,28.56861114501953,2020-08-12,13.473652839660645,2020-03-18,false,false,251
2021-02-04,27.487512588500977,28.56861114501953,2020-08-12,13.473652839660645,2020-03-18,false,false,251
2021-02-05,27.41460418701172,28.56861114501953,2020-08-12,13.473652839660645,2020-03-18,false,false,251
2021-02-08,29.285991668701172,29.285991668701172,2021-02-08,13.473652839660645,2020-03-18,true,false,251
2021-02-09,30.122037887573242,30.122037887573242,2021-02-09,13.473652839660645,2020-03-18,true,false,251
2021-02-10,30.029685974121094,30.122037887573242,2021-02-09,13.473652839660645,2020-03-18,false,false,251
2021-02-11,30.65677833557129,30.65677833557129,2021-02-11,13.473652839660645,2020-03-18,true,false,251
2021-02-12,30.86662483215332,30.86662483215332,2021-02-12,13.473652839660645,2020-03-18,true,false,251
2021-02-16,30.119964599609375,30.86662483215332,2021-02-12,13.473652839660645,2020-03-18,false,false,251
2021-02-17,29.827159881591797,30.86662483215332,2021-02-12,13.473652839660645,2020-03-18,false,false,251
2021-02-18,29.43187713623047,30.86662483215332,2021-02-12,13.473652839660645,2020-03-18,false,false,251
2021-02-19,29.96868324279785,30.86662483215332,2021-02-12,13.473652839660645,2020-03-18,false,false,251
2021-02-22,30.412771224975586,30.86662483215332,2021-02-12,13.473652839660645,2020-03-18,false,false,251
2021-02-23,30.061405181884766,30.86662483215332,2021-02-12,13.473652839660645,2020-03-18,false,false,251
2021-02-24,31.681594848632812,31.681594848632812,2021-02-24,13.473652839660645,2020-03-18,true,false,251
2021-02-25,30.842220306396484,31.681594848632812,2021-02-24,13.473652839660645,2020-03-18,false,false,251
2021-02-26,30.549413681030273,31.681594848632812,2021-02-24,13.473652839660645,2020-03-18,false,false,251
2021-03-01,31.20334815979004,31.681594848632812,2021-02-24,13.473652839660645,2020-03-18,false,false,251
2021-03-02,31.15454864501953,31.681594848632812,2021-02-24,13.473652839660645,2020-03-18,false,false,251
2021-03-03,31.427833557128906,31.681594848632812,2021-02-24,13.473652839660645,2020-03-18,false,false,251
2021-03-04,30.03212547302246,31.681594848632812,2021-02-24,13.473652839660645,2020-03-18,false,false,251
2021-03-05,31.574235916137695,31.681594848632812,2021-02-24,13.473652839660645,2020-03-18,false,false,251
2021-03-08,34.0435676574707,34.0435676574707,2021-03-08,13.473652839660645,2020-03-18,true,false,251
2021-03-09,33.77027893066406,34.0435676574707,2021-03-08,13.473652839660645,2020-03-18,false,false,251
2021-03-10,35.5368766784668,35.5368766784668,2021-03-10,13.473652839660645,2020-03-18,true,false,251
2021-03-11,36.6788215637207,36.6788215637207,2021-03-11,13.473652839660645,2020-03-18,true,false,251
2021-03-12,37.976924896240234,37.976924896240234,2021-03-12,13.473652839660645,2020-03-18,true,false,251
2021-03-15,37.3327522277832,37.976924896240234,2021-03-12,13.473652839660645,2020-03-18,false,false,251
2021-03-16,36.19080352783203,37.976924896240234,2021-03-12,13.473652839660645,2020-03-18,false,false,251
2021-03-17,36.542171478271484,37.976924896240234,2021-03-12,13.473652839660645,2020-03-18,false,false,251
2021-03-18,35.69303894042969,37.976924896240234,2021-03-12,13.473652839660645,2020-03-18,false,false,251
2021-03-19,34.36564636230469,37.976924896240234,2021-03-12,14.8684720993042,2020-04-03,false,false,251
2021-03-22,33.49699020385742,37.976924896240234,2021-03-12,14.8684720993042,2020-04-03,false,false,251
2021-03-23,31.681594848632812,37.976924896240234,2021-03-12,14.8684720993042,2020-04-03,false,false,251
2021-03-24,30.988622665405273,37.976924896240234,2021-03-12,14.8684720993042,2020-04-03,false,false,251
2021-03-25,30.481094360351562,37.976924896240234,2021-03-12,14.8684720993042,2020-04-03,false,false,251
2021-03-26,32.667381286621094,37.976924896240234,2021-03-12,14.8684720993042,2020-04-03,false,false,251
2021-03-29,31.554719924926758,37.976924896240234,2021-03-12,14.8684720993042,2020-04-03,false,false,251
2021-03-30,32.11104965209961,37.976924896240234,2021-03-12,14.8684720993042,2020-04-03,false,false,251
2021-03-31,32.7161750793457,37.976924896240234,2021-03-12,14.8684720993042,2020-04-03,false,false,251
2021-04-01,33.087074279785156,37.976924896240234,2021-03-12,14.8684720993042,2020-04-03,false,false,251
2021-04-05,33.06755065917969,37.976924896240234,2021-03-12,14.8684720993042,2020-04-03,false,false,250
2021-04-06,33.72148132324219,37.976924896240234,2021-03-12,15.731245040893555,2020-05-14,false,false,250
2021-04-07,32.2476921081543,37.976924896240234,2021-03-12,15.731245040893555,2020-05-14,false,false,250
2021-04-08,32.306251525878906,37.976924896240234,2021-03-12,15.731245040893555,2020-05-14,false,false,250
2021-04-09,32.48193359375,37.976924896240234,2021-03-12,15.731245040893555,2020-05-14,false,false,250
2021-04-12,32.32577133178711,37.976924896240234,2021-03-12,15.731245040893555,2020-05-14,false,false,251
2021-04-13,31.779203414916992,37.976924896240234,2021-03-12,15.731245040893555,2020-05-14,false,false,251
2021-04-14,32.20865249633789,37.976924896240234,2021-03-12,15.731245040893555,2020-05-14,false,false,251
2021-04-15,32.4526481628418,37.976924896240234,2021-03-12,15.731245040893555,2020-05-14,false,false,251
2021-04-16,33.1163444519043,37.976924896240234,2021-03-12,15.731245040893555,2020-05-14,false,false,251
2021-04-19,32.72593688964844,37.976924896240234,2021-03-12,15.731245040893555,2020-05-14,false,false,251
2021-04-20,32.01344299316406,37.976924896240234,2021-03-12,15.731245040893555,2020-05-14,false,false,251
2021-04-21,32.60881423950195,37.976924896240234,2021-03-12,15.731245040893555,2020-05-14,false,false,251
2021-04-22,32.14032745361328,37.976924896240234,2021-03-12,15.731245040893555,2020-05-14,false,false,251
2021-04-23,32.88210678100586,37.976924896240234,2021-03-12,15.731245040893555,2020-05-14,false,false,251
2021-04-26,33.10658645629883,37.976924896240234,2021-03-12,15.731245040893555,2020-05-14,false,false,251
2021-04-27,32.77474594116211,37.976924896240234,2021-03-12,15.731245040893555,2020-05-14,false,false,251
2021-04-28,32.65761947631836,37.976924896240234,2021-03-12,15.731245040893555,2020-05-14,false,false,251
2021-04-29,32.6966552734375,37.976924896240234,2021-03-12,15.731245040893555,2020-05-14,false,false,251
2021-04-30,32.55025100708008,37.976924896240234,2021-03-12,15.731245040893555,2020-05-14,false,false,251
2021-05-03,33.623878479003906,37.976924896240234,2021-03-12,15.731245040893555,2020-05-14,false,false,251
2021-05-04,33.467716217041016,37.976924896240234,2021-03-12,15.731245040893555,2020-05-14,false,false,251
2021-05-05,33.18467330932617,37.976924896240234,2021-03-12,15.731245040893555,2020-05-14,false,false,251
2021-05-06,33.360355377197266,37.976924896240234,2021-03-12,15.731245040893555,2020-05-14,false,false,251
2021-05-07,33.8190803527832,37.976924896240234,2021-03-12,15.731245040893555,2020-05-14,false,false,251
2021-05-10,32.65761947631836,37.976924896240234,2021-03-12,15.731245040893555,2020-05-14,false,false,251
2021-05-11,32.413612365722656,37.976924896240234,2021-03-12,15.731245040893555,2020-05-14,false,false,251
2021-05-12,31.242385864257812,37.976924896240234,2021-03-12,15.731245040893555,2020-05-14,false,false,251
2021-05-13,32.2476921081543,37.976924896240234,2021-03-12,15.731245040893555,2020-05-14,false,false,251
2021-05-14,32.46240997314453,37.976924896240234,2021-03-12,15.731245040893555,2020-05-14,false,false,251
2021-05-17,32.20865249633789,37.976924896240234,2021-03-12,17.034992218017578,2020-05-19,false,false,251
2021-05-18,31.05694580078125,37.976924896240234,2021-03-12,17.034992218017578,2020-05-19,false,false,251
2021-05-19,30.773900985717773,37.976924896240234,2021-03-12,17.034992218017578,2020-05-19,false,false,251
2021-05-20,30.978862762451172,37.976924896240234,2021-03-12,18.48188591003418,2020-06-11,false,false,251
2021-05-21,32.003684997558594,37.976924896240234,2021-03-12,18.48188591003418,2020-06-11,false,false,251
2021-05-24,32.34529113769531,37.976924896240234,2021-03-12,18.48188591003418,2020-06-11,false,false,251
2021-05-25,31.554719924926758,37.976924896240234,2021-03-12,18.48188591003418,2020-06-11,false,false,252
2021-05-26,32.15008544921875,37.976924896240234,2021-03-12,18.48188591003418,2020-06-11,false,false,252
2021-05-27,32.969940185546875,37.976924896240234,2021-03-12,18.48188591003418,2020-06-11,false,false,252
2021-05-28,33.204185485839844,37.976924896240234,2021-03-12,18.48188591003418,2020-06-11,false,false,252
2021-06-01,33.77027893066406,37.976924896240234,2021-03-12,18.48188591003418,2020-06-11,false,false,251
2021-06-02,32.97970199584961,37.976924896240234,2021-03-12,18.48188591003418,2020-06-11,false,false,251
2021-06-03,33.09039306640625,37.976924896240234,2021-03-12,18.48188591003418,2020-06-11,false,false,251
2021-06-04,32.78672409057617,37.976924896240234,2021-03-12,18.48188591003418,2020-06-11,false,false,251
2021-06-07,33.08060073852539,37.976924896240234,2021-03-12,18.48188591003418,2020-06-11,false,false,251
2021-06-08,33.23733139038086,37.976924896240234,2021-03-12,18.48188591003418,2020-06-11,false,false,251
2021-06-09,32.71815872192383,37.976924896240234,2021-03-12,18.48188591003418,2020-06-11,false,false,251
2021-06-10,32.11081314086914,37.976924896240234,2021-03-12,18.48188591003418,2020-06-11,false,false,251
2021-06-11,32.404693603515625,37.976924896240234,2021-03-12,18.48188591003418,2020-06-11,false,false,251
2021-06-14,31.836530685424805,37.976924896240234,2021-03-12,19.01200294494629,2020-06-19,false,false,251
2021-06-15,31.895305633544922,37.976924896240234,2021-03-12,19.01200294494629,2020-06-19,false,false,251
2021-06-16,31.718978881835938,37.976924896240234,2021-03-12,19.01200294494629,2020-06-19,false,false,251
2021-06-17,31.033267974853516,37.976924896240234,2021-03-12,19.01200294494629,2020-06-19,false,false,251
2021-06-18,30.798168182373047,37.976924896240234,2021-03-12,19.01200294494629,2020-06-19,false,false,251
2021-06-21,31.101839065551758,37.976924896240234,2021-03-12,19.01200294494629,2020-06-19,false,false,251
2021-06-22,30.964696884155273,37.976924896240234,2021-03-12,19.25296401977539,2020-06-23,false,false,251
2021-06-23,31.415306091308594,37.976924896240234,2021-03-12,19.25296401977539,2020-06-23,false,false,251
2021-06-24,32.003055572509766,37.976924896240234,2021-03-12,19.96622085571289,2020-06-26,false,false,251
2021-06-25,32.3165283203125,37.976924896240234,2021-03-12,19.96622085571289,2020-06-26,false,false,251
2021-06-28,31.38591766357422,37.976924896240234,2021-03-12,19.96622085571289,2020-06-26,false,false,251
2021-06-29,31.42510223388672,37.976924896240234,2021-03-12,20.231277465820312,2020-07-01,false,false,251
2021-06-30,32.081424713134766,37.976924896240234,2021-03-12,20.231277465820312,2020-07-01,false,false,251
2021-07-01,32.4732551574707,37.976924896240234,2021-03-12,20.231277465820312,2020-07-01,false,false,251
2021-07-02,32.71815872192383,37.976924896240234,2021-03-12,20.674650192260742,2020-07-09,false,false,251
2021-07-06,31.82673454284668,37.976924896240234,2021-03-12,20.674650192260742,2020-07-09,false,false,251
2021-07-07,31.493671417236328,37.976924896240234,2021-03-12,20.674650192260742,2020-07-09,false,false,251
2021-07-08,30.21041488647461,37.976924896240234,2021-03-12,20.674650192260742,2020-07-09,false,false,251
2021-07-09,31.1312255859375,37.976924896240234,2021-03-12,20.674650192260742,2020-07-09,false,false,251
2021-07-12,31.670000076293945,37.976924896240234,2021-03-12,21.21440887451172,2020-07-13,false,false,251
2021-07-13,30.9744930267334,37.976924896240234,2021-03-12,21.21440887451172,2020-07-13,false,false,251
2021-07-14,30.768779754638672,37.976924896240234,2021-03-12,21.627126693725586,2020-09-23,false,false,251
2021-07-15,30.523880004882812,37.976924896240234,2021-03-12,21.627126693725586,2020-09-23,false,false,251
2021-07-16,30.239803314208984,37.976924896240234,2021-03-12,21.627126693725586,2020-09-23,false,false,251
2021-07-19,29.750009536743164,37.976924896240234,2021-03-12,21.627126693725586,2020-09-23,false,false,251
2021-07-20,30.55327033996582,37.976924896240234,2021-03-12,21.627126693725586,2020-09-23,false,false,251
2021-07-21,30.73939323425293,37.976924896240234,2021-03-12,21.627126693725586,2020-09-23,false,false,251
2021-07-22,30.23000717163086,37.976924896240234,2021-03-12,21.627126693725586,2020-09-23,false,false,251
2021-07-23,30.866737365722656,37.976924896240234,2021-03-12,21.627126693725586,2020-09-23,false,false,251
2021-07-26,31.190000534057617,37.976924896240234,2021-03-12,21.627126693725586,2020-09-23,false,false,251
2021-07-27,30.87653350830078,37.976924896240234,2021-03-12,21.627126693725586,2020-09-23,false,false,251
2021-07-28,30.945104598999023,37.976924896240234,2021-03-12,21.627126693725586,2020-09-23,false,false,251
2021-07-29,31.650407791137695,37.976924896240234,2021-03-12,21.627126693725586,2020-09-23,false,false,251
2021-07-30,35.568748474121094,37.976924896240234,2021-03-12,21.627126693725586,2020-09-23,false,false,251
2021-08-02,34.6479377746582,37.976924896240234,2021-03-12,21.627126693725586,2020-09-23,false,false,251
2021-08-03,34.78507614135742,37.976924896240234,2021-03-12,21.627126693725586,2020-09-23,false,false,251
2021-08-04,34.07978057861328,37.976924896240234,2021-03-12,21.627126693725586,2020-09-23,false,false,251
2021-08-05,34.65773391723633,37.976924896240234,2021-03-12,21.627126693725586,2020-09-23,false,false,251
2021-08-06,35.118133544921875,37.976924896240234,2021-03-12,21.627126693725586,2020-09-23,false,false,251
2021-08-09,34.54998016357422,37.976924896240234,2021-03-12,21.627126693725586,2020-09-23,false,false,251
2021-08-10,35.96057891845703,37.976924896240234,2021-03-12,21.627126693725586,2020-09-23,false,false,251
2021-08-11,36.528743743896484,37.976924896240234,2021-03-12,21.627126693725586,2020-09-23,false,false,251
2021-08-12,36.440269470214844,37.976924896240234,2021-03-12,21.627126693725586,2020-09-23,false,false,251
2021-08-13,36.43043899536133,37.976924896240234,2021-03-12,21.627126693725586,2020-09-23,false,false,251
2021-08-16,36.872798919677734,37.976924896240234,2021-03-12,21.627126693725586,2020-09-23,false,false,251
2021-08-17,36.273162841796875,37.976924896240234,2021-03-12,21.627126693725586,2020-09-23,false,false,251
2021-08-18,36.09621810913086,37.976924896240234,2021-03-12,21.627126693725586,2020-09-23,false,false,251
2021-08-19,36.22400665283203,37.976924896240234,2021-03-12,21.627126693725586,2020-09-23,false,false,251
2021-08-20,36.872798919677734,37.976924896240234,2021-03-12,21.627126693725586,2020-09-23,false,false,251
2021-08-23,36.19451904296875,37.976924896240234,2021-03-12,21.627126693725586,2020-09-23,false,false,251
2021-08-24,36.037235260009766,37.976924896240234,2021-03-12,21.627126693725586,2020-09-23,false,false,251
2021-08-25,35.90944290161133,37.976924896240234,2021-03-12,21.627126693725586,2020-09-23,false,false,251
2021-08-26,36.19451904296875,37.976924896240234,2021-03-12,21.627126693725586,2020-09-23,false,false,251
2021-08-27,37.96393966674805,37.976924896240234,2021-03-12,21.627126693725586,2020-09-23,false,false,251
2021-08-30,37.0595703125,37.976924896240234,2021-03-12,21.627126693725586,2020-09-23,false,false,251
2021-08-31,37.236515045166016,37.976924896240234,2021-03-12,21.627126693725586,2020-09-23,false,false,251
2021-09-01,37.29549026489258,37.976924896240234,2021-03-12,21.627126693725586,2020-09-23,false,false,251
2021-09-02,36.91211700439453,37.976924896240234,2021-03-12,21.627126693725586,2020-09-23,false,false,251
2021-09-03,36.076560974121094,37.976924896240234,2021-03-12,21.627126693725586,2020-09-23,false,false,251
2021-09-07,35.42776870727539,37.976924896240234,2021-03-12,21.627126693725586,2020-09-23,false,false,251
2021-09-08,34.81829833984375,37.976924896240234,2021-03-12,21.627126693725586,2020-09-23,false,false,251
2021-09-09,34.6020393371582,37.976924896240234,2021-03-12,21.627126693725586,2020-09-23,false,false,251
2021-09-10,34.52339553833008,37.976924896240234,2021-03-12,21.627126693725586,2020-09-23,false,false,251
2021-09-13,34.9952392578125,37.976924896240234,2021-03-12,21.627126693725586,2020-09-23,false,false,251
2021-09-14,34.07120895385742,37.976924896240234,2021-03-12,21.627126693725586,2020-09-23,false,false,251
2021-09-15,34.38577651977539,37.976924896240234,2021-03-12,21.627126693725586,2020-09-23,false,false,251
2021-09-16,33.89426803588867,37.976924896240234,2021-03-12,21.627126693725586,2020-09-23,false,false,251
2021-09-17,33.324127197265625,37.976924896240234,2021-03-12,21.627126693725586,2020-09-23,false,false,251
2021-09-20,32.92108917236328,37.976924896240234,2021-03-12,21.627126693725586,2020-09-23,false,false,251
2021-09-21,32.645843505859375,37.976924896240234,2021-03-12,21.627126693725586,2020-09-23,false,false,251
2021-09-22,33.127525329589844,37.976924896240234,2021-03-12,21.627126693725586,2020-09-23,false,false,251
2021-09-23,34.03188705444336,37.976924896240234,2021-03-12,21.627126693725586,2020-09-23,false,false,251
2021-09-24,34.130191802978516,37.976924896240234,2021-03-12,21.83517074584961,2020-09-25,false,false,251
2021-09-27,34.3267936706543,37.976924896240234,2021-03-12,21.83517074584961,2020-09-25,false,false,251
2021-09-28,33.9532470703125,37.976924896240234,2021-03-12,22.251266479492188,2020-10-01,false,false,251
2021-09-29,34.366111755371094,37.976924896240234,2021-03-12,22.251266479492188,2020-10-01,false,false,251
2021-09-30,34.2874755859375,37.976924896240234,2021-03-12,22.251266479492188,2020-10-01,false,false,251
2021-10-01,36.09621810913086,37.976924896240234,2021-03-12,22.251266479492188,2020-10-01,false,false,251
2021-10-04,35.78165817260742,37.976924896240234,2021-03-12,22.280292510986328,2020-10-28,false,false,251
2021-10-05,36.24367141723633,37.976924896240234,2021-03-12,22.280292510986328,2020-10-28,false,false,251
2021-10-06,36.253501892089844,37.976924896240234,2021-03-12,22.280292510986328,2020-10-28,false,false,251
2021-10-07,36.902286529541016,37.976924896240234,2021-03-12,22.280292510986328,2020-10-28,false,false,251
2021-10-08,36.42060470581055,37.976924896240234,2021-03-12,22.280292510986328,2020-10-28,false,false,251
2021-10-11,36.43043899536133,37.976924896240234,2021-03-12,22.280292510986328,2020-10-28,false,false,251
2021-10-12,36.725345611572266,37.976924896240234,2021-03-12,22.280292510986328,2020-10-28,false,false,251
2021-10-13,36.48942565917969,37.976924896240234,2021-03-12,22.280292510986328,2020-10-28,false,false,251
2021-10-14,37.33481216430664,37.976924896240234,2021-03-12,22.280292510986328,2020-10-28,false,false,251
2021-10-15,37.70835876464844,37.976924896240234,2021-03-12,22.280292510986328,2020-10-28,false,false,251
2021-10-18,37.35447311401367,37.976924896240234,2021-03-12,22.280292510986328,2020-10-28,false,false,251
2021-10-19,37.138206481933594,37.976924896240234,2021-03-12,22.280292510986328,2020-10-28,false,false,251
2021-10-20,37.56090545654297,37.976924896240234,2021-03-12,22.280292510986328,2020-10-28,false,false,251
2021-10-21,37.5412483215332,37.976924896240234,2021-03-12,22.280292510986328,2020-10-28,false,false,251
2021-10-22,37.236515045166016,37.976924896240234,2021-03-12,22.280292510986328,2020-10-28,false,false,251
2021-10-25,37.403621673583984,37.976924896240234,2021-03-12,22.280292510986328,2020-10-28,false,false,251
2021-10-26,37.570735931396484,37.976924896240234,2021-03-12,22.280292510986328,2020-10-28,false,false,251
2021-10-27,36.646705627441406,37.976924896240234,2021-03-12,22.280292510986328,2020-10-28,false,false,251
2021-10-28,34.906768798828125,37.976924896240234,2021-03-12,22.280292510986328,2020-10-28,false,false,251
2021-10-29,36.047061920166016,37.976924896240234,2021-03-12,22.599620819091797,2020-10-30,false,false,251
2021-11-01,35.80131149291992,37.976924896240234,2021-03-12,22.599620819091797,2020-10-30,false,false,251
2021-11-02,35.46709442138672,37.976924896240234,2021-03-12,23.880842208862305,2020-11-06,false,false,251
2021-11-03,36.803985595703125,37.976924896240234,2021-03-12,23.880842208862305,2020-11-06,false,false,251
2021-11-04,36.33049774169922,37.976924896240234,2021-03-12,23.880842208862305,2020-11-06,false,false,251
2021-11-05,37.37611770629883,37.976924896240234,2021-03-12,23.880842208862305,2020-11-06,false,false,251
2021-11-08,37.20842361450195,37.976924896240234,2021-03-12,23.880842208862305,2020-11-06,false,false,251
2021-11-09,36.80398941040039,37.976924896240234,2021-03-12,24.32802963256836,2021-01-27,false,false,251
2021-11-10,36.52778244018555,37.976924896240234,2021-03-12,24.32802963256836,2021-01-27,false,false,251
2021-11-11,37.060455322265625,37.976924896240234,2021-03-12,24.32802963256836,2021-01-27,false,false,251
2021-11-12,36.586971282958984,37.976924896240234,2021-03-12,24.32802963256836,2021-01-27,false,false,251
2021-11-15,35.99510955810547,37.976924896240234,2021-03-12,24.32802963256836,2021-01-27,false,false,251
2021-11-16,36.12334442138672,37.976924896240234,2021-03-12,24.32802963256836,2021-01-27,false,false,251
2021-11-17,35.561073303222656,37.976924896240234,2021-03-12,24.32802963256836,2021-01-27,false,false,251
2021-11-18,35.383514404296875,37.976924896240234,2021-03-12,24.32802963256836,2021-01-27,false,false,251
2021-11-19,34.69301223754883,37.976924896240234,2021-03-12,24.32802963256836,2021-01-27,false,false,251
2021-11-22,35.413108825683594,37.976924896240234,2021-03-12,24.32802963256836,2021-01-27,false,false,251
2021-11-23,35.66958236694336,37.976924896240234,2021-03-12,24.32802963256836,2021-01-27,false,false,251
2021-11-24,35.31446075439453,37.976924896240234,2021-03-12,24.32802963256836,2021-01-27,false,false,251
2021-11-26,33.32185745239258,37.976924896240234,2021-03-12,24.32802963256836,2021-01-27,false,false,251
2021-11-29,33.27253723144531,37.976924896240234,2021-03-12,24.32802963256836,2021-01-27,false,false,251
2021-11-30,32.72999954223633,37.976924896240234,2021-03-12,24.32802963256836,2021-01-27,false,false,251
2021-12-01,32.591896057128906,37.976924896240234,2021-03-12,24.32802963256836,2021-01-27,false,false,251
2021-12-02,33.706565856933594,37.976924896240234,2021-03-12,24.32802963256836,2021-01-27,false,false,251
2021-12-03,33.06538772583008,37.976924896240234,2021-03-12,24.32802963256836,2021-01-27,false,false,251
2021-12-06,34.36748504638672,37.976924896240234,2021-03-12,24.32802963256836,2021-01-27,false,false,251
2021-12-07,35.57094192504883,37.976924896240234,2021-03-12,24.32802963256836,2021-01-27,false,false,251
2021-12-08,36.69547653198242,37.976924896240234,2021-03-12,24.32802963256836,2021-01-27,false,false,251
2021-12-09,36.725074768066406,37.976924896240234,2021-03-12,24.32802963256836,2021-01-27,false,false,251
2021-12-10,36.81385040283203,37.976924896240234,2021-03-12,24.32802963256836,2021-01-27,false,false,251
2021-12-13,36.626426696777344,37.976924896240234,2021-03-12,24.32802963256836,2021-01-27,false,false,251
2021-12-14,36.892765045166016,37.976924896240234,2021-03-12,24.32802963256836,2021-01-27,false,false,251
2021-12-15,37.593135833740234,37.976924896240234,2021-03-12,24.32802963256836,2021-01-27,false,false,251
2021-12-16,36.69547653198242,37.976924896240234,2021-03-12,24.32802963256836,2021-01-27,false,false,251
2021-12-17,36.80398941040039,37.976924896240234,2021-03-12,24.32802963256836,2021-01-27,false,false,251
2021-12-20,37.22815704345703,37.976924896240234,2021-03-12,24.32802963256836,2021-01-27,false,false,251
2021-12-21,37.50435256958008,37.976924896240234,2021-03-12,24.32802963256836,2021-01-27,false,false,251
2021-12-22,38.2047233581543,38.2047233581543,2021-12-22,24.32802963256836,2021-01-27,true,false,251
2021-12-23,38.59930419921875,38.59930419921875,2021-12-23,24.32802963256836,2021-01-27,true,false,251
2021-12-27,39.08265686035156,39.08265686035156,2021-12-27,24.32802963256836,2021-01-27,true,false,251
2021-12-28,39.11225128173828,39.11225128173828,2021-12-28,24.32802963256836,2021-01-27,true,false,251
2021-12-29,39.4969596862793,39.4969596862793,2021-12-29,24.32802963256836,2021-01-27,true,false,251
2021-12-30,39.37858581542969,39.4969596862793,2021-12-29,24.32802963256836,2021-01-27,false,false,251
2021-12-31,38.91496276855469,39.4969596862793,2021-12-29,24.32802963256836,2021-01-27,false,false,251
2022-01-03,39.25035095214844,39.4969596862793,2021-12-29,24.32802963256836,2021-01-27,false,false,252
2022-01-04,39.3983154296875,39.4969596862793,2021-12-29,24.32802963256836,2021-01-27,false,false,252
2022-01-05,39.0925178527832,39.4969596862793,2021-12-29,24.32802963256836,2021-01-27,false,false,252
2022-01-06,38.68808364868164,39.4969596862793,2021-12-29,24.32802963256836,2021-01-27,false,false,252
2022-01-07,39.31940460205078,39.4969596862793,2021-12-29,24.32802963256836,2021-01-27,false,false,252
2022-01-10,39.51668930053711,39.51668930053711,2022-01-10,24.32802963256836,2021-01-27,true,false,252
2022-01-11,38.530250549316406,39.51668930053711,2022-01-10,24.32802963256836,2021-01-27,false,false,252
2022-01-12,38.33296203613281,39.51668930053711,2022-01-10,24.32802963256836,2021-01-27,false,false,252
2022-01-13,38.717674255371094,39.51668930053711,2022-01-10,24.32802963256836,2021-01-27,false,false,252
2022-01-14,38.85577392578125,39.51668930053711,2022-01-10,24.32802963256836,2021-01-27,false,false,252
2022-01-18,37.37611770629883,39.51668930053711,2022-01-10,24.32802963256836,2021-01-27,false,false,252
2022-01-19,37.316932678222656,39.51668930053711,2022-01-10,24.32802963256836,2021-01-27,false,false,252
2022-01-20,36.675750732421875,39.51668930053711,2022-01-10,24.32802963256836,2021-01-27,false,false,252
2022-01-21,36.49818801879883,39.51668930053711,2022-01-10,24.32802963256836,2021-01-27,false,false,252
2022-01-24,38.06662368774414,39.51668930053711,2022-01-10,24.32802963256836,2021-01-27,false,false,252
2022-01-25,37.40570831298828,39.51668930053711,2022-01-10,24.32802963256836,2021-01-27,false,false,252
2022-01-26,36.61655807495117,39.51668930053711,2022-01-10,24.32802963256836,2021-01-27,false,false,252
2022-01-27,36.054290771484375,39.51668930053711,2022-01-10,24.32802963256836,2021-01-27,false,false,252
2022-01-28,36.42913818359375,39.51668930053711,2022-01-10,26.700075149536133,2021-01-29,false,false,252
2022-01-31,36.81385040283203,39.51668930053711,2022-01-10,26.700075149536133,2021-01-29,false,false,252
2022-02-01,36.96181869506836,39.51668930053711,2022-01-10,27.13268280029297,2021-02-02,false,false,252
2022-02-02,36.56724166870117,39.51668930053711,2022-01-10,27.13268280029297,2021-02-02,false,false,252
2022-02-03,40.42420959472656,40.42420959472656,2022-02-03,27.41460418701172,2021-02-05,true,false,252
2022-02-04,39.487091064453125,40.42420959472656,2022-02-03,27.41460418701172,2021-02-05,false,false,252
2022-02-07,39.11225128173828,40.42420959472656,2022-02-03,27.41460418701172,2021-02-05,false,false,252
2022-02-08,40.937156677246094,40.937156677246094,2022-02-08,29.43187713623047,2021-02-18,true,false,252
2022-02-09,39.684383392333984,40.937156677246094,2022-02-08,29.43187713623047,2021-02-18,false,false,252
2022-02-10,39.11225128173828,40.937156677246094,2022-02-08,29.43187713623047,2021-02-18,false,false,252
2022-02-11,39.566009521484375,40.937156677246094,2022-02-08,29.43187713623047,2021-02-18,false,false,252
2022-02-14,39.723838806152344,40.937156677246094,2022-02-08,29.43187713623047,2021-02-18,false,false,252
2022-02-15,40.84838104248047,40.937156677246094,2022-02-08,29.43187713623047,2021-02-18,false,false,253
2022-02-16,41.59807205200195,41.59807205200195,2022-02-16,29.43187713623047,2021-02-18,true,false,253
2022-02-17,42.98368835449219,42.98368835449219,2022-02-17,29.43187713623047,2021-02-18,true,false,253
2022-02-18,43.38947296142578,43.38947296142578,2022-02-18,29.43187713623047,2021-02-18,true,false,253
2022-02-22,42.55810546875,43.38947296142578,2022-02-18,29.750009536743164,2021-07-19,false,false,252
2022-02-23,43.14204025268555,43.38947296142578,2022-02-18,29.750009536743164,2021-07-19,false,false,252
2022-02-24,42.686771392822266,43.38947296142578,2022-02-18,29.750009536743164,2021-07-19,false,false,252
2022-02-25,42.84512710571289,43.38947296142578,2022-02-18,29.750009536743164,2021-07-19,false,false,252
2022-02-28,44.79487991333008,44.79487991333008,2022-02-28,29.750009536743164,2021-07-19,true,false,252
2022-03-01,43.27070999145508,44.79487991333008,2022-02-28,29.750009536743164,2021-07-19,false,false,252
2022-03-02,45.4579963684082,45.4579963684082,2022-03-02,29.750009536743164,2021-07-19,true,false,252
2022-03-03,45.685630798339844,45.685630798339844,2022-03-03,29.750009536743164,2021-07-19,true,false,252
2022-03-04,45.96274948120117,45.96274948120117,2022-03-04,29.750009536743164,2021-07-19,true,false,252
2022-03-07,44.43857955932617,45.96274948120117,2022-03-04,29.750009536743164,2021-07-19,false,false,252
2022-03-08,43.35978317260742,45.96274948120117,2022-03-04,29.750009536743164,2021-07-19,false,false,252
2022-03-09,45.10169219970703,45.96274948120117,2022-03-04,29.750009536743164,2021-07-19,false,false,252
2022-03-10,45.7153205871582,45.96274948120117,2022-03-04,29.750009536743164,2021-07-19,false,false,252
2022-03-11,45.87367630004883,45.96274948120117,2022-03-04,29.750009536743164,2021-07-19,false,false,252
2022-03-14,45.853885650634766,45.96274948120117,2022-03-04,29.750009536743164,2021-07-19,false,false,252
2022-03-15,45.26994705200195,45.96274948120117,2022-03-04,29.750009536743164,2021-07-19,false,false,252
2022-03-16,44.33960723876953,45.96274948120117,2022-03-04,29.750009536743164,2021-07-19,false,false,252
2022-03-17,45.814292907714844,45.96274948120117,2022-03-04,29.750009536743164,2021-07-19,false,false,252
2022-03-18,45.32932662963867,45.96274948120117,2022-03-04,29.750009536743164,2021-07-19,false,false,252
2022-03-21,46.635765075683594,46.635765075683594,2022-03-21,29.750009536743164,2021-07-19,true,false,252
2022-03-22,46.8733024597168,46.8733024597168,2022-03-22,29.750009536743164,2021-07-19,true,false,252
2022-03-23,45.972652435302734,46.8733024597168,2022-03-22,29.750009536743164,2021-07-19,false,false,252
2022-03-24,46.487308502197266,46.8733024597168,2022-03-22,29.750009536743164,2021-07-19,false,false,252
2022-03-25,45.408512115478516,46.8733024597168,2022-03-22,29.750009536743164,2021-07-19,false,false,252
2022-03-28,44.834468841552734,46.8733024597168,2022-03-22,29.750009536743164,2021-07-19,false,false,252
2022-03-29,45.43819808959961,46.8733024597168,2022-03-22,29.750009536743164,2021-07-19,false,false,252
2022-03-30,46.58627700805664,46.8733024597168,2022-03-22,29.750009536743164,2021-07-19,false,false,252
2022-03-31,45.42830276489258,46.8733024597168,2022-03-22,29.750009536743164,2021-07-19,false,false,252
2022-04-01,45.2303581237793,46.8733024597168,2022-03-22,29.750009536743164,2021-07-19,false,false,252
2022-04-04,43.537933349609375,46.8733024597168,2022-03-22,29.750009536743164,2021-07-19,false,false,253
2022-04-05,42.43933868408203,46.8733024597168,2022-03-22,29.750009536743164,2021-07-19,false,false,253
2022-04-06,42.13252258300781,46.8733024597168,2022-03-22,29.750009536743164,2021-07-19,false,false,253
2022-04-07,42.03355026245117,46.8733024597168,2022-03-22,29.750009536743164,2021-07-19,false,false,253
2022-04-08,41.291263580322266,46.8733024597168,2022-03-22,29.750009536743164,2021-07-19,false,false,253
2022-04-11,40.459896087646484,46.8733024597168,2022-03-22,29.750009536743164,2021-07-19,false,false,253
2022-04-12,40.7864990234375,46.8733024597168,2022-03-22,29.750009536743164,2021-07-19,false,false,253
2022-04-13,41.45950698852539,46.8733024597168,2022-03-22,29.750009536743164,2021-07-19,false,false,253
2022-04-14,41.132904052734375,46.8733024597168,2022-03-22,29.750009536743164,2021-07-19,false,false,253
2022-04-18,40.816192626953125,46.8733024597168,2022-03-22,29.750009536743164,2021-07-19,false,false,252
2022-04-19,41.18239212036133,46.8733024597168,2022-03-22,29.750009536743164,2021-07-19,false,false,252
2022-04-20,41.34074401855469,46.8733024597168,2022-03-22,29.750009536743164,2021-07-19,false,false,252
2022-04-21,40.341121673583984,46.8733024597168,2022-03-22,29.750009536743164,2021-07-19,false,false,252
2022-04-22,39.47016906738281,46.8733024597168,2022-03-22,29.750009536743164,2021-07-19,false,false,252
2022-04-25,39.143558502197266,46.8733024597168,2022-03-22,29.750009536743164,2021-07-19,false,false,252
2022-04-26,37.70846176147461,46.8733024597168,2022-03-22,29.750009536743164,2021-07-19,false,false,252
2022-04-27,37.55999755859375,46.8733024597168,2022-03-22,29.750009536743164,2021-07-19,false,false,252
2022-04-28,37.995479583740234,46.8733024597168,2022-03-22,29.750009536743164,2021-07-19,false,false,252
2022-04-29,36.89688491821289,46.8733024597168,2022-03-22,29.750009536743164,2021-07-19,false,false,252
2022-05-02,36.8572998046875,46.8733024597168,2022-03-22,29.750009536743164,2021-07-19,false,false,252
2022-05-03,37.114627838134766,46.8733024597168,2022-03-22,29.750009536743164,2021-07-19,false,false,252
2022-05-04,38.22311782836914,46.8733024597168,2022-03-22,29.750009536743164,2021-07-19,false,false,252
2022-05-05,36.283260345458984,46.8733024597168,2022-03-22,29.750009536743164,2021-07-19,false,false,252
2022-05-06,36.194183349609375,46.8733024597168,2022-03-22,29.750009536743164,2021-07-19,false,false,252
2022-05-09,36.49109649658203,46.8733024597168,2022-03-22,29.750009536743164,2021-07-19,false,false,252
2022-05-10,35.92695999145508,46.8733024597168,2022-03-22,29.750009536743164,2021-07-19,false,false,252
2022-05-11,35.69932556152344,46.8733024597168,2022-03-22,29.750009536743164,2021-07-19,false,false,252
2022-05-12,35.966548919677734,46.8733024597168,2022-03-22,29.750009536743164,2021-07-19,false,false,252
2022-05-13,36.609867095947266,46.8733024597168,2022-03-22,29.750009536743164,2021-07-19,false,false,252
2022-05-16,36.708839416503906,46.8733024597168,2022-03-22,29.750009536743164,2021-07-19,false,false,252
2022-05-17,38.134037017822266,46.8733024597168,2022-03-22,29.750009536743164,2021-07-19,false,false,252
2022-05-18,37.91630554199219,46.8733024597168,2022-03-22,29.750009536743164,2021-07-19,false,false,252
2022-05-19,35.26384353637695,46.8733024597168,2022-03-22,29.750009536743164,2021-07-19,false,false,252
2022-05-20,33.17552947998047,46.8733024597168,2022-03-22,29.750009536743164,2021-07-19,false,false,252
2022-05-23,34.135562896728516,46.8733024597168,2022-03-22,29.750009536743164,2021-07-19,false,false,252
2022-05-24,34.5908317565918,46.8733024597168,2022-03-22,29.750009536743164,2021-07-19,false,false,252
2022-05-25,34.26422119140625,46.8733024597168,2022-03-22,29.750009536743164,2021-07-19,false,false,252
2022-05-26,35.016414642333984,46.8733024597168,2022-03-22,29.750009536743164,2021-07-19,false,false,252
2022-05-27,36.03582763671875,46.8733024597168,2022-03-22,29.750009536743164,2021-07-19,false,false,252
2022-05-31,35.78839874267578,46.8733024597168,2022-03-22,29.750009536743164,2021-07-19,false,false,252
2022-06-01,35.9566535949707,46.8733024597168,2022-03-22,29.750009536743164,2021-07-19,false,false,252
2022-06-02,37.049556732177734,46.8733024597168,2022-03-22,29.750009536743164,2021-07-19,false,false,252
2022-06-03,36.145423889160156,46.8733024597168,2022-03-22,29.750009536743164,2021-07-19,false,false,252
2022-06-06,36.55278015136719,46.8733024597168,2022-03-22,29.750009536743164,2021-07-19,false,false,252
2022-06-07,36.56271743774414,46.8733024597168,2022-03-22,29.750009536743164,2021-07-19,false,false,252
2022-06-08,35.65858459472656,46.8733024597168,2022-03-22,29.750009536743164,2021-07-19,false,false,252
2022-06-09,36.09574890136719,46.8733024597168,2022-03-22,29.750009536743164,2021-07-19,false,false,252
2022-06-10,36.01626205444336,46.8733024597168,2022-03-22,29.750009536743164,2021-07-19,false,false,252
2022-06-13,35.370452880859375,46.8733024597168,2022-03-22,29.750009536743164,2021-07-19,false,false,252
2022-06-14,35.47974395751953,46.8733024597168,2022-03-22,29.750009536743164,2021-07-19,false,false,252
2022-06-15,36.02619934082031,46.8733024597168,2022-03-22,29.750009536743164,2021-07-19,false,false,252
2022-06-16,35.439998626708984,46.8733024597168,2022-03-22,29.750009536743164,2021-07-19,false,false,252
2022-06-17,35.50955581665039,46.8733024597168,2022-03-22,29.750009536743164,2021-07-19,false,false,252
2022-06-21,35.390323638916016,46.8733024597168,2022-03-22,29.750009536743164,2021-07-19,false,false,251
2022-06-22,35.49961471557617,46.8733024597168,2022-03-22,29.750009536743164,2021-07-19,false,false,251
2022-06-23,35.4300651550293,46.8733024597168,2022-03-22,29.750009536743164,2021-07-19,false,false,251
2022-06-24,36.344139099121094,46.8733024597168,2022-03-22,29.750009536743164,2021-07-19,false,false,251
2022-06-27,36.30439376831055,46.8733024597168,2022-03-22,29.750009536743164,2021-07-19,false,false,251
2022-06-28,35.56916046142578,46.8733024597168,2022-03-22,29.750009536743164,2021-07-19,false,false,251
2022-06-29,35.420135498046875,46.8733024597168,2022-03-22,29.750009536743164,2021-07-19,false,false,251
2022-06-30,35.79768371582031,46.8733024597168,2022-03-22,29.750009536743164,2021-07-19,false,false,251
2022-07-01,35.757938385009766,46.8733024597168,2022-03-22,29.750009536743164,2021-07-19,false,false,251
2022-07-05,34.73457717895508,46.8733024597168,2022-03-22,29.750009536743164,2021-07-19,false,false,251
2022-07-06,33.770835876464844,46.8733024597168,2022-03-22,29.750009536743164,2021-07-19,false,false,251
2022-07-07,34.337162017822266,46.8733024597168,2022-03-22,29.750009536743164,2021-07-19,false,false,251
2022-07-08,34.12851333618164,46.8733024597168,2022-03-22,29.750009536743164,2021-07-19,false,false,251
2022-07-11,34.217933654785156,46.8733024597168,2022-03-22,29.750009536743164,2021-07-19,false,false,251
2022-07-12,33.90993118286133,46.8733024597168,2022-03-22,29.750009536743164,2021-07-19,false,false,251
2022-07-13,33.84038543701172,46.8733024597168,2022-03-22,29.750009536743164,2021-07-19,false,false,251
2022-07-14,33.68141555786133,46.8733024597168,2022-03-22,29.750009536743164,2021-07-19,false,false,251
2022-07-15,34.47625732421875,46.8733024597168,2022-03-22,29.750009536743164,2021-07-19,false,false,251
2022-07-18,34.14838409423828,46.8733024597168,2022-03-22,29.750009536743164,2021-07-19,false,false,251
2022-07-19,34.982967376708984,46.8733024597168,2022-03-22,29.750009536743164,2021-07-19,false,false,251
2022-07-20,35.62877655029297,46.8733024597168,2022-03-22,30.23000717163086,2021-07-22,false,false,251
2022-07-21,35.608909606933594,46.8733024597168,2022-03-22,30.23000717163086,2021-07-22,false,false,251
2022-07-22,35.261165618896484,46.8733024597168,2022-03-22,30.23000717163086,2021-07-22,false,false,251
2022-07-25,36.25471878051758,46.8733024597168,2022-03-22,30.87653350830078,2021-07-27,false,false,251
2022-07-26,36.60245895385742,46.8733024597168,2022-03-22,30.87653350830078,2021-07-27,false,false,251
2022-07-27,37.98349380493164,46.8733024597168,2022-03-22,30.87653350830078,2021-07-27,false,false,251
2022-07-28,38.977046966552734,46.8733024597168,2022-03-22,31.650407791137695,2021-07-29,false,false,251
2022-07-29,39.49369430541992,46.8733024597168,2022-03-22,31.650407791137695,2021-07-29,false,false,251
2022-08-01,38.947242736816406,46.8733024597168,2022-03-22,32.591896057128906,2021-12-01,false,false,251
2022-08-02,38.053043365478516,46.8733024597168,2022-03-22,32.591896057128906,2021-12-01,false,false,251
2022-08-03,38.400787353515625,46.8733024597168,2022-03-22,32.591896057128906,2021-12-01,false,false,251
2022-08-04,38.72865676879883,46.8733024597168,2022-03-22,32.591896057128906,2021-12-01,false,false,251
2022-08-05,39.891117095947266,46.8733024597168,2022-03-22,32.591896057128906,2021-12-01,false,false,251
2022-08-08,41.570220947265625,46.8733024597168,2022-03-22,32.591896057128906,2021-12-01,false,false,251
2022-08-09,41.25228500366211,46.8733024597168,2022-03-22,32.591896057128906,2021-12-01,false,false,251
2022-08-10,42.375,46.8733024597168,2022-03-22,32.591896057128906,2021-12-01,false,false,251
2022-08-11,42.891639709472656,46.8733024597168,2022-03-22,32.591896057128906,2021-12-01,false,false,251
2022-08-12,43.73616027832031,46.8733024597168,2022-03-22,32.591896057128906,2021-12-01,false,false,251
2022-08-15,43.55732345581055,46.8733024597168,2022-03-22,32.591896057128906,2021-12-01,false,false,251
2022-08-16,44.24287033081055,46.8733024597168,2022-03-22,32.591896057128906,2021-12-01,false,false,251
2022-08-17,44.24287033081055,46.8733024597168,2022-03-22,32.591896057128906,2021-12-01,false,false,251
2022-08-18,44.691383361816406,46.8733024597168,2022-03-22,32.591896057128906,2021-12-01,false,false,251
2022-08-19,43.87409973144531,46.8733024597168,2022-03-22,32.591896057128906,2021-12-01,false,false,251
2022-08-22,43.575096130371094,46.8733024597168,2022-03-22,32.591896057128906,2021-12-01,false,false,251
2022-08-23,44.302677154541016,46.8733024597168,2022-03-22,32.591896057128906,2021-12-01,false,false,251
2022-08-24,42.72791290283203,46.8733024597168,2022-03-22,32.591896057128906,2021-12-01,false,false,251
2022-08-25,42.588375091552734,46.8733024597168,2022-03-22,32.591896057128906,2021-12-01,false,false,251
2022-08-26,41.39235305786133,46.8733024597168,2022-03-22,32.591896057128906,2021-12-01,false,false,251
2022-08-29,40.71460723876953,46.8733024597168,2022-03-22,32.591896057128906,2021-12-01,false,false,251
2022-08-30,39.3292121887207,46.8733024597168,2022-03-22,32.591896057128906,2021-12-01,false,false,251
2022-08-31,38.1929931640625,46.8733024597168,2022-03-22,32.591896057128906,2021-12-01,false,false,251
2022-09-01,38.0235595703125,46.8733024597168,2022-03-22,32.591896057128906,2021-12-01,false,false,251
2022-09-02,37.86408996582031,46.8733024597168,2022-03-22,32.591896057128906,2021-12-01,false,false,251
2022-09-06,37.2860107421875,46.8733024597168,2022-03-22,32.591896057128906,2021-12-01,false,false,251
2022-09-07,38.18302917480469,46.8733024597168,2022-03-22,32.591896057128906,2021-12-01,false,false,251
2022-09-08,37.47537612915039,46.8733024597168,2022-03-22,32.591896057128906,2021-12-01,false,false,251
2022-09-09,38.05345916748047,46.8733024597168,2022-03-22,32.591896057128906,2021-12-01,false,false,251
2022-09-12,39.18967819213867,46.8733024597168,2022-03-22,32.591896057128906,2021-12-01,false,false,251
2022-09-13,38.262760162353516,46.8733024597168,2022-03-22,32.591896057128906,2021-12-01,false,false,251
2022-09-14,38.44216537475586,46.8733024597168,2022-03-22,32.591896057128906,2021-12-01,false,false,251
2022-09-15,38.05345916748047,46.8733024597168,2022-03-22,32.591896057128906,2021-12-01,false,false,251
2022-09-16,37.80428695678711,46.8733024597168,2022-03-22,32.591896057128906,2021-12-01,false,false,251
2022-09-19,39.01027297973633,46.8733024597168,2022-03-22,32.591896057128906,2021-12-01,false,false,251
2022-09-20,38.69133377075195,46.8733024597168,2022-03-22,32.591896057128906,2021-12-01,false,false,251
2022-09-21,39.08004379272461,46.8733024597168,2022-03-22,32.591896057128906,2021-12-01,false,false,251
2022-09-22,39.13984680175781,46.8733024597168,2022-03-22,32.591896057128906,2021-12-01,false,false,251
2022-09-23,37.55511474609375,46.8733024597168,2022-03-22,32.591896057128906,2021-12-01,false,false,251
2022-09-26,37.365745544433594,46.8733024597168,2022-03-22,32.591896057128906,2021-12-01,false,false,251
2022-09-27,36.917236328125,46.8733024597168,2022-03-22,32.591896057128906,2021-12-01,false,false,251
2022-09-28,38.47206497192383,46.8733024597168,2022-03-22,32.591896057128906,2021-12-01,false,false,251
2022-09-29,38.16309356689453,46.8733024597168,2022-03-22,32.591896057128906,2021-12-01,false,false,251
2022-09-30,38.860774993896484,46.8733024597168,2022-03-22,32.591896057128906,2021-12-01,false,false,251
2022-10-03,39.030208587646484,46.8733024597168,2022-03-22,32.591896057128906,2021-12-01,false,false,251
2022-10-04,39.389015197753906,46.8733024597168,2022-03-22,32.591896057128906,2021-12-01,false,false,251
2022-10-05,38.731204986572266,46.8733024597168,2022-03-22,32.591896057128906,2021-12-01,false,false,251
2022-10-06,38.561763763427734,46.8733024597168,2022-03-22,32.591896057128906,2021-12-01,false,false,251
2022-10-07,37.654781341552734,46.8733024597168,2022-03-22,32.591896057128906,2021-12-01,false,false,251
2022-10-10,38.49199676513672,46.8733024597168,2022-03-22,32.591896057128906,2021-12-01,false,false,251
2022-10-11,39.169742584228516,46.8733024597168,2022-03-22,32.591896057128906,2021-12-01,false,false,251
2022-10-12,38.910606384277344,46.8733024597168,2022-03-22,32.591896057128906,2021-12-01,false,false,251
2022-10-13,40.28602981567383,46.8733024597168,2022-03-22,32.591896057128906,2021-12-01,false,false,251
2022-10-14,39.638187408447266,46.8733024597168,2022-03-22,32.591896057128906,2021-12-01,false,false,251
2022-10-17,40.555137634277344,46.8733024597168,2022-03-22,32.591896057128906,2021-12-01,false,false,251
2022-10-18,41.28271484375,46.8733024597168,2022-03-22,32.591896057128906,2021-12-01,false,false,251
2022-10-19,41.402320861816406,46.8733024597168,2022-03-22,32.591896057128906,2021-12-01,false,false,251
2022-10-20,39.79765701293945,46.8733024597168,2022-03-22,32.591896057128906,2021-12-01,false,false,251
2022-10-21,41.20298385620117,46.8733024597168,2022-03-22,32.591896057128906,2021-12-01,false,false,251
2022-10-24,41.462120056152344,46.8733024597168,2022-03-22,32.591896057128906,2021-12-01,false,false,251
2022-10-25,43.305992126464844,46.8733024597168,2022-03-22,32.591896057128906,2021-12-01,false,false,251
2022-10-26,44.1731071472168,46.8733024597168,2022-03-22,32.591896057128906,2021-12-01,false,false,251
2022-10-27,44.352508544921875,46.8733024597168,2022-03-22,32.591896057128906,2021-12-01,false,false,251
2022-10-28,45.3691291809082,46.8733024597168,2022-03-22,32.591896057128906,2021-12-01,false,false,251
2022-10-31,44.88075256347656,46.8733024597168,2022-03-22,32.591896057128906,2021-12-01,false,false,251
2022-11-01,46.10667419433594,46.8733024597168,2022-03-22,32.591896057128906,2021-12-01,false,false,251
2022-11-02,45.94720458984375,46.8733024597168,2022-03-22,32.591896057128906,2021-12-01,false,false,251
2022-11-03,45.04022216796875,46.8733024597168,2022-03-22,32.591896057128906,2021-12-01,false,false,251
2022-11-04,44.54187774658203,46.8733024597168,2022-03-22,32.591896057128906,2021-12-01,false,false,251
2022-11-07,41.7112922668457,46.8733024597168,2022-03-22,32.591896057128906,2021-12-01,false,false,251
2022-11-08,41.98039627075195,46.8733024597168,2022-03-22,32.591896057128906,2021-12-01,false,false,251
2022-11-09,41.00364685058594,46.8733024597168,2022-03-22,32.591896057128906,2021-12-01,false,false,251
2022-11-10,43.046852111816406,46.8733024597168,2022-03-22,32.591896057128906,2021-12-01,false,false,251
2022-11-11,41.87076187133789,46.8733024597168,2022-03-22,32.591896057128906,2021-12-01,false,false,251
2022-11-14,41.96046447753906,46.8733024597168,2022-03-22,32.591896057128906,2021-12-01,false,false,251
2022-11-15,42.508644104003906,46.8733024597168,2022-03-22,32.591896057128906,2021-12-01,false,false,251
2022-11-16,42.10000228881836,46.8733024597168,2022-03-22,32.591896057128906,2021-12-01,false,false,251
2022-11-17,41.279998779296875,46.8733024597168,2022-03-22,32.591896057128906,2021-12-01,false,false,251
2022-11-18,42.20000076293945,46.8733024597168,2022-03-22,32.591896057128906,2021-12-01,false,false,251
2022-11-21,42.560001373291016,46.8733024597168,2022-03-22,32.591896057128906,2021-12-01,false,false,251
2022-11-22,42.54999923706055,46.8733024597168,2022-03-22,32.591896057128906,2021-12-01,false,false,251
2022-11-23,42.31999969482422,46.8733024597168,2022-03-22,32.591896057128906,2021-12-01,false,false,251
2022-11-25,42.959999084472656,46.8733024597168,2022-03-22,32.591896057128906,2021-12-01,false,false,251
2022-11-28,41.779998779296875,46.8733024597168,2022-03-22,32.591896057128906,2021-12-01,false,false,251
2022-11-29,41.779998779296875,46.8733024597168,2022-03-22,32.591896057128906,2021-12-01,false,false,251
2022-11-30,41.599998474121094,46.8733024597168,2022-03-22,32.591896057128906,2021-12-01,false,false,251
