date,close_value,highest_52_weeks_value,highest_date,lowest_52_weeks_value,lowest_date,is_high52,is_low52,business_days
2017-03-02,17.652891159057617,17.652891159057617,2017-03-02,17.652891159057617,2017-03-02,true,true,0
2017-03-03,17.652891159057617,17.652891159057617,2017-03-03,17.652891159057617,2017-03-03,true,true,1
2017-03-06,17.652891159057617,17.652891159057617,2017-03-06,17.652891159057617,2017-03-06,true,true,2
2017-03-07,17.652891159057617,17.652891159057617,2017-03-07,17.652891159057617,2017-03-07,true,true,3
2017-03-08,17.652891159057617,17.652891159057617,2017-03-08,17.652891159057617,2017-03-08,true,true,4
2017-03-09,17.652891159057617,17.652891159057617,2017-03-09,17.652891159057617,2017-03-09,true,true,5
2017-03-10,17.454545974731445,17.652891159057617,2017-03-09,17.454545974731445,2017-03-10,false,true,6
2017-03-13,17.454545974731445,17.652891159057617,2017-03-09,17.454545974731445,2017-03-13,false,true,7
2017-03-14,17.454545974731445,17.652891159057617,2017-03-09,17.454545974731445,2017-03-14,false,true,8
2017-03-15,17.454545974731445,17.652891159057617,2017-03-09,17.454545974731445,2017-03-15,false,true,9
2017-03-16,17.454545974731445,17.652891159057617,2017-03-09,17.454545974731445,2017-03-16,false,true,10
2017-03-17,17.533884048461914,17.652891159057617,2017-03-09,17.454545974731445,2017-03-16,false,false,11
2017-03-20,17.533884048461914,17.652891159057617,2017-03-09,17.454545974731445,2017-03-16,false,false,12
2017-03-21,17.454545974731445,17.652891159057617,2017-03-09,17.454545974731445,2017-03-21,false,true,13
2017-03-22,17.454545974731445,17.652891159057617,2017-03-09,17.454545974731445,2017-03-22,false,true,14
2017-03-23,17.375205993652344,17.652891159057617,2017-03-09,17.375205993652344,2017-03-23,false,true,15
2017-03-24,17.375205993652344,17.652891159057617,2017-03-09,17.375205993652344,2017-03-24,false,true,16
2017-03-27,17.319669723510742,17.652891159057617,2017-03-09,17.319669723510742,2017-03-27,false,true,17
2017-03-28,17.295867919921875,17.652891159057617,2017-03-09,17.295867919921875,2017-03-28,false,true,18
2017-03-29,17.319669723510742,17.652891159057617,2017-03-09,17.295867919921875,2017-03-28,false,false,19
2017-03-30,17.319669723510742,17.652891159057617,2017-03-09,17.295867919921875,2017-03-28,false,false,20
2017-03-31,17.256196975708008,17.652891159057617,2017-03-09,17.256196975708008,2017-03-31,false,true,21
2017-04-03,17.256196975708008,17.652891159057617,2017-03-09,17.256196975708008,2017-04-03,false,true,22
2017-04-04,17.256196975708008,17.652891159057617,2017-03-09,17.256196975708008,2017-04-04,false,true,23
2017-04-05,17.256196975708008,17.652891159057617,2017-03-09,17.256196975708008,2017-04-05,false,true,24
2017-04-06,17.057851791381836,17.652891159057617,2017-03-09,17.057851791381836,2017-04-06,false,true,25
2017-04-07,15.471074104309082,17.652891159057617,2017-03-09,15.471074104309082,2017-04-07,false,true,26
2017-04-10,16.264461517333984,17.652891159057617,2017-03-09,15.471074104309082,2017-04-07,false,false,27
2017-04-11,15.875701904296875,17.652891159057617,2017-03-09,15.471074104309082,2017-04-07,false,false,28
2017-04-12,15.867768287658691,17.652891159057617,2017-03-09,15.471074104309082,2017-04-07,false,false,29
2017-04-13,15.709091186523438,17.652891159057617,2017-03-09,15.471074104309082,2017-04-07,false,false,30
2017-04-17,15.471074104309082,17.652891159057617,2017-03-09,15.471074104309082,2017-04-17,false,true,31
2017-04-18,15.471866607666016,17.652891159057617,2017-03-09,15.471074104309082,2017-04-17,false,false,32
2017-04-19,15.709091186523438,17.652891159057617,2017-03-09,15.471074104309082,2017-04-17,false,false,33
2017-04-20,15.709091186523438,17.652891159057617,2017-03-09,15.471074104309082,2017-04-17,false,false,34
2017-04-21,15.629752159118652,17.652891159057617,2017-03-09,15.471074104309082,2017-04-17,false,false,35
2017-04-24,15.629752159118652,17.652891159057617,2017-03-09,15.471074104309082,2017-04-17,false,false,36
2017-04-25,15.94789981842041,17.652891159057617,2017-03-09,15.471074104309082,2017-04-17,false,false,37
2017-04-26,16.38347053527832,17.652891159057617,2017-03-09,15.471074104309082,2017-04-17,false,false,38
2017-04-27,16.661155700683594,17.652891159057617,2017-03-09,15.471074104309082,2017-04-17,false,false,39
2017-04-28,16.661155700683594,17.652891159057617,2017-03-09,15.471074104309082,2017-04-17,false,false,40
2017-05-01,16.661155700683594,17.652891159057617,2017-03-09,15.471074104309082,2017-04-17,false,false,41
2017-05-02,16.581817626953125,17.652891159057617,2017-03-09,15.471074104309082,2017-04-17,false,false,42
2017-05-03,16.30413246154785,17.652891159057617,2017-03-09,15.471074104309082,2017-04-17,false,false,43
2017-05-04,16.185123443603516,17.652891159057617,2017-03-09,15.471074104309082,2017-04-17,false,false,44
2017-05-05,16.026445388793945,17.652891159057617,2017-03-09,15.471074104309082,2017-04-17,false,false,45
2017-05-08,16.026445388793945,17.652891159057617,2017-03-09,15.471074104309082,2017-04-17,false,false,46
2017-05-09,16.026445388793945,17.652891159057617,2017-03-09,15.471074104309082,2017-04-17,false,false,47
2017-05-10,16.026445388793945,17.652891159057617,2017-03-09,15.471074104309082,2017-04-17,false,false,48
2017-05-11,15.987569808959961,17.652891159057617,2017-03-09,15.471074104309082,2017-04-17,false,false,49
2017-05-12,16.026445388793945,17.652891159057617,2017-03-09,15.471074104309082,2017-04-17,false,false,50
2017-05-15,16.026445388793945,17.652891159057617,2017-03-09,15.471074104309082,2017-04-17,false,false,51
2017-05-16,16.85950469970703,17.652891159057617,2017-03-09,15.471074104309082,2017-04-17,false,false,52
2017-05-17,16.54214859008789,17.652891159057617,2017-03-09,15.471074104309082,2017-04-17,false,false,53
2017-05-18,16.740493774414062,17.652891159057617,2017-03-09,15.471074104309082,2017-04-17,false,false,54
2017-05-19,16.899173736572266,17.652891159057617,2017-03-09,15.471074104309082,2017-04-17,false,false,55
2017-05-22,16.502477645874023,17.652891159057617,2017-03-09,15.471074104309082,2017-04-17,false,false,56
2017-05-23,16.502477645874023,17.652891159057617,2017-03-09,15.471074104309082,2017-04-17,false,false,57
2017-05-24,17.137189865112305,17.652891159057617,2017-03-09,15.471074104309082,2017-04-17,false,false,58
2017-05-25,17.137189865112305,17.652891159057617,2017-03-09,15.471074104309082,2017-04-17,false,false,59
2017-05-26,16.85950469970703,17.652891159057617,2017-03-09,15.471074104309082,2017-04-17,false,false,60
2017-05-30,16.85950469970703,17.652891159057617,2017-03-09,15.471074104309082,2017-04-17,false,false,61
2017-05-31,16.819833755493164,17.652891159057617,2017-03-09,15.471074104309082,2017-04-17,false,false,62
2017-06-01,16.740493774414062,17.652891159057617,2017-03-09,15.471074104309082,2017-04-17,false,false,63
2017-06-02,16.740493774414062,17.652891159057617,2017-03-09,15.471074104309082,2017-04-17,false,false,64
2017-06-05,16.819833755493164,17.652891159057617,2017-03-09,15.471074104309082,2017-04-17,false,false,65
2017-06-06,16.502477645874023,17.652891159057617,2017-03-09,15.471074104309082,2017-04-17,false,false,66
2017-06-07,16.661155700683594,17.652891159057617,2017-03-09,15.471074104309082,2017-04-17,false,false,67
2017-06-08,16.661155700683594,17.652891159057617,2017-03-09,15.471074104309082,2017-04-17,false,false,68
2017-06-09,16.740493774414062,17.652891159057617,2017-03-09,15.471074104309082,2017-04-17,false,false,69
2017-06-12,16.740493774414062,17.652891159057617,2017-03-09,15.471074104309082,2017-04-17,false,false,70
2017-06-13,16.661155700683594,17.652891159057617,2017-03-09,15.471074104309082,2017-04-17,false,false,71
2017-06-14,16.661155700683594,17.652891159057617,2017-03-09,15.471074104309082,2017-04-17,false,false,72
2017-06-15,16.581817626953125,17.652891159057617,2017-03-09,15.471074104309082,2017-04-17,false,false,73
2017-06-16,16.661155700683594,17.652891159057617,2017-03-09,15.471074104309082,2017-04-17,false,false,74
2017-06-19,16.661155700683594,17.652891159057617,2017-03-09,15.471074104309082,2017-04-17,false,false,75
2017-06-20,16.343801498413086,17.652891159057617,2017-03-09,15.471074104309082,2017-04-17,false,false,76
2017-06-21,16.343801498413086,17.652891159057617,2017-03-09,15.471074104309082,2017-04-17,false,false,77
2017-06-22,16.343801498413086,17.652891159057617,2017-03-09,15.471074104309082,2017-04-17,false,false,78
2017-06-23,16.351736068725586,17.652891159057617,2017-03-09,15.471074104309082,2017-04-17,false,false,79
2017-06-26,16.343801498413086,17.652891159057617,2017-03-09,15.471074104309082,2017-04-17,false,false,80
2017-06-27,16.343801498413086,17.652891159057617,2017-03-09,15.471074104309082,2017-04-17,false,false,81
2017-06-28,16.343801498413086,17.652891159057617,2017-03-09,15.471074104309082,2017-04-17,false,false,82
2017-06-29,16.502477645874023,17.652891159057617,2017-03-09,15.471074104309082,2017-04-17,false,false,83
2017-06-30,16.502477645874023,17.652891159057617,2017-03-09,15.471074104309082,2017-04-17,false,false,84
2017-07-03,16.502477645874023,17.652891159057617,2017-03-09,15.471074104309082,2017-04-17,false,false,85
2017-07-05,16.661155700683594,17.652891159057617,2017-03-09,15.471074104309082,2017-04-17,false,false,86
2017-07-06,16.462810516357422,17.652891159057617,2017-03-09,15.471074104309082,2017-04-17,false,false,87
2017-07-07,16.462810516357422,17.652891159057617,2017-03-09,15.471074104309082,2017-04-17,false,false,88
2017-07-10,16.661155700683594,17.652891159057617,2017-03-09,15.471074104309082,2017-04-17,false,false,89
2017-07-11,16.661951065063477,17.652891159057617,2017-03-09,15.471074104309082,2017-04-17,false,false,90
2017-07-12,16.740493774414062,17.652891159057617,2017-03-09,15.471074104309082,2017-04-17,false,false,91
2017-07-13,16.78016471862793,17.652891159057617,2017-03-09,15.471074104309082,2017-04-17,false,false,92
2017-07-14,16.85950469970703,17.652891159057617,2017-03-09,15.471074104309082,2017-04-17,false,false,93
2017-07-17,16.85950469970703,17.652891159057617,2017-03-09,15.471074104309082,2017-04-17,false,false,94
2017-07-18,16.62148666381836,17.652891159057617,2017-03-09,15.471074104309082,2017-04-17,false,false,95
2017-07-19,16.62148666381836,17.652891159057617,2017-03-09,15.471074104309082,2017-04-17,false,false,96
2017-07-20,16.62148666381836,17.652891159057617,2017-03-09,15.471074104309082,2017-04-17,false,false,97
2017-07-21,16.62148666381836,17.652891159057617,2017-03-09,15.471074104309082,2017-04-17,false,false,98
2017-07-24,16.613554000854492,17.652891159057617,2017-03-09,15.471074104309082,2017-04-17,false,false,99
2017-07-25,16.85950469970703,17.652891159057617,2017-03-09,15.471074104309082,2017-04-17,false,false,100
2017-07-26,16.85950469970703,17.652891159057617,2017-03-09,15.471074104309082,2017-04-17,false,false,101
2017-07-27,17.533884048461914,17.652891159057617,2017-03-09,15.471074104309082,2017-04-17,false,false,102
2017-07-28,17.692562103271484,17.692562103271484,2017-07-28,15.471074104309082,2017-04-17,true,false,103
2017-07-31,17.763967514038086,17.763967514038086,2017-07-31,15.471074104309082,2017-04-17,true,false,104
2017-08-01,17.454545974731445,17.763967514038086,2017-07-31,15.471074104309082,2017-04-17,false,false,105
2017-08-02,17.454545974731445,17.763967514038086,2017-07-31,15.471074104309082,2017-04-17,false,false,106
2017-08-03,17.454545974731445,17.763967514038086,2017-07-31,15.471074104309082,2017-04-17,false,false,107
2017-08-04,17.454545974731445,17.763967514038086,2017-07-31,15.471074104309082,2017-04-17,false,false,108
2017-08-07,17.454545974731445,17.763967514038086,2017-07-31,15.471074104309082,2017-04-17,false,false,109
2017-08-08,17.771900177001953,17.771900177001953,2017-08-08,15.471074104309082,2017-04-17,true,false,110
2017-08-09,17.80363655090332,17.80363655090332,2017-08-09,15.471074104309082,2017-04-17,true,false,111
2017-08-10,17.771900177001953,17.80363655090332,2017-08-09,15.471074104309082,2017-04-17,false,false,112
2017-08-11,17.771108627319336,17.80363655090332,2017-08-09,15.471074104309082,2017-04-17,false,false,113
2017-08-14,17.811569213867188,17.811569213867188,2017-08-14,15.471074104309082,2017-04-17,true,false,114
2017-08-15,17.613222122192383,17.811569213867188,2017-08-14,15.471074104309082,2017-04-17,false,false,115
2017-08-16,17.613222122192383,17.811569213867188,2017-08-14,15.471074104309082,2017-04-17,false,false,116
2017-08-17,17.57355308532715,17.811569213867188,2017-08-14,15.471074104309082,2017-04-17,false,false,117
2017-08-18,17.57355308532715,17.811569213867188,2017-08-14,15.471074104309082,2017-04-17,false,false,118
2017-08-21,17.375205993652344,17.811569213867188,2017-08-14,15.471074104309082,2017-04-17,false,false,119
2017-08-22,17.454545974731445,17.811569213867188,2017-08-14,15.471074104309082,2017-04-17,false,false,120
2017-08-23,17.454545974731445,17.811569213867188,2017-08-14,15.471074104309082,2017-04-17,false,false,121
2017-08-24,17.137189865112305,17.811569213867188,2017-08-14,15.471074104309082,2017-04-17,false,false,122
2017-08-25,17.137189865112305,17.811569213867188,2017-08-14,15.471074104309082,2017-04-17,false,false,123
2017-08-28,17.295867919921875,17.811569213867188,2017-08-14,15.471074104309082,2017-04-17,false,false,124
2017-08-29,17.295867919921875,17.811569213867188,2017-08-14,15.471074104309082,2017-04-17,false,false,125
2017-08-30,17.295867919921875,17.811569213867188,2017-08-14,15.471074104309082,2017-04-17,false,false,126
2017-08-31,17.303800582885742,17.811569213867188,2017-08-14,15.471074104309082,2017-04-17,false,false,127
2017-09-01,17.303800582885742,17.811569213867188,2017-08-14,15.471074104309082,2017-04-17,false,false,128
2017-09-05,17.533884048461914,17.811569213867188,2017-08-14,15.471074104309082,2017-04-17,false,false,129
2017-09-06,21.917354583740234,21.917354583740234,2017-09-06,15.471074104309082,2017-04-17,true,false,130
2017-09-07,18.34710693359375,21.917354583740234,2017-09-06,15.471074104309082,2017-04-17,false,false,131
2017-09-08,18.34710693359375,21.917354583740234,2017-09-06,15.471074104309082,2017-04-17,false,false,132
2017-09-11,17.880992889404297,21.917354583740234,2017-09-06,15.471074104309082,2017-04-17,false,false,133
2017-09-12,18,21.917354583740234,2017-09-06,15.471074104309082,2017-04-17,false,false,134
2017-09-13,17.90082550048828,21.917354583740234,2017-09-06,15.471074104309082,2017-04-17,false,false,135
2017-09-14,17.90082550048828,21.917354583740234,2017-09-06,15.471074104309082,2017-04-17,false,false,136
2017-09-15,17.90082550048828,21.917354583740234,2017-09-06,15.471074104309082,2017-04-17,false,false,137
2017-09-18,17.851240158081055,21.917354583740234,2017-09-06,15.471074104309082,2017-04-17,false,false,138
2017-09-19,18.04958724975586,21.917354583740234,2017-09-06,15.471074104309082,2017-04-17,false,false,139
2017-09-20,17.90082550048828,21.917354583740234,2017-09-06,15.471074104309082,2017-04-17,false,false,140
2017-09-21,18.34710693359375,21.917354583740234,2017-09-06,15.471074104309082,2017-04-17,false,false,141
2017-09-22,18.34710693359375,21.917354583740234,2017-09-06,15.471074104309082,2017-04-17,false,false,142
2017-09-25,18.34710693359375,21.917354583740234,2017-09-06,15.471074104309082,2017-04-17,false,false,143
2017-09-26,18.34710693359375,21.917354583740234,2017-09-06,15.471074104309082,2017-04-17,false,false,144
2017-09-27,18.34710693359375,21.917354583740234,2017-09-06,15.471074104309082,2017-04-17,false,false,145
2017-09-28,18.24793243408203,21.917354583740234,2017-09-06,15.471074104309082,2017-04-17,false,false,146
2017-09-29,18.24793243408203,21.917354583740234,2017-09-06,15.471074104309082,2017-04-17,false,false,147
2017-10-02,18.198347091674805,21.917354583740234,2017-09-06,15.471074104309082,2017-04-17,false,false,148
2017-10-03,18.297521591186523,21.917354583740234,2017-09-06,15.471074104309082,2017-04-17,false,false,149
2017-10-04,18.297521591186523,21.917354583740234,2017-09-06,15.471074104309082,2017-04-17,false,false,150
2017-10-05,18.297521591186523,21.917354583740234,2017-09-06,15.471074104309082,2017-04-17,false,false,151
2017-10-06,18.099172592163086,21.917354583740234,2017-09-06,15.471074104309082,2017-04-17,false,false,152
2017-10-09,18.099172592163086,21.917354583740234,2017-09-06,15.471074104309082,2017-04-17,false,false,153
2017-10-10,18.099172592163086,21.917354583740234,2017-09-06,15.471074104309082,2017-04-17,false,false,154
2017-10-11,18.099172592163086,21.917354583740234,2017-09-06,15.471074104309082,2017-04-17,false,false,155
2017-10-12,18.198347091674805,21.917354583740234,2017-09-06,15.471074104309082,2017-04-17,false,false,156
2017-10-13,18.198347091674805,21.917354583740234,2017-09-06,15.471074104309082,2017-04-17,false,false,157
2017-10-16,18.198347091674805,21.917354583740234,2017-09-06,15.471074104309082,2017-04-17,false,false,158
2017-10-17,18.099172592163086,21.917354583740234,2017-09-06,15.471074104309082,2017-04-17,false,false,159
2017-10-18,18.148759841918945,21.917354583740234,2017-09-06,15.471074104309082,2017-04-17,false,false,160
2017-10-19,18.148759841918945,21.917354583740234,2017-09-06,15.471074104309082,2017-04-17,false,false,161
2017-10-20,18.099172592163086,21.917354583740234,2017-09-06,15.471074104309082,2017-04-17,false,false,162
2017-10-23,18.148759841918945,21.917354583740234,2017-09-06,15.471074104309082,2017-04-17,false,false,163
2017-10-24,18.24793243408203,21.917354583740234,2017-09-06,15.471074104309082,2017-04-17,false,false,164
2017-10-25,18.24793243408203,21.917354583740234,2017-09-06,15.471074104309082,2017-04-17,false,false,165
2017-10-26,18.297521591186523,21.917354583740234,2017-09-06,15.471074104309082,2017-04-17,false,false,166
2017-10-27,18.297521591186523,21.917354583740234,2017-09-06,15.471074104309082,2017-04-17,false,false,167
2017-10-30,18.297521591186523,21.917354583740234,2017-09-06,15.471074104309082,2017-04-17,false,false,168
2017-10-31,18.2469425201416,21.917354583740234,2017-09-06,15.471074104309082,2017-04-17,false,false,169
2017-11-01,18.24793243408203,21.917354583740234,2017-09-06,15.471074104309082,2017-04-17,false,false,170
2017-11-02,18.24793243408203,21.917354583740234,2017-09-06,15.471074104309082,2017-04-17,false,false,171
2017-11-03,17.95041275024414,21.917354583740234,2017-09-06,15.471074104309082,2017-04-17,false,false,172
2017-11-06,17.95041275024414,21.917354583740234,2017-09-06,15.471074104309082,2017-04-17,false,false,173
2017-11-07,17.95041275024414,21.917354583740234,2017-09-06,15.471074104309082,2017-04-17,false,false,174
2017-11-08,18,21.917354583740234,2017-09-06,15.471074104309082,2017-04-17,false,false,175
2017-11-09,18.099172592163086,21.917354583740234,2017-09-06,15.471074104309082,2017-04-17,false,false,176
2017-11-10,18.297521591186523,21.917354583740234,2017-09-06,15.471074104309082,2017-04-17,false,false,177
2017-11-13,18,21.917354583740234,2017-09-06,15.471074104309082,2017-04-17,false,false,178
2017-11-14,18,21.917354583740234,2017-09-06,15.471074104309082,2017-04-17,false,false,179
2017-11-15,17.95041275024414,21.917354583740234,2017-09-06,15.471074104309082,2017-04-17,false,false,180
2017-11-16,17.90082550048828,21.917354583740234,2017-09-06,15.471074104309082,2017-04-17,false,false,181
2017-11-17,17.90082550048828,21.917354583740234,2017-09-06,15.471074104309082,2017-04-17,false,false,182
2017-11-20,17.871074676513672,21.917354583740234,2017-09-06,15.471074104309082,2017-04-17,false,false,183
2017-11-21,17.851240158081055,21.917354583740234,2017-09-06,15.471074104309082,2017-04-17,false,false,184
2017-11-22,17.90082550048828,21.917354583740234,2017-09-06,15.471074104309082,2017-04-17,false,false,185
2017-11-24,17.90082550048828,21.917354583740234,2017-09-06,15.471074104309082,2017-04-17,false,false,186
2017-11-27,17.90082550048828,21.917354583740234,2017-09-06,15.471074104309082,2017-04-17,false,false,187
2017-11-28,17.801652908325195,21.917354583740234,2017-09-06,15.471074104309082,2017-04-17,false,false,188
2017-11-29,17.801652908325195,21.917354583740234,2017-09-06,15.471074104309082,2017-04-17,false,false,189
2017-11-30,17.801652908325195,21.917354583740234,2017-09-06,15.471074104309082,2017-04-17,false,false,190
2017-12-01,17.801652908325195,21.917354583740234,2017-09-06,15.471074104309082,2017-04-17,false,false,191
2017-12-04,17.851240158081055,21.917354583740234,2017-09-06,15.471074104309082,2017-04-17,false,false,192
2017-12-05,17.851240158081055,21.917354583740234,2017-09-06,15.471074104309082,2017-04-17,false,false,193
2017-12-06,17.851240158081055,21.917354583740234,2017-09-06,15.471074104309082,2017-04-17,false,false,194
2017-12-07,17.89090919494629,21.917354583740234,2017-09-06,15.471074104309082,2017-04-17,false,false,195
2017-12-08,17.851240158081055,21.917354583740234,2017-09-06,15.471074104309082,2017-04-17,false,false,196
2017-12-11,17.95041275024414,21.917354583740234,2017-09-06,15.471074104309082,2017-04-17,false,false,197
2017-12-12,17.861156463623047,21.917354583740234,2017-09-06,15.471074104309082,2017-04-17,false,false,198
2017-12-13,17.90082550048828,21.917354583740234,2017-09-06,15.471074104309082,2017-04-17,false,false,199
2017-12-14,17.90082550048828,21.917354583740234,2017-09-06,15.471074104309082,2017-04-17,false,false,200
2017-12-15,17.851240158081055,21.917354583740234,2017-09-06,15.471074104309082,2017-04-17,false,false,201
2017-12-18,17.861156463623047,21.917354583740234,2017-09-06,15.471074104309082,2017-04-17,false,false,202
2017-12-19,17.84132194519043,21.917354583740234,2017-09-06,15.471074104309082,2017-04-17,false,false,203
2017-12-20,17.851240158081055,21.917354583740234,2017-09-06,15.471074104309082,2017-04-17,false,false,204
2017-12-21,17.801652908325195,21.917354583740234,2017-09-06,15.471074104309082,2017-04-17,false,false,205
2017-12-22,17.70248031616211,21.917354583740234,2017-09-06,15.471074104309082,2017-04-17,false,false,206
2017-12-26,17.70248031616211,21.917354583740234,2017-09-06,15.471074104309082,2017-04-17,false,false,207
2017-12-27,17.70248031616211,21.917354583740234,2017-09-06,15.471074104309082,2017-04-17,false,false,208
2017-12-28,17.70248031616211,21.917354583740234,2017-09-06,15.471074104309082,2017-04-17,false,false,209
2017-12-29,17.652891159057617,21.917354583740234,2017-09-06,15.471074104309082,2017-04-17,false,false,210
2018-01-02,17.652891159057617,21.917354583740234,2017-09-06,15.471074104309082,2017-04-17,false,false,211
2018-01-03,17.652891159057617,21.917354583740234,2017-09-06,15.471074104309082,2017-04-17,false,false,212
2018-01-04,17.652891159057617,21.917354583740234,2017-09-06,15.471074104309082,2017-04-17,false,false,213
2018-01-05,17.74214744567871,21.917354583740234,2017-09-06,15.471074104309082,2017-04-17,false,false,214
2018-01-08,17.752065658569336,21.917354583740234,2017-09-06,15.471074104309082,2017-04-17,false,false,215
2018-01-09,17.60429573059082,21.917354583740234,2017-09-06,15.471074104309082,2017-04-17,false,false,216
2018-01-10,17.752065658569336,21.917354583740234,2017-09-06,15.471074104309082,2017-04-17,false,false,217
2018-01-11,17.60330581665039,21.917354583740234,2017-09-06,15.471074104309082,2017-04-17,false,false,218
2018-01-12,17.752065658569336,21.917354583740234,2017-09-06,15.471074104309082,2017-04-17,false,false,219
2018-01-16,17.752065658569336,21.917354583740234,2017-09-06,15.471074104309082,2017-04-17,false,false,220
2018-01-17,17.752065658569336,21.917354583740234,2017-09-06,15.471074104309082,2017-04-17,false,false,221
2018-01-18,17.752065658569336,21.917354583740234,2017-09-06,15.471074104309082,2017-04-17,false,false,222
2018-01-19,17.652891159057617,21.917354583740234,2017-09-06,15.471074104309082,2017-04-17,false,false,223
2018-01-22,17.60330581665039,21.917354583740234,2017-09-06,15.471074104309082,2017-04-17,false,false,224
2018-01-23,17.623140335083008,21.917354583740234,2017-09-06,15.471074104309082,2017-04-17,false,false,225
2018-01-24,17.623140335083008,21.917354583740234,2017-09-06,15.471074104309082,2017-04-17,false,false,226
2018-01-25,17.55371856689453,21.917354583740234,2017-09-06,15.471074104309082,2017-04-17,false,false,227
2018-01-26,17.55371856689453,21.917354583740234,2017-09-06,15.471074104309082,2017-04-17,false,false,228
2018-01-29,17.55371856689453,21.917354583740234,2017-09-06,15.471074104309082,2017-04-17,false,false,229
2018-01-30,17.70248031616211,21.917354583740234,2017-09-06,15.471074104309082,2017-04-17,false,false,230
2018-01-31,17.801652908325195,21.917354583740234,2017-09-06,15.471074104309082,2017-04-17,false,false,231
2018-02-01,17.57355308532715,21.917354583740234,2017-09-06,15.471074104309082,2017-04-17,false,false,232
2018-02-02,17.652891159057617,21.917354583740234,2017-09-06,15.471074104309082,2017-04-17,false,false,233
2018-02-05,17.652891159057617,21.917354583740234,2017-09-06,15.471074104309082,2017-04-17,false,false,234
2018-02-06,17.70248031616211,21.917354583740234,2017-09-06,15.471074104309082,2017-04-17,false,false,235
2018-02-07,17.623140335083008,21.917354583740234,2017-09-06,15.471074104309082,2017-04-17,false,false,236
2018-02-08,17.60330581665039,21.917354583740234,2017-09-06,15.471074104309082,2017-04-17,false,false,237
2018-02-09,17.60330581665039,21.917354583740234,2017-09-06,15.471074104309082,2017-04-17,false,false,238
2018-02-12,17.623140335083008,21.917354583740234,2017-09-06,15.471074104309082,2017-04-17,false,false,239
2018-02-13,17.60330581665039,21.917354583740234,2017-09-06,15.471074104309082,2017-04-17,false,false,240
2018-02-14,17.60330581665039,21.917354583740234,2017-09-06,15.471074104309082,2017-04-17,false,false,241
2018-02-15,17.60330581665039,21.917354583740234,2017-09-06,15.471074104309082,2017-04-17,false,false,242
2018-02-16,17.672725677490234,21.917354583740234,2017-09-06,15.471074104309082,2017-04-17,false,false,243
2018-02-20,17.623140335083008,21.917354583740234,2017-09-06,15.471074104309082,2017-04-17,false,false,244
2018-02-21,17.60330581665039,21.917354583740234,2017-09-06,15.471074104309082,2017-04-17,false,false,245
2018-02-22,17.60330581665039,21.917354583740234,2017-09-06,15.471074104309082,2017-04-17,false,false,246
2018-02-23,17.74214744567871,21.917354583740234,2017-09-06,15.471074104309082,2017-04-17,false,false,247
2018-02-26,17.60330581665039,21.917354583740234,2017-09-06,15.471074104309082,2017-04-17,false,false,248
2018-02-27,17.55371856689453,21.917354583740234,2017-09-06,15.471074104309082,2017-04-17,false,false,249
2018-02-28,17.60330581665039,21.917354583740234,2017-09-06,15.471074104309082,2017-04-17,false,false,250
2018-03-01,17.563634872436523,21.917354583740234,2017-09-06,15.471074104309082,2017-04-17,false,false,251
2018-03-02,17.55371856689453,21.917354583740234,2017-09-06,15.471074104309082,2017-04-17,false,false,251
2018-03-05,17.563634872436523,21.917354583740234,2017-09-06,15.471074104309082,2017-04-17,false,false,251
2018-03-06,17.57355308532715,21.917354583740234,2017-09-06,15.471074104309082,2017-04-17,false,false,251
2018-03-07,17.504131317138672,21.917354583740234,2017-09-06,15.471074104309082,2017-04-17,false,false,251
2018-03-08,17.533884048461914,21.917354583740234,2017-09-06,15.471074104309082,2017-04-17,false,false,251
2018-03-09,17.514049530029297,21.917354583740234,2017-09-06,15.471074104309082,2017-04-17,false,false,251
2018-03-12,17.504131317138672,21.917354583740234,2017-09-06,15.471074104309082,2017-04-17,false,false,251
2018-03-13,17.55371856689453,21.917354583740234,2017-09-06,15.471074104309082,2017-04-17,false,false,251
2018-03-14,17.504131317138672,21.917354583740234,2017-09-06,15.471074104309082,2017-04-17,false,false,251
2018-03-15,17.504131317138672,21.917354583740234,2017-09-06,15.471074104309082,2017-04-17,false,false,251
2018-03-16,17.504131317138672,21.917354583740234,2017-09-06,15.471074104309082,2017-04-17,false,false,251
2018-03-19,17.404956817626953,21.917354583740234,2017-09-06,15.471074104309082,2017-04-17,false,false,251
2018-03-20,17.404956817626953,21.917354583740234,2017-09-06,15.471074104309082,2017-04-17,false,false,251
2018-03-21,17.55371856689453,21.917354583740234,2017-09-06,15.471074104309082,2017-04-17,false,false,251
2018-03-22,17.44462776184082,21.917354583740234,2017-09-06,15.471074104309082,2017-04-17,false,false,251
2018-03-23,17.454545974731445,21.917354583740234,2017-09-06,15.471074104309082,2017-04-17,false,false,251
2018-03-26,17.455535888671875,21.917354583740234,2017-09-06,15.471074104309082,2017-04-17,false,false,251
2018-03-27,17.36528968811035,21.917354583740234,2017-09-06,15.471074104309082,2017-04-17,false,false,251
2018-03-28,17.404956817626953,21.917354583740234,2017-09-06,15.471074104309082,2017-04-17,false,false,251
2018-03-29,17.404956817626953,21.917354583740234,2017-09-06,15.471074104309082,2017-04-17,false,false,251
2018-04-02,17.36528968811035,21.917354583740234,2017-09-06,15.471074104309082,2017-04-17,false,false,250
2018-04-03,17.454545974731445,21.917354583740234,2017-09-06,15.471074104309082,2017-04-17,false,false,250
2018-04-04,17.355371475219727,21.917354583740234,2017-09-06,15.471074104309082,2017-04-17,false,false,250
2018-04-05,17.355371475219727,21.917354583740234,2017-09-06,15.471074104309082,2017-04-17,false,false,250
2018-04-06,17.3057861328125,21.917354583740234,2017-09-06,15.471074104309082,2017-04-17,false,false,250
2018-04-09,17.31570053100586,21.917354583740234,2017-09-06,15.471074104309082,2017-04-17,false,false,250
2018-04-10,17.355371475219727,21.917354583740234,2017-09-06,15.471074104309082,2017-04-17,false,false,250
2018-04-11,17.355371475219727,21.917354583740234,2017-09-06,15.471074104309082,2017-04-17,false,false,250
2018-04-12,17.404956817626953,21.917354583740234,2017-09-06,15.471074104309082,2017-04-17,false,false,250
2018-04-13,17.404956817626953,21.917354583740234,2017-09-06,15.471074104309082,2017-04-17,false,false,250
2018-04-16,17.355371475219727,21.917354583740234,2017-09-06,15.471074104309082,2017-04-17,false,false,251
2018-04-17,17.31570053100586,21.917354583740234,2017-09-06,15.471074104309082,2017-04-17,false,false,251
2018-04-18,17.355371475219727,21.917354583740234,2017-09-06,15.629752159118652,2017-04-24,false,false,251
2018-04-19,17.20661163330078,21.917354583740234,2017-09-06,15.629752159118652,2017-04-24,false,false,251
2018-04-20,17.20661163330078,21.917354583740234,2017-09-06,15.629752159118652,2017-04-24,false,false,251
2018-04-23,17.20661163330078,21.917354583740234,2017-09-06,15.629752159118652,2017-04-24,false,false,251
2018-04-24,17.20661163330078,21.917354583740234,2017-09-06,15.629752159118652,2017-04-24,false,false,251
2018-04-25,17.157024383544922,21.917354583740234,2017-09-06,15.987569808959961,2017-05-11,false,false,251
2018-04-26,17.256196975708008,21.917354583740234,2017-09-06,15.987569808959961,2017-05-11,false,false,251
2018-04-27,17.20661163330078,21.917354583740234,2017-09-06,15.987569808959961,2017-05-11,false,false,251
2018-04-30,17.216529846191406,21.917354583740234,2017-09-06,15.987569808959961,2017-05-11,false,false,251
2018-05-01,17.3057861328125,21.917354583740234,2017-09-06,15.987569808959961,2017-05-11,false,false,251
2018-05-02,17.325618743896484,21.917354583740234,2017-09-06,15.987569808959961,2017-05-11,false,false,251
2018-05-03,17.55371856689453,21.917354583740234,2017-09-06,15.987569808959961,2017-05-11,false,false,251
2018-05-04,17.70248031616211,21.917354583740234,2017-09-06,15.987569808959961,2017-05-11,false,false,251
2018-05-07,17.614213943481445,21.917354583740234,2017-09-06,15.987569808959961,2017-05-11,false,false,251
2018-05-08,17.73223114013672,21.917354583740234,2017-09-06,15.987569808959961,2017-05-11,false,false,251
2018-05-09,18.64462661743164,21.917354583740234,2017-09-06,15.987569808959961,2017-05-11,false,false,251
2018-05-10,18.545454025268555,21.917354583740234,2017-09-06,15.987569808959961,2017-05-11,false,false,251
2018-05-11,18.545454025268555,21.917354583740234,2017-09-06,15.987569808959961,2017-05-11,false,false,251
2018-05-14,18.44628143310547,21.917354583740234,2017-09-06,16.026445388793945,2017-05-15,false,false,251
2018-05-15,18.099172592163086,21.917354583740234,2017-09-06,16.026445388793945,2017-05-15,false,false,251
2018-05-16,17.95041275024414,21.917354583740234,2017-09-06,16.343801498413086,2017-06-28,false,false,251
2018-05-17,17.95041275024414,21.917354583740234,2017-09-06,16.343801498413086,2017-06-28,false,false,251
2018-05-18,18.04958724975586,21.917354583740234,2017-09-06,16.343801498413086,2017-06-28,false,false,251
2018-05-21,18,21.917354583740234,2017-09-06,16.343801498413086,2017-06-28,false,false,251
2018-05-22,18,21.917354583740234,2017-09-06,16.343801498413086,2017-06-28,false,false,251
2018-05-23,18.029752731323242,21.917354583740234,2017-09-06,16.343801498413086,2017-06-28,false,false,251
2018-05-24,18,21.917354583740234,2017-09-06,16.343801498413086,2017-06-28,false,false,251
2018-05-25,18.07933807373047,21.917354583740234,2017-09-06,16.343801498413086,2017-06-28,false,false,251
2018-05-29,18.07933807373047,21.917354583740234,2017-09-06,16.343801498413086,2017-06-28,false,false,251
2018-05-30,18.178512573242188,21.917354583740234,2017-09-06,16.343801498413086,2017-06-28,false,false,251
2018-05-31,18.48594856262207,21.917354583740234,2017-09-06,16.343801498413086,2017-06-28,false,false,251
2018-06-01,18.495866775512695,21.917354583740234,2017-09-06,16.343801498413086,2017-06-28,false,false,251
2018-06-04,18.545454025268555,21.917354583740234,2017-09-06,16.343801498413086,2017-06-28,false,false,251
2018-06-05,18.545454025268555,21.917354583740234,2017-09-06,16.343801498413086,2017-06-28,false,false,251
2018-06-06,18.45619773864746,21.917354583740234,2017-09-06,16.343801498413086,2017-06-28,false,false,251
2018-06-07,18.545454025268555,21.917354583740234,2017-09-06,16.343801498413086,2017-06-28,false,false,251
2018-06-08,18.595041275024414,21.917354583740234,2017-09-06,16.343801498413086,2017-06-28,false,false,251
2018-06-11,18.595041275024414,21.917354583740234,2017-09-06,16.343801498413086,2017-06-28,false,false,251
2018-06-12,18.595041275024414,21.917354583740234,2017-09-06,16.343801498413086,2017-06-28,false,false,251
2018-06-13,18.545454025268555,21.917354583740234,2017-09-06,16.343801498413086,2017-06-28,false,false,251
2018-06-14,18.545454025268555,21.917354583740234,2017-09-06,16.343801498413086,2017-06-28,false,false,251
2018-06-15,18.545454025268555,21.917354583740234,2017-09-06,16.343801498413086,2017-06-28,false,false,251
2018-06-18,18.495866775512695,21.917354583740234,2017-09-06,16.343801498413086,2017-06-28,false,false,251
2018-06-19,18.545454025268555,21.917354583740234,2017-09-06,16.343801498413086,2017-06-28,false,false,251
2018-06-20,18.257850646972656,21.917354583740234,2017-09-06,16.343801498413086,2017-06-28,false,false,251
2018-06-21,18.24793243408203,21.917354583740234,2017-09-06,16.343801498413086,2017-06-28,false,false,251
2018-06-22,18.545454025268555,21.917354583740234,2017-09-06,16.343801498413086,2017-06-28,false,false,251
2018-06-25,18.34710693359375,21.917354583740234,2017-09-06,16.343801498413086,2017-06-28,false,false,251
2018-06-26,18.34710693359375,21.917354583740234,2017-09-06,16.343801498413086,2017-06-28,false,false,251
2018-06-27,18.545454025268555,21.917354583740234,2017-09-06,16.343801498413086,2017-06-28,false,false,251
2018-06-28,18.44628143310547,21.917354583740234,2017-09-06,16.343801498413086,2017-06-28,false,false,251
2018-06-29,18.495866775512695,21.917354583740234,2017-09-06,16.462810516357422,2017-07-07,false,false,251
2018-07-02,18.44628143310547,21.917354583740234,2017-09-06,16.462810516357422,2017-07-07,false,false,251
2018-07-03,18.44628143310547,21.917354583740234,2017-09-06,16.462810516357422,2017-07-07,false,false,251
2018-07-05,18.44628143310547,21.917354583740234,2017-09-06,16.462810516357422,2017-07-07,false,false,251
2018-07-06,18.595041275024414,21.917354583740234,2017-09-06,16.462810516357422,2017-07-07,false,false,251
2018-07-09,18.595041275024414,21.917354583740234,2017-09-06,16.462810516357422,2017-07-07,false,false,251
2018-07-10,18.595041275024414,21.917354583740234,2017-09-06,16.613554000854492,2017-07-24,false,false,251
2018-07-11,18.545454025268555,21.917354583740234,2017-09-06,16.613554000854492,2017-07-24,false,false,251
2018-07-12,18.545454025268555,21.917354583740234,2017-09-06,16.613554000854492,2017-07-24,false,false,251
2018-07-13,18.42644500732422,21.917354583740234,2017-09-06,16.613554000854492,2017-07-24,false,false,251
2018-07-16,18.24793243408203,21.917354583740234,2017-09-06,16.613554000854492,2017-07-24,false,false,251
2018-07-17,18,21.917354583740234,2017-09-06,16.613554000854492,2017-07-24,false,false,251
2018-07-18,17.90082550048828,21.917354583740234,2017-09-06,16.613554000854492,2017-07-24,false,false,251
2018-07-19,17.90082550048828,21.917354583740234,2017-09-06,16.613554000854492,2017-07-24,false,false,251
2018-07-20,17.90082550048828,21.917354583740234,2017-09-06,16.613554000854492,2017-07-24,false,false,251
2018-07-23,17.910743713378906,21.917354583740234,2017-09-06,16.613554000854492,2017-07-24,false,false,251
2018-07-24,18.099172592163086,21.917354583740234,2017-09-06,16.613554000854492,2017-07-24,false,false,251
2018-07-25,17.90082550048828,21.917354583740234,2017-09-06,16.85950469970703,2017-07-26,false,false,251
2018-07-26,17.95041275024414,21.917354583740234,2017-09-06,16.85950469970703,2017-07-26,false,false,251
2018-07-27,18,21.917354583740234,2017-09-06,17.137189865112305,2017-08-25,false,false,251
2018-07-30,18,21.917354583740234,2017-09-06,17.137189865112305,2017-08-25,false,false,251
2018-07-31,18.05950355529785,21.917354583740234,2017-09-06,17.137189865112305,2017-08-25,false,false,251
2018-08-01,18.04958724975586,21.917354583740234,2017-09-06,17.137189865112305,2017-08-25,false,false,251
2018-08-02,17.95041275024414,21.917354583740234,2017-09-06,17.137189865112305,2017-08-25,false,false,251
2018-08-03,17.90082550048828,21.917354583740234,2017-09-06,17.137189865112305,2017-08-25,false,false,251
2018-08-06,17.95041275024414,21.917354583740234,2017-09-06,17.137189865112305,2017-08-25,false,false,251
2018-08-07,17.90082550048828,21.917354583740234,2017-09-06,17.137189865112305,2017-08-25,false,false,251
2018-08-08,17.851240158081055,21.917354583740234,2017-09-06,17.137189865112305,2017-08-25,false,false,251
2018-08-09,17.90082550048828,21.917354583740234,2017-09-06,17.137189865112305,2017-08-25,false,false,251
2018-08-10,17.90082550048828,21.917354583740234,2017-09-06,17.137189865112305,2017-08-25,false,false,251
2018-08-13,17.851240158081055,21.917354583740234,2017-09-06,17.137189865112305,2017-08-25,false,false,251
2018-08-14,18.04958724975586,21.917354583740234,2017-09-06,17.137189865112305,2017-08-25,false,false,251
2018-08-15,17.851240158081055,21.917354583740234,2017-09-06,17.137189865112305,2017-08-25,false,false,251
2018-08-16,17.851240158081055,21.917354583740234,2017-09-06,17.137189865112305,2017-08-25,false,false,251
2018-08-17,17.851240158081055,21.917354583740234,2017-09-06,17.137189865112305,2017-08-25,false,false,251
2018-08-20,17.851240158081055,21.917354583740234,2017-09-06,17.137189865112305,2017-08-25,false,false,251
2018-08-21,17.801652908325195,21.917354583740234,2017-09-06,17.137189865112305,2017-08-25,false,false,251
2018-08-22,17.801652908325195,21.917354583740234,2017-09-06,17.137189865112305,2017-08-25,false,false,251
2018-08-23,17.752065658569336,21.917354583740234,2017-09-06,17.137189865112305,2017-08-25,false,false,251
2018-08-24,17.801652908325195,21.917354583740234,2017-09-06,17.137189865112305,2017-08-25,false,false,251
2018-08-27,17.752065658569336,21.917354583740234,2017-09-06,17.137189865112305,2017-08-25,false,false,251
2018-08-28,17.70248031616211,21.917354583740234,2017-09-06,17.157024383544922,2018-04-25,false,false,251
2018-08-29,17.95041275024414,21.917354583740234,2017-09-06,17.157024383544922,2018-04-25,false,false,251
2018-08-30,17.851240158081055,21.917354583740234,2017-09-06,17.157024383544922,2018-04-25,false,false,251
2018-08-31,17.851240158081055,21.917354583740234,2017-09-06,17.157024383544922,2018-04-25,false,false,251
2018-09-04,17.851240158081055,21.917354583740234,2017-09-06,17.157024383544922,2018-04-25,false,false,251
2018-09-05,17.801652908325195,21.917354583740234,2017-09-06,17.157024383544922,2018-04-25,false,false,251
2018-09-06,17.851240158081055,21.917354583740234,2017-09-06,17.157024383544922,2018-04-25,false,false,251
2018-09-07,17.90082550048828,18.64462661743164,2018-05-09,17.157024383544922,2018-04-25,false,false,251
2018-09-10,17.95041275024414,18.64462661743164,2018-05-09,17.157024383544922,2018-04-25,false,false,251
2018-09-11,17.95041275024414,18.64462661743164,2018-05-09,17.157024383544922,2018-04-25,false,false,251
2018-09-12,17.95041275024414,18.64462661743164,2018-05-09,17.157024383544922,2018-04-25,false,false,251
2018-09-13,17.95041275024414,18.64462661743164,2018-05-09,17.157024383544922,2018-04-25,false,false,251
2018-09-14,17.95041275024414,18.64462661743164,2018-05-09,17.157024383544922,2018-04-25,false,false,251
2018-09-17,17.95041275024414,18.64462661743164,2018-05-09,17.157024383544922,2018-04-25,false,false,251
2018-09-18,18.089256286621094,18.64462661743164,2018-05-09,17.157024383544922,2018-04-25,false,false,251
2018-09-19,18.089256286621094,18.64462661743164,2018-05-09,17.157024383544922,2018-04-25,false,false,251
2018-09-20,18.089256286621094,18.64462661743164,2018-05-09,17.157024383544922,2018-04-25,false,false,251
2018-09-21,18.099172592163086,18.64462661743164,2018-05-09,17.157024383544922,2018-04-25,false,false,251
2018-09-24,18.04958724975586,18.64462661743164,2018-05-09,17.157024383544922,2018-04-25,false,false,251
2018-09-25,18.099172592163086,18.64462661743164,2018-05-09,17.157024383544922,2018-04-25,false,false,251
2018-09-26,18.44628143310547,18.64462661743164,2018-05-09,17.157024383544922,2018-04-25,false,false,251
2018-09-27,18.099172592163086,18.64462661743164,2018-05-09,17.157024383544922,2018-04-25,false,false,251
2018-09-28,18.297521591186523,18.64462661743164,2018-05-09,17.157024383544922,2018-04-25,false,false,251
2018-10-01,18.297521591186523,18.64462661743164,2018-05-09,17.157024383544922,2018-04-25,false,false,251
2018-10-02,18.198347091674805,18.64462661743164,2018-05-09,17.157024383544922,2018-04-25,false,false,251
2018-10-03,18.24793243408203,18.64462661743164,2018-05-09,17.157024383544922,2018-04-25,false,false,251
2018-10-04,18.099172592163086,18.64462661743164,2018-05-09,17.157024383544922,2018-04-25,false,false,251
2018-10-05,18.04958724975586,18.64462661743164,2018-05-09,17.157024383544922,2018-04-25,false,false,251
2018-10-08,18.04958724975586,18.64462661743164,2018-05-09,17.157024383544922,2018-04-25,false,false,251
2018-10-09,18,18.64462661743164,2018-05-09,17.157024383544922,2018-04-25,false,false,251
2018-10-10,17.98016357421875,18.64462661743164,2018-05-09,17.157024383544922,2018-04-25,false,false,251
2018-10-11,18.198347091674805,18.64462661743164,2018-05-09,17.157024383544922,2018-04-25,false,false,251
2018-10-12,18.099172592163086,18.64462661743164,2018-05-09,17.157024383544922,2018-04-25,false,false,251
2018-10-15,18.029752731323242,18.64462661743164,2018-05-09,17.157024383544922,2018-04-25,false,false,251
2018-10-16,17.95041275024414,18.64462661743164,2018-05-09,17.157024383544922,2018-04-25,false,false,251
2018-10-17,18.04958724975586,18.64462661743164,2018-05-09,17.157024383544922,2018-04-25,false,false,251
2018-10-18,18.04958724975586,18.64462661743164,2018-05-09,17.157024383544922,2018-04-25,false,false,251
2018-10-19,18.297521591186523,18.64462661743164,2018-05-09,17.157024383544922,2018-04-25,false,false,251
2018-10-22,18.34710693359375,18.64462661743164,2018-05-09,17.157024383544922,2018-04-25,false,false,251
2018-10-23,17.95041275024414,18.64462661743164,2018-05-09,17.157024383544922,2018-04-25,false,false,251
2018-10-24,18.297521591186523,18.64462661743164,2018-05-09,17.157024383544922,2018-04-25,false,false,251
2018-10-25,18.297521591186523,18.64462661743164,2018-05-09,17.157024383544922,2018-04-25,false,false,251
2018-10-26,17.95041275024414,18.64462661743164,2018-05-09,17.157024383544922,2018-04-25,false,false,251
2018-10-29,18.24793243408203,18.64462661743164,2018-05-09,17.157024383544922,2018-04-25,false,false,251
2018-10-30,18,18.64462661743164,2018-05-09,17.157024383544922,2018-04-25,false,false,251
2018-10-31,17.851240158081055,18.64462661743164,2018-05-09,17.157024383544922,2018-04-25,false,false,251
2018-11-01,17.70248031616211,18.64462661743164,2018-05-09,17.157024383544922,2018-04-25,false,false,251
2018-11-02,17.454545974731445,18.64462661743164,2018-05-09,17.157024383544922,2018-04-25,false,false,251
2018-11-05,17.355371475219727,18.64462661743164,2018-05-09,17.157024383544922,2018-04-25,false,false,251
2018-11-06,17.057851791381836,18.64462661743164,2018-05-09,17.057851791381836,2018-11-06,false,true,251
2018-11-07,17.107437133789062,18.64462661743164,2018-05-09,17.057851791381836,2018-11-06,false,false,251
2018-11-08,17.60330581665039,18.64462661743164,2018-05-09,17.057851791381836,2018-11-06,false,false,251
2018-11-09,17.60330581665039,18.64462661743164,2018-05-09,17.057851791381836,2018-11-06,false,false,251
2018-11-12,17.325618743896484,18.64462661743164,2018-05-09,17.057851791381836,2018-11-06,false,false,251
2018-11-13,17.057851791381836,18.64462661743164,2018-05-09,17.057851791381836,2018-11-13,false,true,251
2018-11-14,17.246280670166016,18.64462661743164,2018-05-09,17.057851791381836,2018-11-13,false,false,251
2018-11-15,17.157024383544922,18.64462661743164,2018-05-09,17.057851791381836,2018-11-13,false,false,251
2018-11-16,17.07768440246582,18.64462661743164,2018-05-09,17.057851791381836,2018-11-13,false,false,251
2018-11-19,17.256196975708008,18.64462661743164,2018-05-09,17.057851791381836,2018-11-13,false,false,251
2018-11-20,17.256196975708008,18.64462661743164,2018-05-09,17.057851791381836,2018-11-13,false,false,251
2018-11-21,16.323965072631836,18.64462661743164,2018-05-09,16.323965072631836,2018-11-21,false,true,251
2018-11-23,16.423139572143555,18.64462661743164,2018-05-09,16.323965072631836,2018-11-21,false,false,251
2018-11-26,16.611570358276367,18.64462661743164,2018-05-09,16.323965072631836,2018-11-21,false,false,251
2018-11-27,16.611570358276367,18.64462661743164,2018-05-09,16.323965072631836,2018-11-21,false,false,251
2018-11-28,16.17520523071289,18.64462661743164,2018-05-09,16.17520523071289,2018-11-28,false,true,251
2018-11-29,16.27437973022461,18.64462661743164,2018-05-09,16.17520523071289,2018-11-28,false,false,251
2018-11-30,16.066116333007812,18.64462661743164,2018-05-09,16.066116333007812,2018-11-30,false,true,251
2018-12-03,16.363636016845703,18.64462661743164,2018-05-09,16.066116333007812,2018-11-30,false,false,251
2018-12-04,16.760330200195312,18.64462661743164,2018-05-09,16.066116333007812,2018-11-30,false,false,251
2018-12-06,16.760330200195312,18.64462661743164,2018-05-09,16.066116333007812,2018-11-30,false,false,250
2018-12-07,16.264461517333984,18.64462661743164,2018-05-09,16.066116333007812,2018-11-30,false,false,250
2018-12-10,16.264461517333984,18.64462661743164,2018-05-09,16.066116333007812,2018-11-30,false,false,250
2018-12-11,15.867768287658691,18.64462661743164,2018-05-09,15.867768287658691,2018-12-11,false,true,250
2018-12-12,16.30413246154785,18.64462661743164,2018-05-09,15.867768287658691,2018-12-11,false,false,250
2018-12-13,15.966941833496094,18.64462661743164,2018-05-09,15.867768287658691,2018-12-11,false,false,250
2018-12-14,16.105785369873047,18.64462661743164,2018-05-09,15.867768287658691,2018-12-11,false,false,250
2018-12-17,15.867768287658691,18.64462661743164,2018-05-09,15.867768287658691,2018-12-17,false,true,250
2018-12-18,15.768594741821289,18.64462661743164,2018-05-09,15.768594741821289,2018-12-18,false,true,250
2018-12-19,15.768594741821289,18.64462661743164,2018-05-09,15.768594741821289,2018-12-19,false,true,250
2018-12-20,15.768594741821289,18.64462661743164,2018-05-09,15.768594741821289,2018-12-20,false,true,250
2018-12-21,15.719008445739746,18.64462661743164,2018-05-09,15.719008445739746,2018-12-21,false,true,250
2018-12-24,15.719008445739746,18.64462661743164,2018-05-09,15.719008445739746,2018-12-24,false,true,250
2018-12-26,15.719008445739746,18.64462661743164,2018-05-09,15.719008445739746,2018-12-26,false,true,250
2018-12-27,15.669421195983887,18.64462661743164,2018-05-09,15.669421195983887,2018-12-27,false,true,250
2018-12-28,15.123966217041016,18.64462661743164,2018-05-09,15.123966217041016,2018-12-28,false,true,250
2018-12-31,14.826445579528809,18.64462661743164,2018-05-09,14.826445579528809,2018-12-31,false,true,250
2019-01-02,14.677685737609863,18.64462661743164,2018-05-09,14.677685737609863,2019-01-02,false,true,250
2019-01-03,14.479338645935059,18.64462661743164,2018-05-09,14.479338645935059,2019-01-03,false,true,250
2019-01-04,14.579504013061523,18.64462661743164,2018-05-09,14.479338645935059,2019-01-03,false,false,250
2019-01-07,15.719008445739746,18.64462661743164,2018-05-09,14.479338645935059,2019-01-03,false,false,250
2019-01-08,16.01553726196289,18.64462661743164,2018-05-09,14.479338645935059,2019-01-03,false,false,250
2019-01-09,16.016529083251953,18.64462661743164,2018-05-09,14.479338645935059,2019-01-03,false,false,250
2019-01-10,15.966941833496094,18.64462661743164,2018-05-09,14.479338645935059,2019-01-03,false,false,250
2019-01-11,16.066116333007812,18.64462661743164,2018-05-09,14.479338645935059,2019-01-03,false,false,250
2019-01-14,15.867768287658691,18.64462661743164,2018-05-09,14.479338645935059,2019-01-03,false,false,250
2019-01-15,15.183470726013184,18.64462661743164,2018-05-09,14.479338645935059,2019-01-03,false,false,251
2019-01-16,15.818181037902832,18.64462661743164,2018-05-09,14.479338645935059,2019-01-03,false,false,251
2019-01-17,15.818181037902832,18.64462661743164,2018-05-09,14.479338645935059,2019-01-03,false,false,251
2019-01-18,16.11570167541504,18.64462661743164,2018-05-09,14.479338645935059,2019-01-03,false,false,251
2019-01-22,15.818181037902832,18.64462661743164,2018-05-09,14.479338645935059,2019-01-03,false,false,250
2019-01-23,15.867768287658691,18.64462661743164,2018-05-09,14.479338645935059,2019-01-03,false,false,250
2019-01-24,16.066116333007812,18.64462661743164,2018-05-09,14.479338645935059,2019-01-03,false,false,250
2019-01-25,15.867768287658691,18.64462661743164,2018-05-09,14.479338645935059,2019-01-03,false,false,250
2019-01-28,16.11570167541504,18.64462661743164,2018-05-09,14.479338645935059,2019-01-03,false,false,250
2019-01-29,15.530577659606934,18.64462661743164,2018-05-09,14.479338645935059,2019-01-03,false,false,250
2019-01-30,15.530577659606934,18.64462661743164,2018-05-09,14.479338645935059,2019-01-03,false,false,250
2019-01-31,16.11570167541504,18.64462661743164,2018-05-09,14.479338645935059,2019-01-03,false,false,250
2019-02-01,16.1652889251709,18.64462661743164,2018-05-09,14.479338645935059,2019-01-03,false,false,250
2019-02-04,16.214876174926758,18.64462661743164,2018-05-09,14.479338645935059,2019-01-03,false,false,250
2019-02-05,16.264461517333984,18.64462661743164,2018-05-09,14.479338645935059,2019-01-03,false,false,250
2019-02-06,16.264461517333984,18.64462661743164,2018-05-09,14.479338645935059,2019-01-03,false,false,250
2019-02-07,16.264461517333984,18.64462661743164,2018-05-09,14.479338645935059,2019-01-03,false,false,250
2019-02-08,16.264461517333984,18.64462661743164,2018-05-09,14.479338645935059,2019-01-03,false,false,250
2019-02-11,16.343801498413086,18.64462661743164,2018-05-09,14.479338645935059,2019-01-03,false,false,250
2019-02-12,16.363636016845703,18.64462661743164,2018-05-09,14.479338645935059,2019-01-03,false,false,250
2019-02-13,16.54214859008789,18.64462661743164,2018-05-09,14.479338645935059,2019-01-03,false,false,250
2019-02-14,16.54214859008789,18.64462661743164,2018-05-09,14.479338645935059,2019-01-03,false,false,250
2019-02-15,16.264461517333984,18.64462661743164,2018-05-09,14.479338645935059,2019-01-03,false,false,250
2019-02-19,16.462810516357422,18.64462661743164,2018-05-09,14.479338645935059,2019-01-03,false,false,250
2019-02-20,16.442974090576172,18.64462661743164,2018-05-09,14.479338645935059,2019-01-03,false,false,250
2019-02-21,16.561983108520508,18.64462661743164,2018-05-09,14.479338645935059,2019-01-03,false,false,250
2019-02-22,16.462810516357422,18.64462661743164,2018-05-09,14.479338645935059,2019-01-03,false,false,250
2019-02-25,16.462810516357422,18.64462661743164,2018-05-09,14.479338645935059,2019-01-03,false,false,250
2019-02-26,16.462810516357422,18.64462661743164,2018-05-09,14.479338645935059,2019-01-03,false,false,250
2019-02-27,16.264461517333984,18.64462661743164,2018-05-09,14.479338645935059,2019-01-03,false,false,250
2019-02-28,16.214876174926758,18.64462661743164,2018-05-09,14.479338645935059,2019-01-03,false,false,250
2019-03-01,16.214876174926758,18.64462661743164,2018-05-09,14.479338645935059,2019-01-03,false,false,250
2019-03-04,16.1652889251709,18.64462661743164,2018-05-09,14.479338645935059,2019-01-03,false,false,250
2019-03-05,15.867768287658691,18.64462661743164,2018-05-09,14.479338645935059,2019-01-03,false,false,250
2019-03-06,15.719008445739746,18.64462661743164,2018-05-09,14.479338645935059,2019-01-03,false,false,250
2019-03-07,15.193387985229492,18.64462661743164,2018-05-09,14.479338645935059,2019-01-03,false,false,250
2019-03-08,15.381817817687988,18.64462661743164,2018-05-09,14.479338645935059,2019-01-03,false,false,250
2019-03-11,15.391736030578613,18.64462661743164,2018-05-09,14.479338645935059,2019-01-03,false,false,250
2019-03-12,15.471074104309082,18.64462661743164,2018-05-09,14.479338645935059,2019-01-03,false,false,250
2019-03-13,15.471074104309082,18.64462661743164,2018-05-09,14.479338645935059,2019-01-03,false,false,250
2019-03-14,15.37190055847168,18.64462661743164,2018-05-09,14.479338645935059,2019-01-03,false,false,250
2019-03-15,15.123966217041016,18.64462661743164,2018-05-09,14.479338645935059,2019-01-03,false,false,250
2019-03-18,15.074379920959473,18.64462661743164,2018-05-09,14.479338645935059,2019-01-03,false,false,250
2019-03-19,15.37190055847168,18.64462661743164,2018-05-09,14.479338645935059,2019-01-03,false,false,250
2019-03-20,15.37190055847168,18.64462661743164,2018-05-09,14.479338645935059,2019-01-03,false,false,250
2019-03-21,15.044628143310547,18.64462661743164,2018-05-09,14.479338645935059,2019-01-03,false,false,250
2019-03-22,15.044628143310547,18.64462661743164,2018-05-09,14.479338645935059,2019-01-03,false,false,250
2019-03-25,16.49256134033203,18.64462661743164,2018-05-09,14.479338645935059,2019-01-03,false,false,250
2019-03-26,16.363636016845703,18.64462661743164,2018-05-09,14.479338645935059,2019-01-03,false,false,250
2019-03-27,15.818181037902832,18.64462661743164,2018-05-09,14.479338645935059,2019-01-03,false,false,250
2019-03-28,15.818181037902832,18.64462661743164,2018-05-09,14.479338645935059,2019-01-03,false,false,250
2019-03-29,15.818181037902832,18.64462661743164,2018-05-09,14.479338645935059,2019-01-03,false,false,250
2019-04-01,15.669421195983887,18.64462661743164,2018-05-09,14.479338645935059,2019-01-03,false,false,251
2019-04-02,15.669421195983887,18.64462661743164,2018-05-09,14.479338645935059,2019-01-03,false,false,251
2019-04-03,15.619833946228027,18.64462661743164,2018-05-09,14.479338645935059,2019-01-03,false,false,251
2019-04-04,15.719008445739746,18.64462661743164,2018-05-09,14.479338645935059,2019-01-03,false,false,251
2019-04-05,15.32231330871582,18.64462661743164,2018-05-09,14.479338645935059,2019-01-03,false,false,251
2019-04-08,15.32231330871582,18.64462661743164,2018-05-09,14.479338645935059,2019-01-03,false,false,251
2019-04-09,15.818181037902832,18.64462661743164,2018-05-09,14.479338645935059,2019-01-03,false,false,251
2019-04-10,15.818181037902832,18.64462661743164,2018-05-09,14.479338645935059,2019-01-03,false,false,251
2019-04-11,15.867768287658691,18.64462661743164,2018-05-09,14.479338645935059,2019-01-03,false,false,251
2019-04-12,15.867768287658691,18.64462661743164,2018-05-09,14.479338645935059,2019-01-03,false,false,251
2019-04-15,15.867768287658691,18.64462661743164,2018-05-09,14.479338645935059,2019-01-03,false,false,251
2019-04-16,15.867768287658691,18.64462661743164,2018-05-09,14.479338645935059,2019-01-03,false,false,251
2019-04-17,15.867768287658691,18.64462661743164,2018-05-09,14.479338645935059,2019-01-03,false,false,251
2019-04-18,15.818181037902832,18.64462661743164,2018-05-09,14.479338645935059,2019-01-03,false,false,251
2019-04-22,15.818181037902832,18.64462661743164,2018-05-09,14.479338645935059,2019-01-03,false,false,250
2019-04-23,15.867768287658691,18.64462661743164,2018-05-09,14.479338645935059,2019-01-03,false,false,250
2019-04-24,16.066116333007812,18.64462661743164,2018-05-09,14.479338645935059,2019-01-03,false,false,250
2019-04-25,15.867768287658691,18.64462661743164,2018-05-09,14.479338645935059,2019-01-03,false,false,250
2019-04-26,15.877685546875,18.64462661743164,2018-05-09,14.479338645935059,2019-01-03,false,false,250
2019-04-29,15.877685546875,18.64462661743164,2018-05-09,14.479338645935059,2019-01-03,false,false,250
2019-04-30,15.897521018981934,18.64462661743164,2018-05-09,14.479338645935059,2019-01-03,false,false,250
2019-05-01,15.897521018981934,18.64462661743164,2018-05-09,14.479338645935059,2019-01-03,false,false,250
2019-05-02,15.897521018981934,18.64462661743164,2018-05-09,14.479338645935059,2019-01-03,false,false,250
2019-05-03,16.13553810119629,18.64462661743164,2018-05-09,14.479338645935059,2019-01-03,false,false,250
2019-05-06,16.185123443603516,18.64462661743164,2018-05-09,14.479338645935059,2019-01-03,false,false,250
2019-05-07,16.185123443603516,18.64462661743164,2018-05-09,14.479338645935059,2019-01-03,false,false,250
2019-05-08,16.185123443603516,18.64462661743164,2018-05-09,14.479338645935059,2019-01-03,false,false,250
2019-05-09,16.185123443603516,18.64462661743164,2018-05-09,14.479338645935059,2019-01-03,false,false,250
2019-05-10,15.877685546875,18.595041275024414,2018-07-10,14.479338645935059,2019-01-03,false,false,250
2019-05-13,15.867768287658691,18.595041275024414,2018-07-10,14.479338645935059,2019-01-03,false,false,250
2019-05-14,15.867768287658691,18.595041275024414,2018-07-10,14.479338645935059,2019-01-03,false,false,250
2019-05-15,15.917354583740234,18.595041275024414,2018-07-10,14.479338645935059,2019-01-03,false,false,250
2019-05-16,15.867768287658691,18.595041275024414,2018-07-10,14.479338645935059,2019-01-03,false,false,250
2019-05-17,15.867768287658691,18.595041275024414,2018-07-10,14.479338645935059,2019-01-03,false,false,250
2019-05-20,15.471074104309082,18.595041275024414,2018-07-10,14.479338645935059,2019-01-03,false,false,250
2019-05-21,15.471074104309082,18.595041275024414,2018-07-10,14.479338645935059,2019-01-03,false,false,250
2019-05-22,15.867768287658691,18.595041275024414,2018-07-10,14.479338645935059,2019-01-03,false,false,250
2019-05-23,15.37190055847168,18.595041275024414,2018-07-10,14.479338645935059,2019-01-03,false,false,250
2019-05-24,15.570247650146484,18.595041275024414,2018-07-10,14.479338645935059,2019-01-03,false,false,250
2019-05-28,15.520660400390625,18.595041275024414,2018-07-10,14.479338645935059,2019-01-03,false,false,250
2019-05-29,15.193387985229492,18.595041275024414,2018-07-10,14.479338645935059,2019-01-03,false,false,250
2019-05-30,14.8165283203125,18.595041275024414,2018-07-10,14.479338645935059,2019-01-03,false,false,250
2019-05-31,14.628098487854004,18.595041275024414,2018-07-10,14.479338645935059,2019-01-03,false,false,250
2019-06-03,14.528924942016602,18.595041275024414,2018-07-10,14.479338645935059,2019-01-03,false,false,250
2019-06-04,14.528924942016602,18.595041275024414,2018-07-10,14.479338645935059,2019-01-03,false,false,250
2019-06-05,14.528924942016602,18.595041275024414,2018-07-10,14.479338645935059,2019-01-03,false,false,250
2019-06-06,14.876032829284668,18.595041275024414,2018-07-10,14.479338645935059,2019-01-03,false,false,250
2019-06-07,14.628098487854004,18.595041275024414,2018-07-10,14.479338645935059,2019-01-03,false,false,250
2019-06-10,13.993388175964355,18.595041275024414,2018-07-10,13.993388175964355,2019-06-10,false,true,250
2019-06-11,13.993388175964355,18.595041275024414,2018-07-10,13.993388175964355,2019-06-11,false,true,250
2019-06-12,13.943801879882812,18.595041275024414,2018-07-10,13.943801879882812,2019-06-12,false,true,250
2019-06-13,14.280991554260254,18.595041275024414,2018-07-10,13.943801879882812,2019-06-12,false,false,250
2019-06-14,14.300826072692871,18.595041275024414,2018-07-10,13.943801879882812,2019-06-12,false,false,250
2019-06-17,14.300826072692871,18.595041275024414,2018-07-10,13.943801879882812,2019-06-12,false,false,250
2019-06-18,14.08264446258545,18.595041275024414,2018-07-10,13.943801879882812,2019-06-12,false,false,250
2019-06-19,13.933884620666504,18.595041275024414,2018-07-10,13.933884620666504,2019-06-19,false,true,250
2019-06-20,13.933884620666504,18.595041275024414,2018-07-10,13.933884620666504,2019-06-20,false,true,250
2019-06-21,13.933884620666504,18.595041275024414,2018-07-10,13.933884620666504,2019-06-21,false,true,250
2019-06-24,13.983470916748047,18.595041275024414,2018-07-10,13.933884620666504,2019-06-21,false,false,250
2019-06-25,14.132230758666992,18.595041275024414,2018-07-10,13.933884620666504,2019-06-21,false,false,250
2019-06-26,14.132230758666992,18.595041275024414,2018-07-10,13.933884620666504,2019-06-21,false,false,250
2019-06-27,14.132230758666992,18.595041275024414,2018-07-10,13.933884620666504,2019-06-21,false,false,250
2019-06-28,14.132230758666992,18.595041275024414,2018-07-10,13.933884620666504,2019-06-21,false,false,250
2019-07-01,14.380165100097656,18.595041275024414,2018-07-10,13.933884620666504,2019-06-21,false,false,250
2019-07-02,14.628098487854004,18.595041275024414,2018-07-10,13.933884620666504,2019-06-21,false,false,250
2019-07-03,14.628098487854004,18.595041275024414,2018-07-10,13.933884620666504,2019-06-21,false,false,250
2019-07-05,14.677685737609863,18.595041275024414,2018-07-10,13.933884620666504,2019-06-21,false,false,250
2019-07-08,14.677685737609863,18.595041275024414,2018-07-10,13.933884620666504,2019-06-21,false,false,250
2019-07-09,14.677685737609863,18.595041275024414,2018-07-10,13.933884620666504,2019-06-21,false,false,250
2019-07-10,14.677685737609863,18.595041275024414,2018-07-10,13.933884620666504,2019-06-21,false,false,250
2019-07-11,14.628098487854004,18.545454025268555,2018-07-12,13.933884620666504,2019-06-21,false,false,250
2019-07-12,14.776859283447266,18.545454025268555,2018-07-12,13.933884620666504,2019-06-21,false,false,250
2019-07-15,14.677685737609863,18.44628143310547,2018-09-26,13.933884620666504,2019-06-21,false,false,250
2019-07-16,15.024792671203613,18.44628143310547,2018-09-26,13.933884620666504,2019-06-21,false,false,250
2019-07-17,15.049586296081543,18.44628143310547,2018-09-26,13.933884620666504,2019-06-21,false,false,250
2019-07-18,15.798347473144531,18.44628143310547,2018-09-26,13.933884620666504,2019-06-21,false,false,250
2019-07-19,15.867768287658691,18.44628143310547,2018-09-26,13.933884620666504,2019-06-21,false,false,250
2019-07-22,15.867768287658691,18.44628143310547,2018-09-26,13.933884620666504,2019-06-21,false,false,250
2019-07-23,15.669421195983887,18.44628143310547,2018-09-26,13.933884620666504,2019-06-21,false,false,250
2019-07-24,15.996692657470703,18.44628143310547,2018-09-26,13.933884620666504,2019-06-21,false,false,250
2019-07-25,16.046281814575195,18.44628143310547,2018-09-26,13.933884620666504,2019-06-21,false,false,250
2019-07-26,16.244626998901367,18.44628143310547,2018-09-26,13.933884620666504,2019-06-21,false,false,250
2019-07-29,15.966941833496094,18.44628143310547,2018-09-26,13.933884620666504,2019-06-21,false,false,250
2019-07-30,16.11570167541504,18.44628143310547,2018-09-26,13.933884620666504,2019-06-21,false,false,250
2019-07-31,16.066116333007812,18.44628143310547,2018-09-26,13.933884620666504,2019-06-21,false,false,250
2019-08-01,16.066116333007812,18.44628143310547,2018-09-26,13.933884620666504,2019-06-21,false,false,250
2019-08-02,16.066116333007812,18.44628143310547,2018-09-26,13.933884620666504,2019-06-21,false,false,250
2019-08-05,16.254545211791992,18.44628143310547,2018-09-26,13.933884620666504,2019-06-21,false,false,250
2019-08-06,16.254545211791992,18.44628143310547,2018-09-26,13.933884620666504,2019-06-21,false,false,250
2019-08-07,16.006610870361328,18.44628143310547,2018-09-26,13.933884620666504,2019-06-21,false,false,250
2019-08-08,16.006610870361328,18.44628143310547,2018-09-26,13.933884620666504,2019-06-21,false,false,250
2019-08-09,15.966941833496094,18.44628143310547,2018-09-26,13.933884620666504,2019-06-21,false,false,250
2019-08-12,15.679339408874512,18.44628143310547,2018-09-26,13.933884620666504,2019-06-21,false,false,250
2019-08-13,16.11570167541504,18.44628143310547,2018-09-26,13.933884620666504,2019-06-21,false,false,250
2019-08-14,16.016529083251953,18.44628143310547,2018-09-26,13.933884620666504,2019-06-21,false,false,250
2019-08-15,16.016529083251953,18.44628143310547,2018-09-26,13.933884620666504,2019-06-21,false,false,250
2019-08-16,16.016529083251953,18.44628143310547,2018-09-26,13.933884620666504,2019-06-21,false,false,250
2019-08-19,16.11570167541504,18.44628143310547,2018-09-26,13.933884620666504,2019-06-21,false,false,250
2019-08-20,16.066116333007812,18.44628143310547,2018-09-26,13.933884620666504,2019-06-21,false,false,250
2019-08-21,16.066116333007812,18.44628143310547,2018-09-26,13.933884620666504,2019-06-21,false,false,250
2019-08-22,16.066116333007812,18.44628143310547,2018-09-26,13.933884620666504,2019-06-21,false,false,250
2019-08-23,16.066116333007812,18.44628143310547,2018-09-26,13.933884620666504,2019-06-21,false,false,250
2019-08-26,16.066116333007812,18.44628143310547,2018-09-26,13.933884620666504,2019-06-21,false,false,250
2019-08-27,16.264461517333984,18.44628143310547,2018-09-26,13.933884620666504,2019-06-21,false,false,250
2019-08-28,16.264461517333984,18.44628143310547,2018-09-26,13.933884620666504,2019-06-21,false,false,250
2019-08-29,16.016529083251953,18.44628143310547,2018-09-26,13.933884620666504,2019-06-21,false,false,250
2019-08-30,16.083967208862305,18.44628143310547,2018-09-26,13.933884620666504,2019-06-21,false,false,250
2019-09-03,16.11570167541504,18.44628143310547,2018-09-26,13.933884620666504,2019-06-21,false,false,250
2019-09-04,16.155372619628906,18.44628143310547,2018-09-26,13.933884620666504,2019-06-21,false,false,250
2019-09-05,16.353717803955078,18.44628143310547,2018-09-26,13.933884620666504,2019-06-21,false,false,250
2019-09-06,16.363636016845703,18.44628143310547,2018-09-26,13.933884620666504,2019-06-21,false,false,250
2019-09-09,16.264461517333984,18.44628143310547,2018-09-26,13.933884620666504,2019-06-21,false,false,250
2019-09-10,16.561983108520508,18.44628143310547,2018-09-26,13.933884620666504,2019-06-21,false,false,250
2019-09-11,16.561983108520508,18.44628143310547,2018-09-26,13.933884620666504,2019-06-21,false,false,250
2019-09-12,16.561983108520508,18.44628143310547,2018-09-26,13.933884620666504,2019-06-21,false,false,250
2019-09-13,16.611570358276367,18.44628143310547,2018-09-26,13.933884620666504,2019-06-21,false,false,250
2019-09-16,16.611570358276367,18.44628143310547,2018-09-26,13.933884620666504,2019-06-21,false,false,250
2019-09-17,16.6512393951416,18.44628143310547,2018-09-26,13.933884620666504,2019-06-21,false,false,250
2019-09-18,16.661155700683594,18.44628143310547,2018-09-26,13.933884620666504,2019-06-21,false,false,250
2019-09-19,16.661155700683594,18.44628143310547,2018-09-26,13.933884620666504,2019-06-21,false,false,250
2019-09-20,16.790082931518555,18.44628143310547,2018-09-26,13.933884620666504,2019-06-21,false,false,250
2019-09-23,16.790082931518555,18.44628143310547,2018-09-26,13.933884620666504,2019-06-21,false,false,250
2019-09-24,16.561983108520508,18.44628143310547,2018-09-26,13.933884620666504,2019-06-21,false,false,250
2019-09-25,16.5718994140625,18.44628143310547,2018-09-26,13.933884620666504,2019-06-21,false,false,250
2019-09-26,16.611570358276367,18.44628143310547,2018-09-26,13.933884620666504,2019-06-21,false,false,250
2019-09-27,16.611570358276367,18.34710693359375,2018-10-22,13.933884620666504,2019-06-21,false,false,250
2019-09-30,16.80000114440918,18.34710693359375,2018-10-22,13.933884620666504,2019-06-21,false,false,250
2019-10-01,16.809917449951172,18.34710693359375,2018-10-22,13.933884620666504,2019-06-21,false,false,250
2019-10-02,16.809917449951172,18.34710693359375,2018-10-22,13.933884620666504,2019-06-21,false,false,250
2019-10-03,16.760330200195312,18.34710693359375,2018-10-22,13.933884620666504,2019-06-21,false,false,250
2019-10-04,16.760330200195312,18.34710693359375,2018-10-22,13.933884620666504,2019-06-21,false,false,250
2019-10-07,16.849586486816406,18.34710693359375,2018-10-22,13.933884620666504,2019-06-21,false,false,250
2019-10-08,16.83966827392578,18.34710693359375,2018-10-22,13.933884620666504,2019-06-21,false,false,250
2019-10-09,16.85950469970703,18.34710693359375,2018-10-22,13.933884620666504,2019-06-21,false,false,250
2019-10-10,16.85950469970703,18.34710693359375,2018-10-22,13.933884620666504,2019-06-21,false,false,250
2019-10-11,16.85950469970703,18.34710693359375,2018-10-22,13.933884620666504,2019-06-21,false,false,250
2019-10-14,16.958677291870117,18.34710693359375,2018-10-22,13.933884620666504,2019-06-21,false,false,250
2019-10-15,17.008264541625977,18.34710693359375,2018-10-22,13.933884620666504,2019-06-21,false,false,250
2019-10-16,16.809917449951172,18.34710693359375,2018-10-22,13.933884620666504,2019-06-21,false,false,250
2019-10-17,16.85950469970703,18.34710693359375,2018-10-22,13.933884620666504,2019-06-21,false,false,250
2019-10-18,16.948760986328125,18.34710693359375,2018-10-22,13.933884620666504,2019-06-21,false,false,250
2019-10-21,17.04793357849121,18.34710693359375,2018-10-22,13.933884620666504,2019-06-21,false,false,250
2019-10-22,17.04793357849121,18.34710693359375,2018-10-22,13.933884620666504,2019-06-21,false,false,250
2019-10-23,17.028099060058594,18.297521591186523,2018-10-25,13.933884620666504,2019-06-21,false,false,250
2019-10-24,16.948760986328125,18.297521591186523,2018-10-25,13.933884620666504,2019-06-21,false,false,250
2019-10-25,16.760330200195312,18.297521591186523,2018-10-25,13.933884620666504,2019-06-21,false,false,250
2019-10-28,16.85950469970703,18.24793243408203,2018-10-29,13.933884620666504,2019-06-21,false,false,250
2019-10-29,16.85950469970703,18.24793243408203,2018-10-29,13.933884620666504,2019-06-21,false,false,250
2019-10-30,16.809917449951172,17.851240158081055,2018-10-31,13.933884620666504,2019-06-21,false,false,250
2019-10-31,16.70082664489746,17.851240158081055,2018-10-31,13.933884620666504,2019-06-21,false,false,250
2019-11-01,16.616527557373047,17.60330581665039,2018-11-09,13.933884620666504,2019-06-21,false,false,250
2019-11-04,16.70082664489746,17.60330581665039,2018-11-09,13.933884620666504,2019-06-21,false,false,250
2019-11-05,16.70082664489746,17.60330581665039,2018-11-09,13.933884620666504,2019-06-21,false,false,250
2019-11-06,16.423139572143555,17.60330581665039,2018-11-09,13.933884620666504,2019-06-21,false,false,250
2019-11-07,16.442974090576172,17.60330581665039,2018-11-09,13.933884620666504,2019-06-21,false,false,250
2019-11-08,16.442974090576172,17.60330581665039,2018-11-09,13.933884620666504,2019-06-21,false,false,250
2019-11-11,16.591733932495117,17.60330581665039,2018-11-09,13.933884620666504,2019-06-21,false,false,250
2019-11-12,16.125619888305664,17.256196975708008,2018-11-20,13.933884620666504,2019-06-21,false,false,250
2019-11-13,16.214876174926758,17.256196975708008,2018-11-20,13.933884620666504,2019-06-21,false,false,250
2019-11-14,16.214876174926758,17.256196975708008,2018-11-20,13.933884620666504,2019-06-21,false,false,250
2019-11-15,16.214876174926758,17.256196975708008,2018-11-20,13.933884620666504,2019-06-21,false,false,250
2019-11-18,16.29917335510254,17.256196975708008,2018-11-20,13.933884620666504,2019-06-21,false,false,250
2019-11-19,16.314050674438477,17.256196975708008,2018-11-20,13.933884620666504,2019-06-21,false,false,250
2019-11-20,16.11570167541504,17.256196975708008,2018-11-20,13.933884620666504,2019-06-21,false,false,250
2019-11-21,16.066116333007812,17.04793357849121,2019-10-22,13.933884620666504,2019-06-21,false,false,250
2019-11-22,16.016529083251953,17.04793357849121,2019-10-22,13.933884620666504,2019-06-21,false,false,251
2019-11-25,15.847932815551758,17.04793357849121,2019-10-22,13.933884620666504,2019-06-21,false,false,251
2019-11-26,15.867768287658691,17.04793357849121,2019-10-22,13.933884620666504,2019-06-21,false,false,251
2019-11-27,16.066116333007812,17.04793357849121,2019-10-22,13.933884620666504,2019-06-21,false,false,251
2019-11-29,16.066116333007812,17.04793357849121,2019-10-22,13.933884620666504,2019-06-21,false,false,250
2019-12-02,16.11570167541504,17.04793357849121,2019-10-22,13.933884620666504,2019-06-21,false,false,250
2019-12-03,16.11570167541504,17.04793357849121,2019-10-22,13.933884620666504,2019-06-21,false,false,250
2019-12-04,16.14545440673828,17.04793357849121,2019-10-22,13.933884620666504,2019-06-21,false,false,250
2019-12-05,16.14545440673828,17.04793357849121,2019-10-22,13.933884620666504,2019-06-21,false,false,251
2019-12-06,16.214876174926758,17.04793357849121,2019-10-22,13.933884620666504,2019-06-21,false,false,251
2019-12-09,16.224794387817383,17.04793357849121,2019-10-22,13.933884620666504,2019-06-21,false,false,251
2019-12-10,16.41322135925293,17.04793357849121,2019-10-22,13.933884620666504,2019-06-21,false,false,251
2019-12-11,16.41322135925293,17.04793357849121,2019-10-22,13.933884620666504,2019-06-21,false,false,251
2019-12-12,16.809917449951172,17.04793357849121,2019-10-22,13.933884620666504,2019-06-21,false,false,251
2019-12-13,16.909090042114258,17.04793357849121,2019-10-22,13.933884620666504,2019-06-21,false,false,251
2019-12-16,16.809917449951172,17.04793357849121,2019-10-22,13.933884620666504,2019-06-21,false,false,251
2019-12-17,16.41322135925293,17.04793357849121,2019-10-22,13.933884620666504,2019-06-21,false,false,251
2019-12-18,16.710742950439453,17.04793357849121,2019-10-22,13.933884620666504,2019-06-21,false,false,251
2019-12-19,16.41322135925293,17.04793357849121,2019-10-22,13.933884620666504,2019-06-21,false,false,251
2019-12-20,16.41322135925293,17.04793357849121,2019-10-22,13.933884620666504,2019-06-21,false,false,251
2019-12-23,16.462810516357422,17.04793357849121,2019-10-22,13.933884620666504,2019-06-21,false,false,251
2019-12-24,16.462810516357422,17.04793357849121,2019-10-22,13.933884620666504,2019-06-21,false,false,251
2019-12-26,16.561983108520508,17.04793357849121,2019-10-22,13.933884620666504,2019-06-21,false,false,251
2019-12-27,16.363636016845703,17.04793357849121,2019-10-22,13.933884620666504,2019-06-21,false,false,251
2019-12-30,16.561983108520508,17.04793357849121,2019-10-22,13.933884620666504,2019-06-21,false,false,251
2019-12-31,16.363636016845703,17.04793357849121,2019-10-22,13.933884620666504,2019-06-21,false,false,251
2020-01-02,16.51239585876465,17.04793357849121,2019-10-22,13.933884620666504,2019-06-21,false,false,251
2020-01-03,16.462810516357422,17.04793357849121,2019-10-22,13.933884620666504,2019-06-21,false,false,251
2020-01-06,16.214876174926758,17.04793357849121,2019-10-22,13.933884620666504,2019-06-21,false,false,251
2020-01-07,16.11570167541504,17.04793357849121,2019-10-22,13.933884620666504,2019-06-21,false,false,251
2020-01-08,16.234710693359375,17.04793357849121,2019-10-22,13.933884620666504,2019-06-21,false,false,251
2020-01-09,16.41322135925293,17.04793357849121,2019-10-22,13.933884620666504,2019-06-21,false,false,251
2020-01-10,16.522314071655273,17.04793357849121,2019-10-22,13.933884620666504,2019-06-21,false,false,251
2020-01-13,16.51239585876465,17.04793357849121,2019-10-22,13.933884620666504,2019-06-21,false,false,251
2020-01-14,16.561983108520508,17.04793357849121,2019-10-22,13.933884620666504,2019-06-21,false,false,251
2020-01-15,16.51239585876465,17.04793357849121,2019-10-22,13.933884620666504,2019-06-21,false,false,251
2020-01-16,16.611570358276367,17.04793357849121,2019-10-22,13.933884620666504,2019-06-21,false,false,251
2020-01-17,16.51239585876465,17.04793357849121,2019-10-22,13.933884620666504,2019-06-21,false,false,251
2020-01-21,16.85950469970703,17.04793357849121,2019-10-22,13.933884620666504,2019-06-21,false,false,251
2020-01-22,17.60330581665039,17.60330581665039,2020-01-22,13.933884620666504,2019-06-21,true,false,251
2020-01-23,17.851240158081055,17.851240158081055,2020-01-23,13.933884620666504,2019-06-21,true,false,251
2020-01-24,18.019834518432617,18.019834518432617,2020-01-24,13.933884620666504,2019-06-21,true,false,251
2020-01-27,17.851240158081055,18.019834518432617,2020-01-24,13.933884620666504,2019-06-21,false,false,251
2020-01-28,18.138843536376953,18.138843536376953,2020-01-28,13.933884620666504,2019-06-21,true,false,251
2020-01-29,18.099172592163086,18.138843536376953,2020-01-28,13.933884620666504,2019-06-21,false,false,251
2020-01-30,17.90082550048828,18.138843536376953,2020-01-28,13.933884620666504,2019-06-21,false,false,251
2020-01-31,17.90082550048828,18.138843536376953,2020-01-28,13.933884620666504,2019-06-21,false,false,251
2020-02-03,18.099172592163086,18.138843536376953,2020-01-28,13.933884620666504,2019-06-21,false,false,251
2020-02-04,18.099172592163086,18.138843536376953,2020-01-28,13.933884620666504,2019-06-21,false,false,251
2020-02-05,18.148759841918945,18.148759841918945,2020-02-05,13.933884620666504,2019-06-21,true,false,251
2020-02-06,18.148759841918945,18.148759841918945,2020-02-06,13.933884620666504,2019-06-21,true,false,251
2020-02-07,18.148759841918945,18.148759841918945,2020-02-07,13.933884620666504,2019-06-21,true,false,251
2020-02-10,17.90082550048828,18.148759841918945,2020-02-07,13.933884620666504,2019-06-21,false,false,251
2020-02-11,17.90082550048828,18.148759841918945,2020-02-07,13.933884620666504,2019-06-21,false,false,251
2020-02-12,17.90082550048828,18.148759841918945,2020-02-07,13.933884620666504,2019-06-21,false,false,251
2020-02-13,17.9206600189209,18.148759841918945,2020-02-07,13.933884620666504,2019-06-21,false,false,251
2020-02-14,18,18.148759841918945,2020-02-07,13.933884620666504,2019-06-21,false,false,251
2020-02-18,18,18.148759841918945,2020-02-07,13.933884620666504,2019-06-21,false,false,251
2020-02-19,17.851240158081055,18.148759841918945,2020-02-07,13.933884620666504,2019-06-21,false,false,251
2020-02-20,17.851240158081055,18.148759841918945,2020-02-07,13.933884620666504,2019-06-21,false,false,251
2020-02-21,17.851240158081055,18.148759841918945,2020-02-07,13.933884620666504,2019-06-21,false,false,251
2020-02-24,17.454545974731445,18.148759841918945,2020-02-07,13.933884620666504,2019-06-21,false,false,251
2020-02-25,17.3454532623291,18.148759841918945,2020-02-07,13.933884620666504,2019-06-21,false,false,251
2020-02-26,16.968595504760742,18.148759841918945,2020-02-07,13.933884620666504,2019-06-21,false,false,251
2020-02-27,16.770246505737305,18.148759841918945,2020-02-07,13.933884620666504,2019-06-21,false,false,251
2020-02-28,15.867768287658691,18.148759841918945,2020-02-07,13.933884620666504,2019-06-21,false,false,251
2020-03-02,16.363636016845703,18.148759841918945,2020-02-07,13.933884620666504,2019-06-21,false,false,251
2020-03-03,15.44132137298584,18.148759841918945,2020-02-07,13.933884620666504,2019-06-21,false,false,251
2020-03-04,15.619833946228027,18.148759841918945,2020-02-07,13.933884620666504,2019-06-21,false,false,251
2020-03-05,15.867768287658691,18.148759841918945,2020-02-07,13.933884620666504,2019-06-21,false,false,251
2020-03-06,15.867768287658691,18.148759841918945,2020-02-07,13.933884620666504,2019-06-21,false,false,251
2020-03-09,13.338842391967773,18.148759841918945,2020-02-07,13.338842391967773,2020-03-09,false,true,251
2020-03-10,13.884297370910645,18.148759841918945,2020-02-07,13.338842391967773,2020-03-09,false,false,251
2020-03-11,13.438016891479492,18.148759841918945,2020-02-07,13.338842391967773,2020-03-09,false,false,251
2020-03-12,12.188429832458496,18.148759841918945,2020-02-07,12.188429832458496,2020-03-12,false,true,251
2020-03-13,12.138842582702637,18.148759841918945,2020-02-07,12.138842582702637,2020-03-13,false,true,251
2020-03-16,10.47272777557373,18.148759841918945,2020-02-07,10.47272777557373,2020-03-16,false,true,251
2020-03-17,11.900826454162598,18.148759841918945,2020-02-07,10.47272777557373,2020-03-16,false,false,251
2020-03-18,10.522313117980957,18.148759841918945,2020-02-07,10.47272777557373,2020-03-16,false,false,251
2020-03-19,10.958677291870117,18.148759841918945,2020-02-07,10.47272777557373,2020-03-16,false,false,251
2020-03-20,10.869421005249023,18.148759841918945,2020-02-07,10.47272777557373,2020-03-16,false,false,251
2020-03-23,9.91735553741455,18.148759841918945,2020-02-07,9.91735553741455,2020-03-23,false,true,251
2020-03-24,10.909090995788574,18.148759841918945,2020-02-07,9.91735553741455,2020-03-23,false,false,251
2020-03-25,11.404958724975586,18.148759841918945,2020-02-07,9.91735553741455,2020-03-23,false,false,251
2020-03-26,11.900826454162598,18.148759841918945,2020-02-07,9.91735553741455,2020-03-23,false,false,251
2020-03-27,11.900826454162598,18.148759841918945,2020-02-07,9.91735553741455,2020-03-23,false,false,251
2020-03-30,11.900826454162598,18.148759841918945,2020-02-07,9.91735553741455,2020-03-23,false,false,251
2020-03-31,10.919008255004883,18.148759841918945,2020-02-07,9.91735553741455,2020-03-23,false,false,251
2020-04-01,10.502479553222656,18.148759841918945,2020-02-07,9.91735553741455,2020-03-23,false,false,251
2020-04-02,10.03636360168457,18.148759841918945,2020-02-07,9.91735553741455,2020-03-23,false,false,251
2020-04-03,10.909090995788574,18.148759841918945,2020-02-07,9.91735553741455,2020-03-23,false,false,251
2020-04-06,10.264463424682617,18.148759841918945,2020-02-07,9.91735553741455,2020-03-23,false,false,251
2020-04-07,10.909090995788574,18.148759841918945,2020-02-07,9.91735553741455,2020-03-23,false,false,251
2020-04-08,11.652892112731934,18.148759841918945,2020-02-07,9.91735553741455,2020-03-23,false,false,251
2020-04-09,11.018180847167969,18.148759841918945,2020-02-07,9.91735553741455,2020-03-23,false,false,251
2020-04-13,11.652892112731934,18.148759841918945,2020-02-07,9.91735553741455,2020-03-23,false,false,250
2020-04-14,11.652892112731934,18.148759841918945,2020-02-07,9.91735553741455,2020-03-23,false,false,250
2020-04-15,10.492561340332031,18.148759841918945,2020-02-07,9.91735553741455,2020-03-23,false,false,250
2020-04-16,10.909090995788574,18.148759841918945,2020-02-07,9.91735553741455,2020-03-23,false,false,250
2020-04-17,10.89917278289795,18.148759841918945,2020-02-07,9.91735553741455,2020-03-23,false,false,250
2020-04-20,10.760331153869629,18.148759841918945,2020-02-07,9.91735553741455,2020-03-23,false,false,251
2020-04-21,10.492561340332031,18.148759841918945,2020-02-07,9.91735553741455,2020-03-23,false,false,251
2020-04-22,10.909090995788574,18.148759841918945,2020-02-07,9.91735553741455,2020-03-23,false,false,251
2020-04-23,11.900826454162598,18.148759841918945,2020-02-07,9.91735553741455,2020-03-23,false,false,251
2020-04-24,11.900826454162598,18.148759841918945,2020-02-07,9.91735553741455,2020-03-23,false,false,251
2020-04-27,11.880990982055664,18.148759841918945,2020-02-07,9.91735553741455,2020-03-23,false,false,251
2020-04-28,11.910743713378906,18.148759841918945,2020-02-07,9.91735553741455,2020-03-23,false,false,251
2020-04-29,12.595041275024414,18.148759841918945,2020-02-07,9.91735553741455,2020-03-23,false,false,251
2020-04-30,12.595041275024414,18.148759841918945,2020-02-07,9.91735553741455,2020-03-23,false,false,251
2020-05-01,12.148759841918945,18.148759841918945,2020-02-07,9.91735553741455,2020-03-23,false,false,251
2020-05-04,12.892561912536621,18.148759841918945,2020-02-07,9.91735553741455,2020-03-23,false,false,251
2020-05-05,12.495867729187012,18.148759841918945,2020-02-07,9.91735553741455,2020-03-23,false,false,251
2020-05-06,12.495867729187012,18.148759841918945,2020-02-07,9.91735553741455,2020-03-23,false,false,251
2020-05-07,11.970247268676758,18.148759841918945,2020-02-07,9.91735553741455,2020-03-23,false,false,251
2020-05-08,12.495867729187012,18.148759841918945,2020-02-07,9.91735553741455,2020-03-23,false,false,251
2020-05-11,12.495867729187012,18.148759841918945,2020-02-07,9.91735553741455,2020-03-23,false,false,251
2020-05-12,11.900826454162598,18.148759841918945,2020-02-07,9.91735553741455,2020-03-23,false,false,251
2020-05-13,11.900826454162598,18.148759841918945,2020-02-07,9.91735553741455,2020-03-23,false,false,251
2020-05-14,11.404958724975586,18.148759841918945,2020-02-07,9.91735553741455,2020-03-23,false,false,251
2020-05-15,11.157024383544922,18.148759841918945,2020-02-07,9.91735553741455,2020-03-23,false,false,251
2020-05-18,11.166942596435547,18.148759841918945,2020-02-07,9.91735553741455,2020-03-23,false,false,251
2020-05-19,11.25619888305664,18.148759841918945,2020-02-07,9.91735553741455,2020-03-23,false,false,251
2020-05-20,11.107438087463379,18.148759841918945,2020-02-07,9.91735553741455,2020-03-23,false,false,251
2020-05-21,11.008264541625977,18.148759841918945,2020-02-07,9.91735553741455,2020-03-23,false,false,251
2020-05-22,11.008264541625977,18.148759841918945,2020-02-07,9.91735553741455,2020-03-23,false,false,251
2020-05-26,11.404958724975586,18.148759841918945,2020-02-07,9.91735553741455,2020-03-23,false,false,251
2020-05-27,11.404958724975586,18.148759841918945,2020-02-07,9.91735553741455,2020-03-23,false,false,251
2020-05-28,11.305784225463867,18.148759841918945,2020-02-07,9.91735553741455,2020-03-23,false,false,251
2020-05-29,11.404958724975586,18.148759841918945,2020-02-07,9.91735553741455,2020-03-23,false,false,251
2020-06-01,11.752066612243652,18.148759841918945,2020-02-07,9.91735553741455,2020-03-23,false,false,251
2020-06-02,11.404958724975586,18.148759841918945,2020-02-07,9.91735553741455,2020-03-23,false,false,251
2020-06-03,11.305784225463867,18.148759841918945,2020-02-07,9.91735553741455,2020-03-23,false,false,251
2020-06-04,11.305784225463867,18.148759841918945,2020-02-07,9.91735553741455,2020-03-23,false,false,251
2020-06-05,11.404958724975586,18.148759841918945,2020-02-07,9.91735553741455,2020-03-23,false,false,251
2020-06-08,11.583471298217773,18.148759841918945,2020-02-07,9.91735553741455,2020-03-23,false,false,251
2020-06-09,11.583471298217773,18.148759841918945,2020-02-07,9.91735553741455,2020-03-23,false,false,251
2020-06-10,11.583471298217773,18.148759841918945,2020-02-07,9.91735553741455,2020-03-23,false,false,251
2020-06-11,11.583471298217773,18.148759841918945,2020-02-07,9.91735553741455,2020-03-23,false,false,251
2020-06-12,11.355371475219727,18.148759841918945,2020-02-07,9.91735553741455,2020-03-23,false,false,251
2020-06-15,11.305784225463867,18.148759841918945,2020-02-07,9.91735553741455,2020-03-23,false,false,251
2020-06-16,11.504132270812988,18.148759841918945,2020-02-07,9.91735553741455,2020-03-23,false,false,251
2020-06-17,11.404958724975586,18.148759841918945,2020-02-07,9.91735553741455,2020-03-23,false,false,251
2020-06-18,11.157024383544922,18.148759841918945,2020-02-07,9.91735553741455,2020-03-23,false,false,251
2020-06-19,11.157024383544922,18.148759841918945,2020-02-07,9.91735553741455,2020-03-23,false,false,251
2020-06-22,11.05785083770752,18.148759841918945,2020-02-07,9.91735553741455,2020-03-23,false,false,251
2020-06-23,11.05785083770752,18.148759841918945,2020-02-07,9.91735553741455,2020-03-23,false,false,251
2020-06-24,11.05785083770752,18.148759841918945,2020-02-07,9.91735553741455,2020-03-23,false,false,251
2020-06-25,11.05785083770752,18.148759841918945,2020-02-07,9.91735553741455,2020-03-23,false,false,251
2020-06-26,11.008264541625977,18.148759841918945,2020-02-07,9.91735553741455,2020-03-23,false,false,251
2020-06-29,10.919008255004883,18.148759841918945,2020-02-07,9.91735553741455,2020-03-23,false,false,251
2020-06-30,10.919008255004883,18.148759841918945,2020-02-07,9.91735553741455,2020-03-23,false,false,251
2020-07-01,10.909090995788574,18.148759841918945,2020-02-07,9.91735553741455,2020-03-23,false,false,251
2020-07-02,10.809916496276855,18.148759841918945,2020-02-07,9.91735553741455,2020-03-23,false,false,251
2020-07-06,10.809916496276855,18.148759841918945,2020-02-07,9.91735553741455,2020-03-23,false,false,251
2020-07-07,11.157024383544922,18.148759841918945,2020-02-07,9.91735553741455,2020-03-23,false,false,251
2020-07-08,10.760331153869629,18.148759841918945,2020-02-07,9.91735553741455,2020-03-23,false,false,251
2020-07-09,10.363636016845703,18.148759841918945,2020-02-07,9.91735553741455,2020-03-23,false,false,251
2020-07-10,10.363636016845703,18.148759841918945,2020-02-07,9.91735553741455,2020-03-23,false,false,251
2020-07-13,10.314048767089844,18.148759841918945,2020-02-07,9.91735553741455,2020-03-23,false,false,251
2020-07-14,10.145453453063965,18.148759841918945,2020-02-07,9.91735553741455,2020-03-23,false,false,251
2020-07-15,10.413223266601562,18.148759841918945,2020-02-07,9.91735553741455,2020-03-23,false,false,251
2020-07-16,10.33884334564209,18.148759841918945,2020-02-07,9.91735553741455,2020-03-23,false,false,251
2020-07-17,10.66115665435791,18.148759841918945,2020-02-07,9.91735553741455,2020-03-23,false,false,251
2020-07-20,10.809916496276855,18.148759841918945,2020-02-07,9.91735553741455,2020-03-23,false,false,251
2020-07-21,10.165288925170898,18.148759841918945,2020-02-07,9.91735553741455,2020-03-23,false,false,251
2020-07-22,11.05785083770752,18.148759841918945,2020-02-07,9.91735553741455,2020-03-23,false,false,251
2020-07-23,10.988429069519043,18.148759841918945,2020-02-07,9.91735553741455,2020-03-23,false,false,251
2020-07-24,10.928925514221191,18.148759841918945,2020-02-07,9.91735553741455,2020-03-23,false,false,251
2020-07-27,10.909090995788574,18.148759841918945,2020-02-07,9.91735553741455,2020-03-23,false,false,251
2020-07-28,10.859503746032715,18.148759841918945,2020-02-07,9.91735553741455,2020-03-23,false,false,251
2020-07-29,10.859503746032715,18.148759841918945,2020-02-07,9.91735553741455,2020-03-23,false,false,251
2020-07-30,10.720661163330078,18.148759841918945,2020-02-07,9.91735553741455,2020-03-23,false,false,251
2020-07-31,10.214876174926758,18.148759841918945,2020-02-07,9.91735553741455,2020-03-23,false,false,251
2020-08-03,10.214876174926758,18.148759841918945,2020-02-07,9.91735553741455,2020-03-23,false,false,251
2020-08-04,10.214876174926758,18.148759841918945,2020-02-07,9.91735553741455,2020-03-23,false,false,251
2020-08-05,10.165288925170898,18.148759841918945,2020-02-07,9.91735553741455,2020-03-23,false,false,251
2020-08-06,10.066115379333496,18.148759841918945,2020-02-07,9.91735553741455,2020-03-23,false,false,251
2020-08-07,10.165288925170898,18.148759841918945,2020-02-07,9.91735553741455,2020-03-23,false,false,251
2020-08-10,10.304132461547852,18.148759841918945,2020-02-07,9.91735553741455,2020-03-23,false,false,251
2020-08-11,10.71074390411377,18.148759841918945,2020-02-07,9.91735553741455,2020-03-23,false,false,251
2020-08-12,10.809916496276855,18.148759841918945,2020-02-07,9.91735553741455,2020-03-23,false,false,251
2020-08-13,10.859503746032715,18.148759841918945,2020-02-07,9.91735553741455,2020-03-23,false,false,251
2020-08-14,10.809916496276855,18.148759841918945,2020-02-07,9.91735553741455,2020-03-23,false,false,251
2020-08-17,10.909090995788574,18.148759841918945,2020-02-07,9.91735553741455,2020-03-23,false,false,251
2020-08-18,10.872396469116211,18.148759841918945,2020-02-07,9.91735553741455,2020-03-23,false,false,251
2020-08-19,10.89917278289795,18.148759841918945,2020-02-07,9.91735553741455,2020-03-23,false,false,251
2020-08-20,10.859503746032715,18.148759841918945,2020-02-07,9.91735553741455,2020-03-23,false,false,251
2020-08-21,10.809916496276855,18.148759841918945,2020-02-07,9.91735553741455,2020-03-23,false,false,251
2020-08-24,11.107438087463379,18.148759841918945,2020-02-07,9.91735553741455,2020-03-23,false,false,251
2020-08-25,11.107438087463379,18.148759841918945,2020-02-07,9.91735553741455,2020-03-23,false,false,251
2020-08-26,11.107438087463379,18.148759841918945,2020-02-07,9.91735553741455,2020-03-23,false,false,251
2020-08-27,10.909090995788574,18.148759841918945,2020-02-07,9.91735553741455,2020-03-23,false,false,251
2020-08-28,10.921982765197754,18.148759841918945,2020-02-07,9.91735553741455,2020-03-23,false,false,251
2020-08-31,10.909090995788574,18.148759841918945,2020-02-07,9.91735553741455,2020-03-23,false,false,251
2020-09-01,10.909090995788574,18.148759841918945,2020-02-07,9.91735553741455,2020-03-23,false,false,252
2020-09-02,10.909090995788574,18.148759841918945,2020-02-07,9.91735553741455,2020-03-23,false,false,252
2020-09-03,10.909090995788574,18.148759841918945,2020-02-07,9.91735553741455,2020-03-23,false,false,252
2020-09-04,10.909090995788574,18.148759841918945,2020-02-07,9.91735553741455,2020-03-23,false,false,252
2020-09-08,10.809916496276855,18.148759841918945,2020-02-07,9.91735553741455,2020-03-23,false,false,251
2020-09-09,10.71074390411377,18.148759841918945,2020-02-07,9.91735553741455,2020-03-23,false,false,251
2020-09-10,10.71074390411377,18.148759841918945,2020-02-07,9.91735553741455,2020-03-23,false,false,251
2020-09-11,10.66115665435791,18.148759841918945,2020-02-07,9.91735553741455,2020-03-23,false,false,251
2020-09-14,10.66115665435791,18.148759841918945,2020-02-07,9.91735553741455,2020-03-23,false,false,251
2020-09-15,10.71074390411377,18.148759841918945,2020-02-07,9.91735553741455,2020-03-23,false,false,251
2020-09-16,10.909090995788574,18.148759841918945,2020-02-07,9.91735553741455,2020-03-23,false,false,251
2020-09-17,10.909090995788574,18.148759841918945,2020-02-07,9.91735553741455,2020-03-23,false,false,251
2020-09-18,10.909090995788574,18.148759841918945,2020-02-07,9.91735553741455,2020-03-23,false,false,251
2020-09-21,10.809916496276855,18.148759841918945,2020-02-07,9.91735553741455,2020-03-23,false,false,251
2020-09-22,10.809916496276855,18.148759841918945,2020-02-07,9.91735553741455,2020-03-23,false,false,251
2020-09-23,10.809916496276855,18.148759841918945,2020-02-07,9.91735553741455,2020-03-23,false,false,251
2020-09-24,10.809916496276855,18.148759841918945,2020-02-07,9.91735553741455,2020-03-23,false,false,251
2020-09-25,10.809916496276855,18.148759841918945,2020-02-07,9.91735553741455,2020-03-23,false,false,251
2020-09-28,10.512396812438965,18.148759841918945,2020-02-07,9.91735553741455,2020-03-23,false,false,251
2020-09-29,10.512396812438965,18.148759841918945,2020-02-07,9.91735553741455,2020-03-23,false,false,251
2020-09-30,10.61156940460205,18.148759841918945,2020-02-07,9.91735553741455,2020-03-23,false,false,251
2020-10-01,10.61156940460205,18.148759841918945,2020-02-07,9.91735553741455,2020-03-23,false,false,251
2020-10-02,10.61156940460205,18.148759841918945,2020-02-07,9.91735553741455,2020-03-23,false,false,251
2020-10-05,10.89917278289795,18.148759841918945,2020-02-07,9.91735553741455,2020-03-23,false,false,251
2020-10-06,11.008264541625977,18.148759841918945,2020-02-07,9.91735553741455,2020-03-23,false,false,251
2020-10-07,11.404958724975586,18.148759841918945,2020-02-07,9.91735553741455,2020-03-23,false,false,251
2020-10-08,11.176859855651855,18.148759841918945,2020-02-07,9.91735553741455,2020-03-23,false,false,251
2020-10-09,11.404958724975586,18.148759841918945,2020-02-07,9.91735553741455,2020-03-23,false,false,251
2020-10-12,11.404958724975586,18.148759841918945,2020-02-07,9.91735553741455,2020-03-23,false,false,251
2020-10-13,11.355371475219727,18.148759841918945,2020-02-07,9.91735553741455,2020-03-23,false,false,251
2020-10-14,11.305784225463867,18.148759841918945,2020-02-07,9.91735553741455,2020-03-23,false,false,251
2020-10-15,11.305784225463867,18.148759841918945,2020-02-07,9.91735553741455,2020-03-23,false,false,251
2020-10-16,11.305784225463867,18.148759841918945,2020-02-07,9.91735553741455,2020-03-23,false,false,251
2020-10-19,11.692562103271484,18.148759841918945,2020-02-07,9.91735553741455,2020-03-23,false,false,251
2020-10-20,11.60330581665039,18.148759841918945,2020-02-07,9.91735553741455,2020-03-23,false,false,251
2020-10-21,12.39669418334961,18.148759841918945,2020-02-07,9.91735553741455,2020-03-23,false,false,251
2020-10-22,12.892561912536621,18.148759841918945,2020-02-07,9.91735553741455,2020-03-23,false,false,251
2020-10-23,12.694214820861816,18.148759841918945,2020-02-07,9.91735553741455,2020-03-23,false,false,251
2020-10-26,12.694214820861816,18.148759841918945,2020-02-07,9.91735553741455,2020-03-23,false,false,251
2020-10-27,12.247934341430664,18.148759841918945,2020-02-07,9.91735553741455,2020-03-23,false,false,251
2020-10-28,12.39669418334961,18.148759841918945,2020-02-07,9.91735553741455,2020-03-23,false,false,251
2020-10-29,12.793387413024902,18.148759841918945,2020-02-07,9.91735553741455,2020-03-23,false,false,251
2020-10-30,12.495867729187012,18.148759841918945,2020-02-07,9.91735553741455,2020-03-23,false,false,251
2020-11-02,12.644627571105957,18.148759841918945,2020-02-07,9.91735553741455,2020-03-23,false,false,251
2020-11-03,12.39669418334961,18.148759841918945,2020-02-07,9.91735553741455,2020-03-23,false,false,251
2020-11-04,12.39669418334961,18.148759841918945,2020-02-07,9.91735553741455,2020-03-23,false,false,251
2020-11-05,12.39669418334961,18.148759841918945,2020-02-07,9.91735553741455,2020-03-23,false,false,251
2020-11-06,12.842974662780762,18.148759841918945,2020-02-07,9.91735553741455,2020-03-23,false,false,251
2020-11-09,13.785122871398926,18.148759841918945,2020-02-07,9.91735553741455,2020-03-23,false,false,251
2020-11-10,13.834710121154785,18.148759841918945,2020-02-07,9.91735553741455,2020-03-23,false,false,251
2020-11-11,13.834710121154785,18.148759841918945,2020-02-07,9.91735553741455,2020-03-23,false,false,251
2020-11-12,13.785122871398926,18.148759841918945,2020-02-07,9.91735553741455,2020-03-23,false,false,251
2020-11-13,13.68595027923584,18.148759841918945,2020-02-07,9.91735553741455,2020-03-23,false,false,251
2020-11-16,13.884297370910645,18.148759841918945,2020-02-07,9.91735553741455,2020-03-23,false,false,251
2020-11-17,13.884297370910645,18.148759841918945,2020-02-07,9.91735553741455,2020-03-23,false,false,251
2020-11-18,13.63636302947998,18.148759841918945,2020-02-07,9.91735553741455,2020-03-23,false,false,251
2020-11-19,13.834710121154785,18.148759841918945,2020-02-07,9.91735553741455,2020-03-23,false,false,251
2020-11-20,14.132230758666992,18.148759841918945,2020-02-07,9.91735553741455,2020-03-23,false,false,251
2020-11-23,14.231405258178711,18.148759841918945,2020-02-07,9.91735553741455,2020-03-23,false,false,251
2020-11-24,14.380165100097656,18.148759841918945,2020-02-07,9.91735553741455,2020-03-23,false,false,251
2020-11-25,13.884297370910645,18.148759841918945,2020-02-07,9.91735553741455,2020-03-23,false,false,251
2020-11-27,13.884297370910645,18.148759841918945,2020-02-07,9.91735553741455,2020-03-23,false,false,251
2020-11-30,13.884297370910645,18.148759841918945,2020-02-07,9.91735553741455,2020-03-23,false,false,251
2020-12-01,13.884297370910645,18.148759841918945,2020-02-07,9.91735553741455,2020-03-23,false,false,251
2020-12-02,14.132230758666992,18.148759841918945,2020-02-07,9.91735553741455,2020-03-23,false,false,251
2020-12-03,13.884297370910645,18.148759841918945,2020-02-07,9.91735553741455,2020-03-23,false,false,251
2020-12-04,13.884297370910645,18.148759841918945,2020-02-07,9.91735553741455,2020-03-23,false,false,251
2020-12-07,13.884297370910645,18.148759841918945,2020-02-07,9.91735553741455,2020-03-23,false,false,251
2020-12-08,13.884297370910645,18.148759841918945,2020-02-07,9.91735553741455,2020-03-23,false,false,251
2020-12-09,13.884297370910645,18.148759841918945,2020-02-07,9.91735553741455,2020-03-23,false,false,251
2020-12-10,13.834710121154785,18.148759841918945,2020-02-07,9.91735553741455,2020-03-23,false,false,251
2020-12-11,13.884297370910645,18.148759841918945,2020-02-07,9.91735553741455,2020-03-23,false,false,251
2020-12-14,13.884297370910645,18.148759841918945,2020-02-07,9.91735553741455,2020-03-23,false,false,251
2020-12-15,13.884297370910645,18.148759841918945,2020-02-07,9.91735553741455,2020-03-23,false,false,251
2020-12-16,13.874380111694336,18.148759841918945,2020-02-07,9.91735553741455,2020-03-23,false,false,251
2020-12-17,14.08264446258545,18.148759841918945,2020-02-07,9.91735553741455,2020-03-23,false,false,251
2020-12-18,14.08264446258545,18.148759841918945,2020-02-07,9.91735553741455,2020-03-23,false,false,251
2020-12-21,13.933884620666504,18.148759841918945,2020-02-07,9.91735553741455,2020-03-23,false,false,251
2020-12-22,13.884297370910645,18.148759841918945,2020-02-07,9.91735553741455,2020-03-23,false,false,251
2020-12-23,13.933884620666504,18.148759841918945,2020-02-07,9.91735553741455,2020-03-23,false,false,251
2020-12-24,14.08264446258545,18.148759841918945,2020-02-07,9.91735553741455,2020-03-23,false,false,252
2020-12-28,14.280991554260254,18.148759841918945,2020-02-07,9.91735553741455,2020-03-23,false,false,251
2020-12-29,14.380165100097656,18.148759841918945,2020-02-07,9.91735553741455,2020-03-23,false,false,251
2020-12-30,14.181818008422852,18.148759841918945,2020-02-07,9.91735553741455,2020-03-23,false,false,251
2020-12-31,14.181818008422852,18.148759841918945,2020-02-07,9.91735553741455,2020-03-23,false,false,252
2021-01-04,14.03305721282959,18.148759841918945,2020-02-07,9.91735553741455,2020-03-23,false,false,251
2021-01-05,13.904132843017578,18.148759841918945,2020-02-07,9.91735553741455,2020-03-23,false,false,251
2021-01-06,14.08264446258545,18.148759841918945,2020-02-07,9.91735553741455,2020-03-23,false,false,251
2021-01-07,14.132230758666992,18.148759841918945,2020-02-07,9.91735553741455,2020-03-23,false,false,251
2021-01-08,14.181818008422852,18.148759841918945,2020-02-07,9.91735553741455,2020-03-23,false,false,251
2021-01-11,14.181818008422852,18.148759841918945,2020-02-07,9.91735553741455,2020-03-23,false,false,251
2021-01-12,14.231405258178711,18.148759841918945,2020-02-07,9.91735553741455,2020-03-23,false,false,251
2021-01-13,14.181818008422852,18.148759841918945,2020-02-07,9.91735553741455,2020-03-23,false,false,251
2021-01-14,14.280991554260254,18.148759841918945,2020-02-07,9.91735553741455,2020-03-23,false,false,251
2021-01-15,14.300826072692871,18.148759841918945,2020-02-07,9.91735553741455,2020-03-23,false,false,251
2021-01-19,14.628098487854004,18.148759841918945,2020-02-07,9.91735553741455,2020-03-23,false,false,251
2021-01-20,15.867768287658691,18.148759841918945,2020-02-07,9.91735553741455,2020-03-23,false,false,251
2021-01-21,16.11570167541504,18.148759841918945,2020-02-07,9.91735553741455,2020-03-23,false,false,251
2021-01-22,16.11570167541504,18.148759841918945,2020-02-07,9.91735553741455,2020-03-23,false,false,251
2021-01-25,15.867768287658691,18.148759841918945,2020-02-07,9.91735553741455,2020-03-23,false,false,251
2021-01-26,15.867768287658691,18.148759841918945,2020-02-07,9.91735553741455,2020-03-23,false,false,251
2021-01-27,15.867768287658691,18.148759841918945,2020-02-07,9.91735553741455,2020-03-23,false,false,251
2021-01-28,15.867768287658691,18.148759841918945,2020-02-07,9.91735553741455,2020-03-23,false,false,251
2021-01-29,15.867768287658691,18.148759841918945,2020-02-07,9.91735553741455,2020-03-23,false,false,251
2021-02-01,15.867768287658691,18.148759841918945,2020-02-07,9.91735553741455,2020-03-23,false,false,251
2021-02-02,15.867768287658691,18.148759841918945,2020-02-07,9.91735553741455,2020-03-23,false,false,251
2021-02-03,15.867768287658691,18.148759841918945,2020-02-07,9.91735553741455,2020-03-23,false,false,251
2021-02-04,15.818181037902832,18.148759841918945,2020-02-07,9.91735553741455,2020-03-23,false,false,251
2021-02-05,15.768594741821289,18.148759841918945,2020-02-07,9.91735553741455,2020-03-23,false,false,251
2021-02-08,15.768594741821289,18.148759841918945,2020-02-07,9.91735553741455,2020-03-23,false,false,251
2021-02-09,16.363636016845703,18,2020-02-18,9.91735553741455,2020-03-23,false,false,251
2021-02-10,16.363636016845703,18,2020-02-18,9.91735553741455,2020-03-23,false,false,251
2021-02-11,16.11570167541504,18,2020-02-18,9.91735553741455,2020-03-23,false,false,251
2021-02-12,16.11570167541504,18,2020-02-18,9.91735553741455,2020-03-23,false,false,251
2021-02-16,16.066116333007812,18,2020-02-18,9.91735553741455,2020-03-23,false,false,251
2021-02-17,16.066116333007812,18,2020-02-18,9.91735553741455,2020-03-23,false,false,251
2021-02-18,16.066116333007812,17.851240158081055,2020-02-21,9.91735553741455,2020-03-23,false,false,251
2021-02-19,15.867768287658691,17.851240158081055,2020-02-21,9.91735553741455,2020-03-23,false,false,251
2021-02-22,16.016529083251953,17.851240158081055,2020-02-21,9.91735553741455,2020-03-23,false,false,251
2021-02-23,16.363636016845703,17.3454532623291,2020-02-25,9.91735553741455,2020-03-23,false,false,251
2021-02-24,16.11570167541504,17.3454532623291,2020-02-25,9.91735553741455,2020-03-23,false,false,251
2021-02-25,16.11570167541504,16.770246505737305,2020-02-27,9.91735553741455,2020-03-23,false,false,251
2021-02-26,16.11570167541504,16.770246505737305,2020-02-27,9.91735553741455,2020-03-23,false,false,251
2021-03-01,16.264461517333984,16.363636016845703,2021-02-23,9.91735553741455,2020-03-23,false,false,251
2021-03-02,16.363636016845703,16.363636016845703,2021-03-02,9.91735553741455,2020-03-23,true,false,251
2021-03-03,16.363636016845703,16.363636016845703,2021-03-03,9.91735553741455,2020-03-23,true,false,251
2021-03-04,16.611570358276367,16.611570358276367,2021-03-04,9.91735553741455,2020-03-23,true,false,251
2021-03-05,16.809917449951172,16.809917449951172,2021-03-05,9.91735553741455,2020-03-23,true,false,251
2021-03-08,16.85950469970703,16.85950469970703,2021-03-08,9.91735553741455,2020-03-23,true,false,251
2021-03-09,16.85950469970703,16.85950469970703,2021-03-09,9.91735553741455,2020-03-23,true,false,251
2021-03-10,16.958677291870117,16.958677291870117,2021-03-10,9.91735553741455,2020-03-23,true,false,251
2021-03-11,17.008264541625977,17.008264541625977,2021-03-11,9.91735553741455,2020-03-23,true,false,251
2021-03-12,17.107437133789062,17.107437133789062,2021-03-12,9.91735553741455,2020-03-23,true,false,251
2021-03-15,17.504131317138672,17.504131317138672,2021-03-15,9.91735553741455,2020-03-23,true,false,251
2021-03-16,17.84132194519043,17.84132194519043,2021-03-16,9.91735553741455,2020-03-23,true,false,251
2021-03-17,17.504131317138672,17.84132194519043,2021-03-16,9.91735553741455,2020-03-23,false,false,251
2021-03-18,17.84132194519043,17.84132194519043,2021-03-18,9.91735553741455,2020-03-23,true,false,251
2021-03-19,17.851240158081055,17.851240158081055,2021-03-19,9.91735553741455,2020-03-23,true,false,251
2021-03-22,17.55371856689453,17.851240158081055,2021-03-19,9.91735553741455,2020-03-23,false,false,251
2021-03-23,17.355371475219727,17.851240158081055,2021-03-19,9.91735553741455,2020-03-23,false,false,251
2021-03-24,16.809917449951172,17.851240158081055,2021-03-19,10.03636360168457,2020-04-02,false,false,251
2021-03-25,16.85950469970703,17.851240158081055,2021-03-19,10.03636360168457,2020-04-02,false,false,251
2021-03-26,16.760330200195312,17.851240158081055,2021-03-19,10.03636360168457,2020-04-02,false,false,251
2021-03-29,16.561983108520508,17.851240158081055,2021-03-19,10.03636360168457,2020-04-02,false,false,251
2021-03-30,16.85950469970703,17.851240158081055,2021-03-19,10.03636360168457,2020-04-02,false,false,251
2021-03-31,17.057851791381836,17.851240158081055,2021-03-19,10.03636360168457,2020-04-02,false,false,251
2021-04-01,16.958677291870117,17.851240158081055,2021-03-19,10.03636360168457,2020-04-02,false,false,251
2021-04-05,16.958677291870117,17.851240158081055,2021-03-19,10.03636360168457,2020-04-02,false,false,250
2021-04-06,16.85950469970703,17.851240158081055,2021-03-19,10.066115379333496,2020-08-06,false,false,250
2021-04-07,16.85950469970703,17.851240158081055,2021-03-19,10.066115379333496,2020-08-06,false,false,250
2021-04-08,16.85950469970703,17.851240158081055,2021-03-19,10.066115379333496,2020-08-06,false,false,250
2021-04-09,16.611570358276367,17.851240158081055,2021-03-19,10.066115379333496,2020-08-06,false,false,250
2021-04-12,16.661155700683594,17.851240158081055,2021-03-19,10.066115379333496,2020-08-06,false,false,251
2021-04-13,16.661155700683594,17.851240158081055,2021-03-19,10.066115379333496,2020-08-06,false,false,251
2021-04-14,16.661155700683594,17.851240158081055,2021-03-19,10.066115379333496,2020-08-06,false,false,251
2021-04-15,16.85950469970703,17.851240158081055,2021-03-19,10.066115379333496,2020-08-06,false,false,251
2021-04-16,16.661155700683594,17.851240158081055,2021-03-19,10.066115379333496,2020-08-06,false,false,251
2021-04-19,16.85950469970703,17.851240158081055,2021-03-19,10.066115379333496,2020-08-06,false,false,251
2021-04-20,16.85950469970703,17.851240158081055,2021-03-19,10.066115379333496,2020-08-06,false,false,251
2021-04-21,17.851240158081055,17.851240158081055,2021-04-21,10.066115379333496,2020-08-06,true,false,251
2021-04-22,17.851240158081055,17.851240158081055,2021-04-22,10.066115379333496,2020-08-06,true,false,251
2021-04-23,17.801652908325195,17.851240158081055,2021-04-22,10.066115379333496,2020-08-06,false,false,251
2021-04-26,17.454545974731445,17.851240158081055,2021-04-22,10.066115379333496,2020-08-06,false,false,251
2021-04-27,17.417850494384766,17.851240158081055,2021-04-22,10.066115379333496,2020-08-06,false,false,251
2021-04-28,17.355371475219727,17.851240158081055,2021-04-22,10.066115379333496,2020-08-06,false,false,251
2021-04-29,17.60330581665039,17.851240158081055,2021-04-22,10.066115379333496,2020-08-06,false,false,251
2021-04-30,17.60330581665039,17.851240158081055,2021-04-22,10.066115379333496,2020-08-06,false,false,251
2021-05-03,17.404956817626953,17.851240158081055,2021-04-22,10.066115379333496,2020-08-06,false,false,251
2021-05-04,17.652891159057617,17.851240158081055,2021-04-22,10.066115379333496,2020-08-06,false,false,251
2021-05-05,17.355371475219727,17.851240158081055,2021-04-22,10.066115379333496,2020-08-06,false,false,251
2021-05-06,17.404956817626953,17.851240158081055,2021-04-22,10.066115379333496,2020-08-06,false,false,251
2021-05-07,17.60330581665039,17.851240158081055,2021-04-22,10.066115379333496,2020-08-06,false,false,251
2021-05-10,17.60330581665039,17.851240158081055,2021-04-22,10.066115379333496,2020-08-06,false,false,251
2021-05-11,17.55371856689453,17.851240158081055,2021-04-22,10.066115379333496,2020-08-06,false,false,251
2021-05-12,17.55371856689453,17.851240158081055,2021-04-22,10.066115379333496,2020-08-06,false,false,251
2021-05-13,17.55371856689453,17.851240158081055,2021-04-22,10.066115379333496,2020-08-06,false,false,251
2021-05-14,17.70248031616211,17.851240158081055,2021-04-22,10.066115379333496,2020-08-06,false,false,251
2021-05-17,17.752065658569336,17.851240158081055,2021-04-22,10.066115379333496,2020-08-06,false,false,251
2021-05-18,17.851240158081055,17.851240158081055,2021-05-18,10.066115379333496,2020-08-06,true,false,251
2021-05-19,17.851240158081055,17.851240158081055,2021-05-19,10.066115379333496,2020-08-06,true,false,251
2021-05-20,17.851240158081055,17.851240158081055,2021-05-20,10.066115379333496,2020-08-06,true,false,251
2021-05-21,17.851240158081055,17.851240158081055,2021-05-21,10.066115379333496,2020-08-06,true,false,251
2021-05-24,17.801652908325195,17.851240158081055,2021-05-21,10.066115379333496,2020-08-06,false,false,251
2021-05-25,17.851240158081055,17.851240158081055,2021-05-25,10.066115379333496,2020-08-06,true,false,252
2021-05-26,17.55371856689453,17.851240158081055,2021-05-25,10.066115379333496,2020-08-06,false,false,252
2021-05-27,17.851240158081055,17.851240158081055,2021-05-27,10.066115379333496,2020-08-06,true,false,252
2021-05-28,17.851240158081055,17.851240158081055,2021-05-28,10.066115379333496,2020-08-06,true,false,252
2021-06-01,17.454545974731445,17.851240158081055,2021-05-28,10.066115379333496,2020-08-06,false,false,251
2021-06-02,17.60330581665039,17.851240158081055,2021-05-28,10.066115379333496,2020-08-06,false,false,251
2021-06-03,17.90082550048828,17.90082550048828,2021-06-03,10.066115379333496,2020-08-06,true,false,251
2021-06-04,17.90082550048828,17.90082550048828,2021-06-04,10.066115379333496,2020-08-06,true,false,251
2021-06-07,17.90082550048828,17.90082550048828,2021-06-07,10.066115379333496,2020-08-06,true,false,251
2021-06-08,18.04958724975586,18.04958724975586,2021-06-08,10.066115379333496,2020-08-06,true,false,251
2021-06-09,17.94049644470215,18.04958724975586,2021-06-08,10.066115379333496,2020-08-06,false,false,251
2021-06-10,18.099172592163086,18.099172592163086,2021-06-10,10.066115379333496,2020-08-06,true,false,251
2021-06-11,17.851240158081055,18.099172592163086,2021-06-10,10.066115379333496,2020-08-06,false,false,251
2021-06-14,17.851240158081055,18.099172592163086,2021-06-10,10.066115379333496,2020-08-06,false,false,251
2021-06-15,17.90082550048828,18.099172592163086,2021-06-10,10.066115379333496,2020-08-06,false,false,251
2021-06-16,17.871074676513672,18.099172592163086,2021-06-10,10.066115379333496,2020-08-06,false,false,251
2021-06-17,17.851240158081055,18.099172592163086,2021-06-10,10.066115379333496,2020-08-06,false,false,251
2021-06-18,17.851240158081055,18.099172592163086,2021-06-10,10.066115379333496,2020-08-06,false,false,251
2021-06-21,17.851240158081055,18.099172592163086,2021-06-10,10.066115379333496,2020-08-06,false,false,251
2021-06-22,17.801652908325195,18.099172592163086,2021-06-10,10.066115379333496,2020-08-06,false,false,251
2021-06-23,17.851240158081055,18.099172592163086,2021-06-10,10.066115379333496,2020-08-06,false,false,251
2021-06-24,17.851240158081055,18.099172592163086,2021-06-10,10.066115379333496,2020-08-06,false,false,251
2021-06-25,17.851240158081055,18.099172592163086,2021-06-10,10.066115379333496,2020-08-06,false,false,251
2021-06-28,17.851240158081055,18.099172592163086,2021-06-10,10.066115379333496,2020-08-06,false,false,251
2021-06-29,17.851240158081055,18.099172592163086,2021-06-10,10.066115379333496,2020-08-06,false,false,251
2021-06-30,17.851240158081055,18.099172592163086,2021-06-10,10.066115379333496,2020-08-06,false,false,251
2021-07-01,17.851240158081055,18.099172592163086,2021-06-10,10.066115379333496,2020-08-06,false,false,251
2021-07-02,17.851240158081055,18.099172592163086,2021-06-10,10.066115379333496,2020-08-06,false,false,251
2021-07-06,17.95041275024414,18.099172592163086,2021-06-10,10.066115379333496,2020-08-06,false,false,251
2021-07-07,17.95041275024414,18.099172592163086,2021-06-10,10.066115379333496,2020-08-06,false,false,251
2021-07-08,17.84132194519043,18.099172592163086,2021-06-10,10.066115379333496,2020-08-06,false,false,251
2021-07-09,17.851240158081055,18.099172592163086,2021-06-10,10.066115379333496,2020-08-06,false,false,251
2021-07-12,17.851240158081055,18.099172592163086,2021-06-10,10.066115379333496,2020-08-06,false,false,251
2021-07-13,17.851240158081055,18.099172592163086,2021-06-10,10.066115379333496,2020-08-06,false,false,251
2021-07-14,18.04958724975586,18.099172592163086,2021-06-10,10.066115379333496,2020-08-06,false,false,251
2021-07-15,18.04958724975586,18.099172592163086,2021-06-10,10.066115379333496,2020-08-06,false,false,251
2021-07-16,18.04958724975586,18.099172592163086,2021-06-10,10.066115379333496,2020-08-06,false,false,251
2021-07-19,17.776859283447266,18.099172592163086,2021-06-10,10.066115379333496,2020-08-06,false,false,251
2021-07-20,17.776859283447266,18.099172592163086,2021-06-10,10.066115379333496,2020-08-06,false,false,251
2021-07-21,17.851240158081055,18.099172592163086,2021-06-10,10.066115379333496,2020-08-06,false,false,251
2021-07-22,18,18.099172592163086,2021-06-10,10.066115379333496,2020-08-06,false,false,251
2021-07-23,18,18.099172592163086,2021-06-10,10.066115379333496,2020-08-06,false,false,251
2021-07-26,17.90082550048828,18.099172592163086,2021-06-10,10.066115379333496,2020-08-06,false,false,251
2021-07-27,17.90082550048828,18.099172592163086,2021-06-10,10.066115379333496,2020-08-06,false,false,251
2021-07-28,18,18.099172592163086,2021-06-10,10.066115379333496,2020-08-06,false,false,251
2021-07-29,18,18.099172592163086,2021-06-10,10.066115379333496,2020-08-06,false,false,251
2021-07-30,17.851240158081055,18.099172592163086,2021-06-10,10.066115379333496,2020-08-06,false,false,251
2021-08-02,17.60330581665039,18.099172592163086,2021-06-10,10.066115379333496,2020-08-06,false,false,251
2021-08-03,17.60330581665039,18.099172592163086,2021-06-10,10.066115379333496,2020-08-06,false,false,251
2021-08-04,17.504131317138672,18.099172592163086,2021-06-10,10.066115379333496,2020-08-06,false,false,251
2021-08-05,17.55371856689453,18.099172592163086,2021-06-10,10.066115379333496,2020-08-06,false,false,251
2021-08-06,17.851240158081055,18.099172592163086,2021-06-10,10.066115379333496,2020-08-06,false,false,251
2021-08-09,17.851240158081055,18.099172592163086,2021-06-10,10.304132461547852,2020-08-10,false,false,251
2021-08-10,17.55371856689453,18.099172592163086,2021-06-10,10.304132461547852,2020-08-10,false,false,251
2021-08-11,17.851240158081055,18.099172592163086,2021-06-10,10.512396812438965,2020-09-29,false,false,251
2021-08-12,17.851240158081055,18.099172592163086,2021-06-10,10.512396812438965,2020-09-29,false,false,251
2021-08-13,17.851240158081055,18.099172592163086,2021-06-10,10.512396812438965,2020-09-29,false,false,251
2021-08-16,17.801652908325195,18.099172592163086,2021-06-10,10.512396812438965,2020-09-29,false,false,251
2021-08-17,17.851240158081055,18.099172592163086,2021-06-10,10.512396812438965,2020-09-29,false,false,251
2021-08-18,18.04958724975586,18.099172592163086,2021-06-10,10.512396812438965,2020-09-29,false,false,251
2021-08-19,18.148759841918945,18.148759841918945,2021-08-19,10.512396812438965,2020-09-29,true,false,251
2021-08-20,18.24793243408203,18.24793243408203,2021-08-20,10.512396812438965,2020-09-29,true,false,251
2021-08-23,18,18.24793243408203,2021-08-20,10.512396812438965,2020-09-29,false,false,251
2021-08-24,17.95041275024414,18.24793243408203,2021-08-20,10.512396812438965,2020-09-29,false,false,251
2021-08-25,17.95041275024414,18.24793243408203,2021-08-20,10.512396812438965,2020-09-29,false,false,251
2021-08-26,18,18.24793243408203,2021-08-20,10.512396812438965,2020-09-29,false,false,251
2021-08-27,18.04958724975586,18.24793243408203,2021-08-20,10.512396812438965,2020-09-29,false,false,251
2021-08-30,18.04958724975586,18.24793243408203,2021-08-20,10.512396812438965,2020-09-29,false,false,251
2021-08-31,18.148759841918945,18.24793243408203,2021-08-20,10.512396812438965,2020-09-29,false,false,251
2021-09-01,18.099172592163086,18.24793243408203,2021-08-20,10.512396812438965,2020-09-29,false,false,251
2021-09-02,18.099172592163086,18.24793243408203,2021-08-20,10.512396812438965,2020-09-29,false,false,251
2021-09-03,18.099172592163086,18.24793243408203,2021-08-20,10.512396812438965,2020-09-29,false,false,251
2021-09-07,18.099172592163086,18.24793243408203,2021-08-20,10.512396812438965,2020-09-29,false,false,251
2021-09-08,17.95041275024414,18.24793243408203,2021-08-20,10.512396812438965,2020-09-29,false,false,251
2021-09-09,17.97024917602539,18.24793243408203,2021-08-20,10.512396812438965,2020-09-29,false,false,251
2021-09-10,18,18.24793243408203,2021-08-20,10.512396812438965,2020-09-29,false,false,251
2021-09-13,17.95041275024414,18.24793243408203,2021-08-20,10.512396812438965,2020-09-29,false,false,251
2021-09-14,17.861156463623047,18.24793243408203,2021-08-20,10.512396812438965,2020-09-29,false,false,251
2021-09-15,17.861156463623047,18.24793243408203,2021-08-20,10.512396812438965,2020-09-29,false,false,251
2021-09-16,17.871074676513672,18.24793243408203,2021-08-20,10.512396812438965,2020-09-29,false,false,251
2021-09-17,17.851240158081055,18.24793243408203,2021-08-20,10.512396812438965,2020-09-29,false,false,251
2021-09-20,17.70248031616211,18.24793243408203,2021-08-20,10.512396812438965,2020-09-29,false,false,251
2021-09-21,17.70248031616211,18.24793243408203,2021-08-20,10.512396812438965,2020-09-29,false,false,251
2021-09-22,17.70248031616211,18.24793243408203,2021-08-20,10.512396812438965,2020-09-29,false,false,251
2021-09-23,17.70248031616211,18.24793243408203,2021-08-20,10.512396812438965,2020-09-29,false,false,251
2021-09-24,17.70248031616211,18.24793243408203,2021-08-20,10.512396812438965,2020-09-29,false,false,251
2021-09-27,17.70248031616211,18.24793243408203,2021-08-20,10.512396812438965,2020-09-29,false,false,251
2021-09-28,18.148759841918945,18.24793243408203,2021-08-20,10.512396812438965,2020-09-29,false,false,251
2021-09-29,18,18.24793243408203,2021-08-20,10.512396812438965,2020-09-29,false,false,251
2021-09-30,18,18.24793243408203,2021-08-20,10.61156940460205,2020-10-02,false,false,251
2021-10-01,18.148759841918945,18.24793243408203,2021-08-20,10.61156940460205,2020-10-02,false,false,251
2021-10-04,18,18.24793243408203,2021-08-20,10.61156940460205,2020-10-02,false,false,251
2021-10-05,18,18.24793243408203,2021-08-20,11.008264541625977,2020-10-06,false,false,251
2021-10-06,18,18.24793243408203,2021-08-20,11.008264541625977,2020-10-06,false,false,251
2021-10-07,18.148759841918945,18.24793243408203,2021-08-20,11.176859855651855,2020-10-08,false,false,251
2021-10-08,18.148759841918945,18.24793243408203,2021-08-20,11.176859855651855,2020-10-08,false,false,251
2021-10-11,18,18.24793243408203,2021-08-20,11.305784225463867,2020-10-16,false,false,251
2021-10-12,18,18.24793243408203,2021-08-20,11.305784225463867,2020-10-16,false,false,251
2021-10-13,18,18.24793243408203,2021-08-20,11.305784225463867,2020-10-16,false,false,251
2021-10-14,18.123966217041016,18.24793243408203,2021-08-20,11.305784225463867,2020-10-16,false,false,251
2021-10-15,18.148759841918945,18.24793243408203,2021-08-20,11.305784225463867,2020-10-16,false,false,251
2021-10-18,18,18.24793243408203,2021-08-20,11.305784225463867,2020-10-16,false,false,251
2021-10-19,18.148759841918945,18.24793243408203,2021-08-20,11.60330581665039,2020-10-20,false,false,251
2021-10-20,18.24793243408203,18.24793243408203,2021-10-20,11.60330581665039,2020-10-20,true,false,251
2021-10-21,18.495866775512695,18.495866775512695,2021-10-21,12.247934341430664,2020-10-27,true,false,251
2021-10-22,18.545454025268555,18.545454025268555,2021-10-22,12.247934341430664,2020-10-27,true,false,251
2021-10-25,18.34710693359375,18.545454025268555,2021-10-22,12.247934341430664,2020-10-27,false,false,251
2021-10-26,18.34710693359375,18.545454025268555,2021-10-22,12.247934341430664,2020-10-27,false,false,251
2021-10-27,18.396692276000977,18.545454025268555,2021-10-22,12.247934341430664,2020-10-27,false,false,251
2021-10-28,18.545454025268555,18.545454025268555,2021-10-28,12.39669418334961,2020-11-05,true,false,251
2021-10-29,18.545454025268555,18.545454025268555,2021-10-29,12.39669418334961,2020-11-05,true,false,251
2021-11-01,18.74380111694336,18.74380111694336,2021-11-01,12.39669418334961,2020-11-05,true,false,251
2021-11-02,18.595041275024414,18.74380111694336,2021-11-01,12.39669418334961,2020-11-05,false,false,251
2021-11-03,18.595041275024414,18.74380111694336,2021-11-01,12.39669418334961,2020-11-05,false,false,251
2021-11-04,18.60991668701172,18.74380111694336,2021-11-01,12.39669418334961,2020-11-05,false,false,251
2021-11-05,18.654544830322266,18.74380111694336,2021-11-01,12.39669418334961,2020-11-05,false,false,251
2021-11-08,18.654544830322266,18.74380111694336,2021-11-01,13.63636302947998,2020-11-18,false,false,251
2021-11-09,18.654544830322266,18.74380111694336,2021-11-01,13.63636302947998,2020-11-18,false,false,251
2021-11-10,18.674379348754883,18.74380111694336,2021-11-01,13.63636302947998,2020-11-18,false,false,251
2021-11-11,19.11570167541504,19.11570167541504,2021-11-11,13.63636302947998,2020-11-18,true,false,251
2021-11-12,19.239667892456055,19.239667892456055,2021-11-12,13.63636302947998,2020-11-18,true,false,251
2021-11-15,19.239667892456055,19.239667892456055,2021-11-15,13.63636302947998,2020-11-18,true,false,251
2021-11-16,19.239667892456055,19.239667892456055,2021-11-16,13.63636302947998,2020-11-18,true,false,251
2021-11-17,19.09090805053711,19.239667892456055,2021-11-16,13.63636302947998,2020-11-18,false,false,251
2021-11-18,19.061155319213867,19.239667892456055,2021-11-16,13.63636302947998,2020-11-18,false,false,251
2021-11-19,19.061155319213867,19.239667892456055,2021-11-16,13.834710121154785,2020-12-10,false,false,251
2021-11-22,18.90247917175293,19.239667892456055,2021-11-16,13.834710121154785,2020-12-10,false,false,251
2021-11-23,18.93520736694336,19.239667892456055,2021-11-16,13.834710121154785,2020-12-10,false,false,251
2021-11-24,18.842975616455078,19.239667892456055,2021-11-16,13.834710121154785,2020-12-10,false,false,251
2021-11-26,18.45619773864746,19.239667892456055,2021-11-16,13.834710121154785,2020-12-10,false,false,251
2021-11-29,18.495866775512695,19.239667892456055,2021-11-16,13.834710121154785,2020-12-10,false,false,251
2021-11-30,18.45619773864746,19.239667892456055,2021-11-16,13.834710121154785,2020-12-10,false,false,251
2021-12-01,18.565288543701172,19.239667892456055,2021-11-16,13.834710121154785,2020-12-10,false,false,251
2021-12-02,18.565288543701172,19.239667892456055,2021-11-16,13.834710121154785,2020-12-10,false,false,251
2021-12-03,18.595041275024414,19.239667892456055,2021-11-16,13.834710121154785,2020-12-10,false,false,251
2021-12-06,18.61487579345703,19.239667892456055,2021-11-16,13.834710121154785,2020-12-10,false,false,251
2021-12-07,18.942148208618164,19.239667892456055,2021-11-16,13.834710121154785,2020-12-10,false,false,251
2021-12-08,19.190082550048828,19.239667892456055,2021-11-16,13.834710121154785,2020-12-10,false,false,251
2021-12-09,19.8347110748291,19.8347110748291,2021-12-09,13.834710121154785,2020-12-10,true,false,251
2021-12-10,19.735536575317383,19.8347110748291,2021-12-09,13.834710121154785,2020-12-10,false,false,251
2021-12-13,19.338842391967773,19.8347110748291,2021-12-09,13.874380111694336,2020-12-16,false,false,251
2021-12-14,19.338842391967773,19.8347110748291,2021-12-09,13.874380111694336,2020-12-16,false,false,251
2021-12-15,19.338842391967773,19.8347110748291,2021-12-09,13.874380111694336,2020-12-16,false,false,251
2021-12-16,19.388427734375,19.8347110748291,2021-12-09,13.874380111694336,2020-12-16,false,false,251
2021-12-17,19.388427734375,19.8347110748291,2021-12-09,13.884297370910645,2020-12-22,false,false,251
2021-12-20,19.294214248657227,19.8347110748291,2021-12-09,13.884297370910645,2020-12-22,false,false,251
2021-12-21,19.438016891479492,19.8347110748291,2021-12-09,13.884297370910645,2020-12-22,false,false,251
2021-12-22,19.388427734375,19.8347110748291,2021-12-09,13.884297370910645,2020-12-22,false,false,251
2021-12-23,19.388427734375,19.8347110748291,2021-12-09,13.904132843017578,2021-01-05,false,false,251
2021-12-27,19.338842391967773,19.8347110748291,2021-12-09,13.904132843017578,2021-01-05,false,false,251
2021-12-28,19.636362075805664,19.8347110748291,2021-12-09,13.904132843017578,2021-01-05,false,false,251
2021-12-29,19.735536575317383,19.8347110748291,2021-12-09,13.904132843017578,2021-01-05,false,false,251
2021-12-30,19.735536575317383,19.8347110748291,2021-12-09,13.904132843017578,2021-01-05,false,false,251
2021-12-31,19.735536575317383,19.8347110748291,2021-12-09,13.904132843017578,2021-01-05,false,false,251
2022-01-03,19.8347110748291,19.8347110748291,2022-01-03,13.904132843017578,2021-01-05,true,false,252
2022-01-04,19.8347110748291,19.8347110748291,2022-01-04,13.904132843017578,2021-01-05,true,false,252
2022-01-05,19.785123825073242,19.8347110748291,2022-01-04,13.904132843017578,2021-01-05,false,false,252
2022-01-06,19.785123825073242,19.8347110748291,2022-01-04,14.132230758666992,2021-01-07,false,false,252
2022-01-07,19.933883666992188,19.933883666992188,2022-01-07,14.132230758666992,2021-01-07,true,false,252
2022-01-10,19.933883666992188,19.933883666992188,2022-01-10,14.181818008422852,2021-01-13,true,false,252
2022-01-11,20.033058166503906,20.033058166503906,2022-01-11,14.181818008422852,2021-01-13,true,false,252
2022-01-12,20.033058166503906,20.033058166503906,2022-01-12,14.181818008422852,2021-01-13,true,false,252
2022-01-13,20.429752349853516,20.429752349853516,2022-01-13,14.181818008422852,2021-01-13,true,false,252
2022-01-14,20.429752349853516,20.429752349853516,2022-01-14,14.300826072692871,2021-01-15,true,false,252
2022-01-18,20.429752349853516,20.429752349853516,2022-01-18,14.300826072692871,2021-01-15,true,false,252
2022-01-19,21.074378967285156,21.074378967285156,2022-01-19,15.768594741821289,2021-02-08,true,false,252
2022-01-20,21.81818199157715,21.81818199157715,2022-01-20,15.768594741821289,2021-02-08,true,false,252
2022-01-21,21.81818199157715,21.81818199157715,2022-01-21,15.768594741821289,2021-02-08,true,false,252
2022-01-24,21.32231330871582,21.81818199157715,2022-01-21,15.768594741821289,2021-02-08,false,false,252
2022-01-25,21.32231330871582,21.81818199157715,2022-01-21,15.768594741821289,2021-02-08,false,false,252
2022-01-26,21.32231330871582,21.81818199157715,2022-01-21,15.768594741821289,2021-02-08,false,false,252
2022-01-27,21.32231330871582,21.81818199157715,2022-01-21,15.768594741821289,2021-02-08,false,false,252
2022-01-28,21.312397003173828,21.81818199157715,2022-01-21,15.768594741821289,2021-02-08,false,false,252
2022-01-31,21.26280975341797,21.81818199157715,2022-01-21,15.768594741821289,2021-02-08,false,false,252
2022-02-01,21.26280975341797,21.81818199157715,2022-01-21,15.768594741821289,2021-02-08,false,false,252
2022-02-02,21.02479362487793,21.81818199157715,2022-01-21,15.768594741821289,2021-02-08,false,false,252
2022-02-03,21.02479362487793,21.81818199157715,2022-01-21,15.768594741821289,2021-02-08,false,false,252
2022-02-04,20.826446533203125,21.81818199157715,2022-01-21,15.768594741821289,2021-02-08,false,false,252
2022-02-07,21.272727966308594,21.81818199157715,2022-01-21,15.768594741821289,2021-02-08,false,false,252
2022-02-08,21.272727966308594,21.81818199157715,2022-01-21,15.768594741821289,2021-02-08,false,false,252
2022-02-09,21.272727966308594,21.81818199157715,2022-01-21,15.867768287658691,2021-02-19,false,false,252
2022-02-10,21.2231388092041,21.81818199157715,2022-01-21,15.867768287658691,2021-02-19,false,false,252
2022-02-11,21.32231330871582,21.81818199157715,2022-01-21,15.867768287658691,2021-02-19,false,false,252
2022-02-14,21.32231330871582,21.81818199157715,2022-01-21,15.867768287658691,2021-02-19,false,false,252
2022-02-15,21.32231330871582,21.81818199157715,2022-01-21,15.867768287658691,2021-02-19,false,false,253
2022-02-16,21.42148780822754,21.81818199157715,2022-01-21,15.867768287658691,2021-02-19,false,false,253
2022-02-17,21.42148780822754,21.81818199157715,2022-01-21,15.867768287658691,2021-02-19,false,false,253
2022-02-18,21.42148780822754,21.81818199157715,2022-01-21,15.867768287658691,2021-02-19,false,false,253
2022-02-22,21.2231388092041,21.81818199157715,2022-01-21,15.867768287658691,2021-02-19,false,false,252
2022-02-23,21.32231330871582,21.81818199157715,2022-01-21,16.11570167541504,2021-02-26,false,false,252
2022-02-24,21.32231330871582,21.81818199157715,2022-01-21,16.11570167541504,2021-02-26,false,false,252
2022-02-25,21.32231330871582,21.81818199157715,2022-01-21,16.11570167541504,2021-02-26,false,false,252
2022-02-28,21.32231330871582,21.81818199157715,2022-01-21,16.11570167541504,2021-02-26,false,false,252
2022-03-01,21.32231330871582,21.81818199157715,2022-01-21,16.363636016845703,2021-03-03,false,false,252
2022-03-02,21.42148780822754,21.81818199157715,2022-01-21,16.363636016845703,2021-03-03,false,false,252
2022-03-03,21.71900749206543,21.81818199157715,2022-01-21,16.363636016845703,2021-03-03,false,false,252
2022-03-04,21.917354583740234,21.917354583740234,2022-03-04,16.561983108520508,2021-03-29,true,false,252
2022-03-07,21.917354583740234,21.917354583740234,2022-03-07,16.561983108520508,2021-03-29,true,false,252
2022-03-08,21.840991973876953,21.917354583740234,2022-03-07,16.561983108520508,2021-03-29,false,false,252
2022-03-09,22.06611442565918,22.06611442565918,2022-03-09,16.561983108520508,2021-03-29,true,false,252
2022-03-10,22.214876174926758,22.214876174926758,2022-03-10,16.561983108520508,2021-03-29,true,false,252
2022-03-11,22.214876174926758,22.214876174926758,2022-03-11,16.561983108520508,2021-03-29,true,false,252
2022-03-14,22.214876174926758,22.214876174926758,2022-03-14,16.561983108520508,2021-03-29,true,false,252
2022-03-15,22.14049530029297,22.214876174926758,2022-03-14,16.561983108520508,2021-03-29,false,false,252
2022-03-16,22.214876174926758,22.214876174926758,2022-03-16,16.561983108520508,2021-03-29,true,false,252
2022-03-17,21.966941833496094,22.214876174926758,2022-03-16,16.561983108520508,2021-03-29,false,false,252
2022-03-18,21.917354583740234,22.214876174926758,2022-03-16,16.561983108520508,2021-03-29,false,false,252
2022-03-21,21.81818199157715,22.214876174926758,2022-03-16,16.561983108520508,2021-03-29,false,false,252
2022-03-22,21.966941833496094,22.214876174926758,2022-03-16,16.561983108520508,2021-03-29,false,false,252
2022-03-23,22.214876174926758,22.214876174926758,2022-03-23,16.561983108520508,2021-03-29,true,false,252
2022-03-24,21.966941833496094,22.214876174926758,2022-03-23,16.561983108520508,2021-03-29,false,false,252
2022-03-25,22.016529083251953,22.214876174926758,2022-03-23,16.561983108520508,2021-03-29,false,false,252
2022-03-28,21.942148208618164,22.214876174926758,2022-03-23,16.561983108520508,2021-03-29,false,false,252
2022-03-29,21.917354583740234,22.214876174926758,2022-03-23,16.561983108520508,2021-03-29,false,false,252
2022-03-30,21.867767333984375,22.214876174926758,2022-03-23,16.611570358276367,2021-04-09,false,false,252
2022-03-31,21.71900749206543,22.214876174926758,2022-03-23,16.611570358276367,2021-04-09,false,false,252
2022-04-01,21.71900749206543,22.214876174926758,2022-03-23,16.611570358276367,2021-04-09,false,false,252
2022-04-04,21.71900749206543,22.214876174926758,2022-03-23,16.611570358276367,2021-04-09,false,false,253
2022-04-05,21.81818199157715,22.214876174926758,2022-03-23,16.611570358276367,2021-04-09,false,false,253
2022-04-06,21.81818199157715,22.214876174926758,2022-03-23,16.611570358276367,2021-04-09,false,false,253
2022-04-07,21.81818199157715,22.214876174926758,2022-03-23,16.611570358276367,2021-04-09,false,false,253
2022-04-08,21.74380111694336,22.214876174926758,2022-03-23,16.611570358276367,2021-04-09,false,false,253
2022-04-11,21.669422149658203,22.214876174926758,2022-03-23,16.611570358276367,2021-04-09,false,false,253
2022-04-12,21.61983299255371,22.214876174926758,2022-03-23,16.661155700683594,2021-04-16,false,false,253
2022-04-13,21.71900749206543,22.214876174926758,2022-03-23,16.661155700683594,2021-04-16,false,false,253
2022-04-14,21.71900749206543,22.214876174926758,2022-03-23,16.661155700683594,2021-04-16,false,false,253
2022-04-18,21.71900749206543,22.214876174926758,2022-03-23,16.661155700683594,2021-04-16,false,false,252
2022-04-19,21.917354583740234,22.214876174926758,2022-03-23,16.85950469970703,2021-04-20,false,false,252
2022-04-20,22.016529083251953,22.214876174926758,2022-03-23,16.85950469970703,2021-04-20,false,false,252
2022-04-21,22.11570167541504,22.214876174926758,2022-03-23,17.355371475219727,2021-05-05,false,false,252
2022-04-22,21.81818199157715,22.214876174926758,2022-03-23,17.355371475219727,2021-05-05,false,false,252
2022-04-25,21.71900749206543,22.214876174926758,2022-03-23,17.355371475219727,2021-05-05,false,false,252
2022-04-26,21.71900749206543,22.214876174926758,2022-03-23,17.355371475219727,2021-05-05,false,false,252
2022-04-27,22.26148796081543,22.26148796081543,2022-04-27,17.355371475219727,2021-05-05,true,false,252
2022-04-28,22.502479553222656,22.502479553222656,2022-04-28,17.355371475219727,2021-05-05,true,false,252
2022-04-29,22.799999237060547,22.799999237060547,2022-04-29,17.355371475219727,2021-05-05,true,false,252
2022-05-02,24.29751968383789,24.29751968383789,2022-05-02,17.355371475219727,2021-05-05,true,false,252
2022-05-03,23.603303909301758,24.29751968383789,2022-05-02,17.355371475219727,2021-05-05,false,false,252
2022-05-04,24,24.29751968383789,2022-05-02,17.355371475219727,2021-05-05,false,false,252
2022-05-05,23.633056640625,24.29751968383789,2022-05-02,17.355371475219727,2021-05-05,false,false,252
2022-05-06,24,24.29751968383789,2022-05-02,17.454545974731445,2021-06-01,false,false,252
2022-05-09,24.229999542236328,24.29751968383789,2022-05-02,17.454545974731445,2021-06-01,false,false,252
2022-05-10,24.389999389648438,24.389999389648438,2022-05-10,17.454545974731445,2021-06-01,true,false,252
2022-05-11,24.360000610351562,24.389999389648438,2022-05-10,17.454545974731445,2021-06-01,false,false,252
2022-05-12,24.399999618530273,24.399999618530273,2022-05-12,17.454545974731445,2021-06-01,true,false,252
2022-05-13,25.309999465942383,25.309999465942383,2022-05-13,17.454545974731445,2021-06-01,true,false,252
2022-05-16,25.510000228881836,25.510000228881836,2022-05-16,17.454545974731445,2021-06-01,true,false,252
2022-05-17,27.399999618530273,27.399999618530273,2022-05-17,17.454545974731445,2021-06-01,true,false,252
2022-05-18,27.5,27.5,2022-05-18,17.454545974731445,2021-06-01,true,false,252
2022-05-19,27.440000534057617,27.5,2022-05-18,17.454545974731445,2021-06-01,false,false,252
2022-05-20,27.200000762939453,27.5,2022-05-18,17.454545974731445,2021-06-01,false,false,252
2022-05-23,27.479999542236328,27.5,2022-05-18,17.454545974731445,2021-06-01,false,false,252
2022-05-24,27.56999969482422,27.56999969482422,2022-05-24,17.454545974731445,2021-06-01,true,false,252
2022-05-25,27.34000015258789,27.56999969482422,2022-05-24,17.454545974731445,2021-06-01,false,false,252
2022-05-26,27.59000015258789,27.59000015258789,2022-05-26,17.454545974731445,2021-06-01,true,false,252
2022-05-27,27.8700008392334,27.8700008392334,2022-05-27,17.454545974731445,2021-06-01,true,false,252
2022-05-31,27.670000076293945,27.8700008392334,2022-05-27,17.454545974731445,2021-06-01,false,false,252
2022-06-01,27.6299991607666,27.8700008392334,2022-05-27,17.454545974731445,2021-06-01,false,false,252
2022-06-02,27.600000381469727,27.8700008392334,2022-05-27,17.504131317138672,2021-08-04,false,false,252
2022-06-03,27.5,27.8700008392334,2022-05-27,17.504131317138672,2021-08-04,false,false,252
2022-06-06,28.520000457763672,28.520000457763672,2022-06-06,17.504131317138672,2021-08-04,true,false,252
2022-06-07,27.260000228881836,28.520000457763672,2022-06-06,17.504131317138672,2021-08-04,false,false,252
2022-06-08,28,28.520000457763672,2022-06-06,17.504131317138672,2021-08-04,false,false,252
2022-06-09,27.59000015258789,28.520000457763672,2022-06-06,17.504131317138672,2021-08-04,false,false,252
2022-06-10,27.93000030517578,28.520000457763672,2022-06-06,17.504131317138672,2021-08-04,false,false,252
2022-06-13,27.440000534057617,28.520000457763672,2022-06-06,17.504131317138672,2021-08-04,false,false,252
2022-06-14,27.610000610351562,28.520000457763672,2022-06-06,17.504131317138672,2021-08-04,false,false,252
2022-06-15,28.350000381469727,28.520000457763672,2022-06-06,17.504131317138672,2021-08-04,false,false,252
2022-06-16,29.360000610351562,29.360000610351562,2022-06-16,17.504131317138672,2021-08-04,true,false,252
2022-06-17,29.079999923706055,29.360000610351562,2022-06-16,17.504131317138672,2021-08-04,false,false,252
2022-06-21,27.079999923706055,29.360000610351562,2022-06-16,17.504131317138672,2021-08-04,false,false,251
2022-06-22,25.489999771118164,29.360000610351562,2022-06-16,17.504131317138672,2021-08-04,false,false,251
2022-06-23,25.68000030517578,29.360000610351562,2022-06-16,17.504131317138672,2021-08-04,false,false,251
2022-06-24,24.5,29.360000610351562,2022-06-16,17.504131317138672,2021-08-04,false,false,251
2022-06-27,22.56999969482422,29.360000610351562,2022-06-16,17.504131317138672,2021-08-04,false,false,251
2022-06-28,22.299999237060547,29.360000610351562,2022-06-16,17.504131317138672,2021-08-04,false,false,251
2022-06-29,22.31999969482422,29.360000610351562,2022-06-16,17.504131317138672,2021-08-04,false,false,251
2022-06-30,22.540000915527344,29.360000610351562,2022-06-16,17.504131317138672,2021-08-04,false,false,251
2022-07-01,22.190000534057617,29.360000610351562,2022-06-16,17.504131317138672,2021-08-04,false,false,251
2022-07-05,23.3700008392334,29.360000610351562,2022-06-16,17.504131317138672,2021-08-04,false,false,251
2022-07-06,23.549999237060547,29.360000610351562,2022-06-16,17.504131317138672,2021-08-04,false,false,251
2022-07-07,23.8799991607666,29.360000610351562,2022-06-16,17.504131317138672,2021-08-04,false,false,251
2022-07-08,23.719999313354492,29.360000610351562,2022-06-16,17.504131317138672,2021-08-04,false,false,251
2022-07-11,23.360000610351562,29.360000610351562,2022-06-16,17.504131317138672,2021-08-04,false,false,251
2022-07-12,23.6200008392334,29.360000610351562,2022-06-16,17.504131317138672,2021-08-04,false,false,251
2022-07-13,22.579999923706055,29.360000610351562,2022-06-16,17.504131317138672,2021-08-04,false,false,251
2022-07-14,22.3700008392334,29.360000610351562,2022-06-16,17.504131317138672,2021-08-04,false,false,251
2022-07-15,22.959999084472656,29.360000610351562,2022-06-16,17.504131317138672,2021-08-04,false,false,251
2022-07-18,23.329999923706055,29.360000610351562,2022-06-16,17.504131317138672,2021-08-04,false,false,251
2022-07-19,24.200000762939453,29.360000610351562,2022-06-16,17.504131317138672,2021-08-04,false,false,251
2022-07-20,24.6299991607666,29.360000610351562,2022-06-16,17.504131317138672,2021-08-04,false,false,251
2022-07-21,24.969999313354492,29.360000610351562,2022-06-16,17.504131317138672,2021-08-04,false,false,251
2022-07-22,24.260000228881836,29.360000610351562,2022-06-16,17.504131317138672,2021-08-04,false,false,251
2022-07-25,24.989999771118164,29.360000610351562,2022-06-16,17.504131317138672,2021-08-04,false,false,251
2022-07-26,26.239999771118164,29.360000610351562,2022-06-16,17.504131317138672,2021-08-04,false,false,251
2022-07-27,26.290000915527344,29.360000610351562,2022-06-16,17.504131317138672,2021-08-04,false,false,251
2022-07-28,26.469999313354492,29.360000610351562,2022-06-16,17.504131317138672,2021-08-04,false,false,251
2022-07-29,26.06999969482422,29.360000610351562,2022-06-16,17.504131317138672,2021-08-04,false,false,251
2022-08-01,26.3799991607666,29.360000610351562,2022-06-16,17.504131317138672,2021-08-04,false,false,251
2022-08-02,26.579999923706055,29.360000610351562,2022-06-16,17.504131317138672,2021-08-04,false,false,251
2022-08-03,26.950000762939453,29.360000610351562,2022-06-16,17.504131317138672,2021-08-04,false,false,251
2022-08-04,26.950000762939453,29.360000610351562,2022-06-16,17.504131317138672,2021-08-04,false,false,251
2022-08-05,27.450000762939453,29.360000610351562,2022-06-16,17.55371856689453,2021-08-10,false,false,251
2022-08-08,27.360000610351562,29.360000610351562,2022-06-16,17.55371856689453,2021-08-10,false,false,251
2022-08-09,27.34000015258789,29.360000610351562,2022-06-16,17.55371856689453,2021-08-10,false,false,251
2022-08-10,27.149999618530273,29.360000610351562,2022-06-16,17.55371856689453,2021-08-10,false,false,251
2022-08-11,27.219999313354492,29.360000610351562,2022-06-16,17.70248031616211,2021-09-27,false,false,251
2022-08-12,27.420000076293945,29.360000610351562,2022-06-16,17.70248031616211,2021-09-27,false,false,251
2022-08-15,27.479999542236328,29.360000610351562,2022-06-16,17.70248031616211,2021-09-27,false,false,251
2022-08-16,27.770000457763672,29.360000610351562,2022-06-16,17.70248031616211,2021-09-27,false,false,251
2022-08-17,27.799999237060547,29.360000610351562,2022-06-16,17.70248031616211,2021-09-27,false,false,251
2022-08-18,27.989999771118164,29.360000610351562,2022-06-16,17.70248031616211,2021-09-27,false,false,251
2022-08-19,27.799999237060547,29.360000610351562,2022-06-16,17.70248031616211,2021-09-27,false,false,251
2022-08-22,26.329999923706055,29.360000610351562,2022-06-16,17.70248031616211,2021-09-27,false,false,251
2022-08-23,27.18000030517578,29.360000610351562,2022-06-16,17.70248031616211,2021-09-27,false,false,251
2022-08-24,26.520000457763672,29.360000610351562,2022-06-16,17.70248031616211,2021-09-27,false,false,251
2022-08-25,27.030000686645508,29.360000610351562,2022-06-16,17.70248031616211,2021-09-27,false,false,251
2022-08-26,25.8700008392334,29.360000610351562,2022-06-16,17.70248031616211,2021-09-27,false,false,251
2022-08-29,25.1200008392334,29.360000610351562,2022-06-16,17.70248031616211,2021-09-27,false,false,251
2022-08-30,25.389999389648438,29.360000610351562,2022-06-16,17.70248031616211,2021-09-27,false,false,251
2022-08-31,25.209999084472656,29.360000610351562,2022-06-16,17.70248031616211,2021-09-27,false,false,251
2022-09-01,25.719999313354492,29.360000610351562,2022-06-16,17.70248031616211,2021-09-27,false,false,251
2022-09-02,25.450000762939453,29.360000610351562,2022-06-16,17.70248031616211,2021-09-27,false,false,251
2022-09-06,24.790000915527344,29.360000610351562,2022-06-16,17.70248031616211,2021-09-27,false,false,251
2022-09-07,24.479999542236328,29.360000610351562,2022-06-16,17.70248031616211,2021-09-27,false,false,251
2022-09-08,24.18000030517578,29.360000610351562,2022-06-16,17.70248031616211,2021-09-27,false,false,251
2022-09-09,24.549999237060547,29.360000610351562,2022-06-16,17.70248031616211,2021-09-27,false,false,251
2022-09-12,24.34000015258789,29.360000610351562,2022-06-16,17.70248031616211,2021-09-27,false,false,251
2022-09-13,23.540000915527344,29.360000610351562,2022-06-16,17.70248031616211,2021-09-27,false,false,251
2022-09-14,23.690000534057617,29.360000610351562,2022-06-16,17.70248031616211,2021-09-27,false,false,251
2022-09-15,23.760000228881836,29.360000610351562,2022-06-16,17.70248031616211,2021-09-27,false,false,251
2022-09-16,23.780000686645508,29.360000610351562,2022-06-16,17.70248031616211,2021-09-27,false,false,251
2022-09-19,24.600000381469727,29.360000610351562,2022-06-16,17.70248031616211,2021-09-27,false,false,251
2022-09-20,26.1299991607666,29.360000610351562,2022-06-16,17.70248031616211,2021-09-27,false,false,251
2022-09-21,25.399999618530273,29.360000610351562,2022-06-16,17.70248031616211,2021-09-27,false,false,251
2022-09-22,25.049999237060547,29.360000610351562,2022-06-16,17.70248031616211,2021-09-27,false,false,251
2022-09-23,25.079999923706055,29.360000610351562,2022-06-16,17.70248031616211,2021-09-27,false,false,251
2022-09-26,25.989999771118164,29.360000610351562,2022-06-16,17.70248031616211,2021-09-27,false,false,251
2022-09-27,25.15999984741211,29.360000610351562,2022-06-16,17.70248031616211,2021-09-27,false,false,251
2022-09-28,25.040000915527344,29.360000610351562,2022-06-16,18,2021-10-18,false,false,251
2022-09-29,25.09000015258789,29.360000610351562,2022-06-16,18,2021-10-18,false,false,251
2022-09-30,24.559999465942383,29.360000610351562,2022-06-16,18,2021-10-18,false,false,251
2022-10-03,25.350000381469727,29.360000610351562,2022-06-16,18,2021-10-18,false,false,251
2022-10-04,25.450000762939453,29.360000610351562,2022-06-16,18,2021-10-18,false,false,251
2022-10-05,24.8700008392334,29.360000610351562,2022-06-16,18,2021-10-18,false,false,251
2022-10-06,25.170000076293945,29.360000610351562,2022-06-16,18,2021-10-18,false,false,251
2022-10-07,25.389999389648438,29.360000610351562,2022-06-16,18,2021-10-18,false,false,251
2022-10-10,25.1299991607666,29.360000610351562,2022-06-16,18,2021-10-18,false,false,251
2022-10-11,25.299999237060547,29.360000610351562,2022-06-16,18,2021-10-18,false,false,251
2022-10-12,25.219999313354492,29.360000610351562,2022-06-16,18,2021-10-18,false,false,251
2022-10-13,26.09000015258789,29.360000610351562,2022-06-16,18,2021-10-18,false,false,251
2022-10-14,25.770000457763672,29.360000610351562,2022-06-16,18,2021-10-18,false,false,251
2022-10-17,26.6299991607666,29.360000610351562,2022-06-16,18,2021-10-18,false,false,251
2022-10-18,27.5,29.360000610351562,2022-06-16,18,2021-10-18,false,false,251
2022-10-19,27.420000076293945,29.360000610351562,2022-06-16,18.24793243408203,2021-10-20,false,false,251
2022-10-20,27.030000686645508,29.360000610351562,2022-06-16,18.24793243408203,2021-10-20,false,false,251
2022-10-21,27.600000381469727,29.360000610351562,2022-06-16,18.34710693359375,2021-10-26,false,false,251
2022-10-24,27.889999389648438,29.360000610351562,2022-06-16,18.34710693359375,2021-10-26,false,false,251
2022-10-25,28,29.360000610351562,2022-06-16,18.34710693359375,2021-10-26,false,false,251
2022-10-26,27.8700008392334,29.360000610351562,2022-06-16,18.34710693359375,2021-10-26,false,false,251
2022-10-27,28.18000030517578,29.360000610351562,2022-06-16,18.45619773864746,2021-11-30,false,false,251
2022-10-28,29,29.360000610351562,2022-06-16,18.45619773864746,2021-11-30,false,false,251
2022-10-31,28.799999237060547,29.360000610351562,2022-06-16,18.45619773864746,2021-11-30,false,false,251
2022-11-01,29.649999618530273,29.649999618530273,2022-11-01,18.45619773864746,2021-11-30,true,false,251
2022-11-02,28.040000915527344,29.649999618530273,2022-11-01,18.45619773864746,2021-11-30,false,false,251
2022-11-03,28.239999771118164,29.649999618530273,2022-11-01,18.45619773864746,2021-11-30,false,false,251
2022-11-04,29.15999984741211,29.649999618530273,2022-11-01,18.45619773864746,2021-11-30,false,false,251
2022-11-07,28.079999923706055,29.649999618530273,2022-11-01,18.45619773864746,2021-11-30,false,false,251
2022-11-08,28.350000381469727,29.649999618530273,2022-11-01,18.45619773864746,2021-11-30,false,false,251
2022-11-09,27.610000610351562,29.649999618530273,2022-11-01,18.45619773864746,2021-11-30,false,false,251
2022-11-10,28.920000076293945,29.649999618530273,2022-11-01,18.45619773864746,2021-11-30,false,false,251
2022-11-11,27.989999771118164,29.649999618530273,2022-11-01,18.45619773864746,2021-11-30,false,false,251
2022-11-14,29.149999618530273,29.649999618530273,2022-11-01,18.45619773864746,2021-11-30,false,false,251
2022-11-15,28.149999618530273,29.649999618530273,2022-11-01,18.45619773864746,2021-11-30,false,false,251
2022-11-16,28.489999771118164,29.649999618530273,2022-11-01,18.45619773864746,2021-11-30,false,false,251
2022-11-17,28.729999542236328,29.649999618530273,2022-11-01,18.45619773864746,2021-11-30,false,false,251
2022-11-18,28.43000030517578,29.649999618530273,2022-11-01,18.45619773864746,2021-11-30,false,false,251
2022-11-21,28.8700008392334,29.649999618530273,2022-11-01,18.45619773864746,2021-11-30,false,false,251
2022-11-22,28.809999465942383,29.649999618530273,2022-11-01,18.45619773864746,2021-11-30,false,false,251
2022-11-23,28.760000228881836,29.649999618530273,2022-11-01,18.45619773864746,2021-11-30,false,false,251
2022-11-25,28.690000534057617,29.649999618530273,2022-11-01,18.45619773864746,2021-11-30,false,false,251
2022-11-28,28.440000534057617,29.649999618530273,2022-11-01,18.45619773864746,2021-11-30,false,false,251
2022-11-29,28.479999542236328,29.649999618530273,2022-11-01,18.45619773864746,2021-11-30,false,false,251
2022-11-30,28.959999084472656,29.649999618530273,2022-11-01,18.45619773864746,2021-11-30,false,false,251
