date,close_value,highest_52_weeks_value,highest_date,lowest_52_weeks_value,lowest_date,is_high52,is_low52,business_days
2011-12-15,362,362,2011-12-15,362,2011-12-15,true,true,0
2011-12-16,376,376,2011-12-16,362,2011-12-15,true,false,1
2011-12-19,365,376,2011-12-16,362,2011-12-15,false,false,2
2011-12-20,379,379,2011-12-20,362,2011-12-15,true,false,3
2011-12-21,396.6000061035156,396.6000061035156,2011-12-21,362,2011-12-15,true,false,4
2011-12-22,391.20001220703125,396.6000061035156,2011-12-21,362,2011-12-15,false,false,5
2011-12-23,393.3999938964844,396.6000061035156,2011-12-21,362,2011-12-15,false,false,6
2011-12-27,404,404,2011-12-27,362,2011-12-15,true,false,7
2011-12-28,414.6000061035156,414.6000061035156,2011-12-28,362,2011-12-15,true,false,8
2011-12-29,419.79998779296875,419.79998779296875,2011-12-29,362,2011-12-15,true,false,9
2011-12-30,446,446,2011-12-30,362,2011-12-15,true,false,10
2012-01-03,444.3999938964844,446,2011-12-30,362,2011-12-15,false,false,11
2012-01-04,443,446,2011-12-30,362,2011-12-15,false,false,12
2012-01-05,434,446,2011-12-30,362,2011-12-15,false,false,13
2012-01-06,434.6000061035156,446,2011-12-30,362,2011-12-15,false,false,14
2012-01-09,424.3999938964844,446,2011-12-30,362,2011-12-15,false,false,15
2012-01-10,423.79998779296875,446,2011-12-30,362,2011-12-15,false,false,16
2012-01-11,421.79998779296875,446,2011-12-30,362,2011-12-15,false,false,17
2012-01-12,416.79998779296875,446,2011-12-30,362,2011-12-15,false,false,18
2012-01-13,418.20001220703125,446,2011-12-30,362,2011-12-15,false,false,19
2012-01-17,424,446,2011-12-30,362,2011-12-15,false,false,20
2012-01-18,419.79998779296875,446,2011-12-30,362,2011-12-15,false,false,21
2012-01-19,422.79998779296875,446,2011-12-30,362,2011-12-15,false,false,22
2012-01-20,422.3999938964844,446,2011-12-30,362,2011-12-15,false,false,23
2012-01-23,445.3999938964844,446,2011-12-30,362,2011-12-15,false,false,24
2012-01-24,432.79998779296875,446,2011-12-30,362,2011-12-15,false,false,25
2012-01-25,440.6000061035156,446,2011-12-30,362,2011-12-15,false,false,26
2012-01-26,439.3999938964844,446,2011-12-30,362,2011-12-15,false,false,27
2012-01-27,442,446,2011-12-30,362,2011-12-15,false,false,28
2012-01-30,444.3999938964844,446,2011-12-30,362,2011-12-15,false,false,29
2012-01-31,443.20001220703125,446,2011-12-30,362,2011-12-15,false,false,30
2012-02-01,448.20001220703125,448.20001220703125,2012-02-01,362,2011-12-15,true,false,31
2012-02-02,468.3999938964844,468.3999938964844,2012-02-02,362,2011-12-15,true,false,32
2012-02-03,482.20001220703125,482.20001220703125,2012-02-03,362,2011-12-15,true,false,33
2012-02-06,490.6000061035156,490.6000061035156,2012-02-06,362,2011-12-15,true,false,34
2012-02-07,491.79998779296875,491.79998779296875,2012-02-07,362,2011-12-15,true,false,35
2012-02-08,491.6000061035156,491.79998779296875,2012-02-07,362,2011-12-15,false,false,36
2012-02-09,488.79998779296875,491.79998779296875,2012-02-07,362,2011-12-15,false,false,37
2012-02-10,504,504,2012-02-10,362,2011-12-15,true,false,38
2012-02-13,523.5999755859375,523.5999755859375,2012-02-13,362,2011-12-15,true,false,39
2012-02-14,524,524,2012-02-14,362,2011-12-15,true,false,40
2012-02-15,525.2000122070312,525.2000122070312,2012-02-15,362,2011-12-15,true,false,41
2012-02-16,532,532,2012-02-16,362,2011-12-15,true,false,42
2012-02-17,513.2000122070312,532,2012-02-16,362,2011-12-15,false,false,43
2012-02-21,528.5999755859375,532,2012-02-16,362,2011-12-15,false,false,44
2012-02-22,506.79998779296875,532,2012-02-16,362,2011-12-15,false,false,45
2012-02-23,514.2000122070312,532,2012-02-16,362,2011-12-15,false,false,46
2012-02-24,531.5999755859375,532,2012-02-16,362,2011-12-15,false,false,47
2012-02-27,536,536,2012-02-27,362,2011-12-15,true,false,48
2012-02-28,514.5999755859375,536,2012-02-27,362,2011-12-15,false,false,49
2012-02-29,507.3999938964844,536,2012-02-27,362,2011-12-15,false,false,50
2012-03-01,503.20001220703125,536,2012-02-27,362,2011-12-15,false,false,51
2012-03-02,503.79998779296875,536,2012-02-27,362,2011-12-15,false,false,52
2012-03-05,485.3999938964844,536,2012-02-27,362,2011-12-15,false,false,53
2012-03-06,459.6000061035156,536,2012-02-27,362,2011-12-15,false,false,54
2012-03-07,461.20001220703125,536,2012-02-27,362,2011-12-15,false,false,55
2012-03-08,463.3999938964844,536,2012-02-27,362,2011-12-15,false,false,56
2012-03-09,479.3999938964844,536,2012-02-27,362,2011-12-15,false,false,57
2012-03-12,472,536,2012-02-27,362,2011-12-15,false,false,58
2012-03-13,474,536,2012-02-27,362,2011-12-15,false,false,59
2012-03-14,483.3999938964844,536,2012-02-27,362,2011-12-15,false,false,60
2012-03-15,496.3999938964844,536,2012-02-27,362,2011-12-15,false,false,61
2012-03-16,502.79998779296875,536,2012-02-27,362,2011-12-15,false,false,62
2012-03-19,513.4000244140625,536,2012-02-27,362,2011-12-15,false,false,63
2012-03-20,508.6000061035156,536,2012-02-27,362,2011-12-15,false,false,64
2012-03-21,491.3999938964844,536,2012-02-27,362,2011-12-15,false,false,65
2012-03-22,479.3999938964844,536,2012-02-27,362,2011-12-15,false,false,66
2012-03-23,505,536,2012-02-27,362,2011-12-15,false,false,67
2012-03-26,481.79998779296875,536,2012-02-27,362,2011-12-15,false,false,68
2012-03-27,455.3999938964844,536,2012-02-27,362,2011-12-15,false,false,69
2012-03-28,442.20001220703125,536,2012-02-27,362,2011-12-15,false,false,70
2012-03-29,444.79998779296875,536,2012-02-27,362,2011-12-15,false,false,71
2012-03-30,468.79998779296875,536,2012-02-27,362,2011-12-15,false,false,72
2012-04-02,478.3999938964844,536,2012-02-27,362,2011-12-15,false,false,73
2012-04-03,496.20001220703125,536,2012-02-27,362,2011-12-15,false,false,74
2012-04-04,489.79998779296875,536,2012-02-27,362,2011-12-15,false,false,75
2012-04-05,488.3999938964844,536,2012-02-27,362,2011-12-15,false,false,76
2012-04-09,479.20001220703125,536,2012-02-27,362,2011-12-15,false,false,77
2012-04-10,475.6000061035156,536,2012-02-27,362,2011-12-15,false,false,78
2012-04-11,475.6000061035156,536,2012-02-27,362,2011-12-15,false,false,79
2012-04-12,479.20001220703125,536,2012-02-27,362,2011-12-15,false,false,80
2012-04-13,474,536,2012-02-27,362,2011-12-15,false,false,81
2012-04-16,475,536,2012-02-27,362,2011-12-15,false,false,82
2012-04-17,506.79998779296875,536,2012-02-27,362,2011-12-15,false,false,83
2012-04-18,494.20001220703125,536,2012-02-27,362,2011-12-15,false,false,84
2012-04-19,495.79998779296875,536,2012-02-27,362,2011-12-15,false,false,85
2012-04-20,505.3999938964844,536,2012-02-27,362,2011-12-15,false,false,86
2012-04-23,487.20001220703125,536,2012-02-27,362,2011-12-15,false,false,87
2012-04-24,488,536,2012-02-27,362,2011-12-15,false,false,88
2012-04-25,504.6000061035156,536,2012-02-27,362,2011-12-15,false,false,89
2012-04-26,512.7999877929688,536,2012-02-27,362,2011-12-15,false,false,90
2012-04-27,511.3999938964844,536,2012-02-27,362,2011-12-15,false,false,91
2012-04-30,528.4000244140625,536,2012-02-27,362,2011-12-15,false,false,92
2012-05-01,532.5999755859375,536,2012-02-27,362,2011-12-15,false,false,93
2012-05-02,510.20001220703125,536,2012-02-27,362,2011-12-15,false,false,94
2012-05-03,493.3999938964844,536,2012-02-27,362,2011-12-15,false,false,95
2012-05-04,477.20001220703125,536,2012-02-27,362,2011-12-15,false,false,96
2012-05-07,466,536,2012-02-27,362,2011-12-15,false,false,97
2012-05-08,450.79998779296875,536,2012-02-27,362,2011-12-15,false,false,98
2012-05-09,440,536,2012-02-27,362,2011-12-15,false,false,99
2012-05-10,460.6000061035156,536,2012-02-27,362,2011-12-15,false,false,100
2012-05-11,462,536,2012-02-27,362,2011-12-15,false,false,101
2012-05-14,443.20001220703125,536,2012-02-27,362,2011-12-15,false,false,102
2012-05-15,419.79998779296875,536,2012-02-27,362,2011-12-15,false,false,103
2012-05-16,424.79998779296875,536,2012-02-27,362,2011-12-15,false,false,104
2012-05-17,422.6000061035156,536,2012-02-27,362,2011-12-15,false,false,105
2012-05-18,420.6000061035156,536,2012-02-27,362,2011-12-15,false,false,106
2012-05-21,439.3999938964844,536,2012-02-27,362,2011-12-15,false,false,107
2012-05-22,430,536,2012-02-27,362,2011-12-15,false,false,108
2012-05-23,422,536,2012-02-27,362,2011-12-15,false,false,109
2012-05-24,422,536,2012-02-27,362,2011-12-15,false,false,110
2012-05-25,428.6000061035156,536,2012-02-27,362,2011-12-15,false,false,111
2012-05-29,445.20001220703125,536,2012-02-27,362,2011-12-15,false,false,112
2012-05-30,420.3999938964844,536,2012-02-27,362,2011-12-15,false,false,113
2012-05-31,421,536,2012-02-27,362,2011-12-15,false,false,114
2012-06-01,407.79998779296875,536,2012-02-27,362,2011-12-15,false,false,115
2012-06-04,405,536,2012-02-27,362,2011-12-15,false,false,116
2012-06-05,415.20001220703125,536,2012-02-27,362,2011-12-15,false,false,117
2012-06-06,428,536,2012-02-27,362,2011-12-15,false,false,118
2012-06-07,427.6000061035156,536,2012-02-27,362,2011-12-15,false,false,119
2012-06-08,421.6000061035156,536,2012-02-27,362,2011-12-15,false,false,120
2012-06-11,407.20001220703125,536,2012-02-27,362,2011-12-15,false,false,121
2012-06-12,414.6000061035156,536,2012-02-27,362,2011-12-15,false,false,122
2012-06-13,396.3999938964844,536,2012-02-27,362,2011-12-15,false,false,123
2012-06-14,389,536,2012-02-27,362,2011-12-15,false,false,124
2012-06-15,382.3999938964844,536,2012-02-27,362,2011-12-15,false,false,125
2012-06-18,375.79998779296875,536,2012-02-27,362,2011-12-15,false,false,126
2012-06-19,388.20001220703125,536,2012-02-27,362,2011-12-15,false,false,127
2012-06-20,390.20001220703125,536,2012-02-27,362,2011-12-15,false,false,128
2012-06-21,378.3999938964844,536,2012-02-27,362,2011-12-15,false,false,129
2012-06-22,390.6000061035156,536,2012-02-27,362,2011-12-15,false,false,130
2012-06-25,380.3999938964844,536,2012-02-27,362,2011-12-15,false,false,131
2012-06-26,386,536,2012-02-27,362,2011-12-15,false,false,132
2012-06-27,400.79998779296875,536,2012-02-27,362,2011-12-15,false,false,133
2012-06-28,395.6000061035156,536,2012-02-27,362,2011-12-15,false,false,134
2012-06-29,416,536,2012-02-27,362,2011-12-15,false,false,135
2012-07-02,422,536,2012-02-27,362,2011-12-15,false,false,136
2012-07-03,435,536,2012-02-27,362,2011-12-15,false,false,137
2012-07-05,436.79998779296875,536,2012-02-27,362,2011-12-15,false,false,138
2012-07-06,434,536,2012-02-27,362,2011-12-15,false,false,139
2012-07-09,434.79998779296875,536,2012-02-27,362,2011-12-15,false,false,140
2012-07-10,423.20001220703125,536,2012-02-27,362,2011-12-15,false,false,141
2012-07-11,433.79998779296875,536,2012-02-27,362,2011-12-15,false,false,142
2012-07-12,423.20001220703125,536,2012-02-27,362,2011-12-15,false,false,143
2012-07-13,432,536,2012-02-27,362,2011-12-15,false,false,144
2012-07-16,432.79998779296875,536,2012-02-27,362,2011-12-15,false,false,145
2012-07-17,444.20001220703125,536,2012-02-27,362,2011-12-15,false,false,146
2012-07-18,448.6000061035156,536,2012-02-27,362,2011-12-15,false,false,147
2012-07-19,452,536,2012-02-27,362,2011-12-15,false,false,148
2012-07-20,460,536,2012-02-27,362,2011-12-15,false,false,149
2012-07-23,440.3999938964844,536,2012-02-27,362,2011-12-15,false,false,150
2012-07-24,443,536,2012-02-27,362,2011-12-15,false,false,151
2012-07-25,447,536,2012-02-27,362,2011-12-15,false,false,152
2012-07-26,457.3999938964844,536,2012-02-27,362,2011-12-15,false,false,153
2012-07-27,462.79998779296875,536,2012-02-27,362,2011-12-15,false,false,154
2012-07-30,460,536,2012-02-27,362,2011-12-15,false,false,155
2012-07-31,459.6000061035156,536,2012-02-27,362,2011-12-15,false,false,156
2012-08-01,460,536,2012-02-27,362,2011-12-15,false,false,157
2012-08-02,450.6000061035156,536,2012-02-27,362,2011-12-15,false,false,158
2012-08-03,455,536,2012-02-27,362,2011-12-15,false,false,159
2012-08-06,458.6000061035156,536,2012-02-27,362,2011-12-15,false,false,160
2012-08-07,470,536,2012-02-27,362,2011-12-15,false,false,161
2012-08-08,470.20001220703125,536,2012-02-27,362,2011-12-15,false,false,162
2012-08-09,481.79998779296875,536,2012-02-27,362,2011-12-15,false,false,163
2012-08-10,459,536,2012-02-27,362,2011-12-15,false,false,164
2012-08-13,449.20001220703125,536,2012-02-27,362,2011-12-15,false,false,165
2012-08-14,449,536,2012-02-27,362,2011-12-15,false,false,166
2012-08-15,450.3999938964844,536,2012-02-27,362,2011-12-15,false,false,167
2012-08-16,456.20001220703125,536,2012-02-27,362,2011-12-15,false,false,168
2012-08-17,450,536,2012-02-27,362,2011-12-15,false,false,169
2012-08-20,448.20001220703125,536,2012-02-27,362,2011-12-15,false,false,170
2012-08-21,445,536,2012-02-27,362,2011-12-15,false,false,171
2012-08-22,450.20001220703125,536,2012-02-27,362,2011-12-15,false,false,172
2012-08-23,434,536,2012-02-27,362,2011-12-15,false,false,173
2012-08-24,441,536,2012-02-27,362,2011-12-15,false,false,174
2012-08-27,439.79998779296875,536,2012-02-27,362,2011-12-15,false,false,175
2012-08-28,441,536,2012-02-27,362,2011-12-15,false,false,176
2012-08-29,431.20001220703125,536,2012-02-27,362,2011-12-15,false,false,177
2012-08-30,432.20001220703125,536,2012-02-27,362,2011-12-15,false,false,178
2012-08-31,435.20001220703125,536,2012-02-27,362,2011-12-15,false,false,179
2012-09-04,427.6000061035156,536,2012-02-27,362,2011-12-15,false,false,180
2012-09-05,433.79998779296875,536,2012-02-27,362,2011-12-15,false,false,181
2012-09-06,442.3999938964844,536,2012-02-27,362,2011-12-15,false,false,182
2012-09-07,455.3999938964844,536,2012-02-27,362,2011-12-15,false,false,183
2012-09-10,447.20001220703125,536,2012-02-27,362,2011-12-15,false,false,184
2012-09-11,453.6000061035156,536,2012-02-27,362,2011-12-15,false,false,185
2012-09-12,462.79998779296875,536,2012-02-27,362,2011-12-15,false,false,186
2012-09-13,461.79998779296875,536,2012-02-27,362,2011-12-15,false,false,187
2012-09-14,461.79998779296875,536,2012-02-27,362,2011-12-15,false,false,188
2012-09-17,442.6000061035156,536,2012-02-27,362,2011-12-15,false,false,189
2012-09-18,451.6000061035156,536,2012-02-27,362,2011-12-15,false,false,190
2012-09-19,440,536,2012-02-27,362,2011-12-15,false,false,191
2012-09-20,441.3999938964844,536,2012-02-27,362,2011-12-15,false,false,192
2012-09-21,439,536,2012-02-27,362,2011-12-15,false,false,193
2012-09-24,435.3999938964844,536,2012-02-27,362,2011-12-15,false,false,194
2012-09-25,434.6000061035156,536,2012-02-27,362,2011-12-15,false,false,195
2012-09-26,426.6000061035156,536,2012-02-27,362,2011-12-15,false,false,196
2012-09-27,436.6000061035156,536,2012-02-27,362,2011-12-15,false,false,197
2012-09-28,439.6000061035156,536,2012-02-27,362,2011-12-15,false,false,198
2012-10-01,444.3999938964844,536,2012-02-27,362,2011-12-15,false,false,199
2012-10-02,435.79998779296875,536,2012-02-27,362,2011-12-15,false,false,200
2012-10-03,432.3999938964844,536,2012-02-27,362,2011-12-15,false,false,201
2012-10-04,439.20001220703125,536,2012-02-27,362,2011-12-15,false,false,202
2012-10-05,434.20001220703125,536,2012-02-27,362,2011-12-15,false,false,203
2012-10-08,431.79998779296875,536,2012-02-27,362,2011-12-15,false,false,204
2012-10-09,414.3999938964844,536,2012-02-27,362,2011-12-15,false,false,205
2012-10-10,398.6000061035156,536,2012-02-27,362,2011-12-15,false,false,206
2012-10-11,416,536,2012-02-27,362,2011-12-15,false,false,207
2012-10-12,430.3999938964844,536,2012-02-27,362,2011-12-15,false,false,208
2012-10-15,419.79998779296875,536,2012-02-27,362,2011-12-15,false,false,209
2012-10-16,420.79998779296875,536,2012-02-27,362,2011-12-15,false,false,210
2012-10-17,419.79998779296875,536,2012-02-27,362,2011-12-15,false,false,211
2012-10-18,419,536,2012-02-27,362,2011-12-15,false,false,212
2012-10-19,420,536,2012-02-27,362,2011-12-15,false,false,213
2012-10-22,417.79998779296875,536,2012-02-27,362,2011-12-15,false,false,214
2012-10-23,406.20001220703125,536,2012-02-27,362,2011-12-15,false,false,215
2012-10-24,404.3999938964844,536,2012-02-27,362,2011-12-15,false,false,216
2012-10-25,408.6000061035156,536,2012-02-27,362,2011-12-15,false,false,217
2012-10-26,406,536,2012-02-27,362,2011-12-15,false,false,218
2012-10-31,405.79998779296875,536,2012-02-27,362,2011-12-15,false,false,219
2012-11-01,417.6000061035156,536,2012-02-27,362,2011-12-15,false,false,220
2012-11-02,404.79998779296875,536,2012-02-27,362,2011-12-15,false,false,221
2012-11-05,414.20001220703125,536,2012-02-27,362,2011-12-15,false,false,222
2012-11-06,406.20001220703125,536,2012-02-27,362,2011-12-15,false,false,223
2012-11-07,401.3999938964844,536,2012-02-27,362,2011-12-15,false,false,224
2012-11-08,393.20001220703125,536,2012-02-27,362,2011-12-15,false,false,225
2012-11-09,382,536,2012-02-27,362,2011-12-15,false,false,226
2012-11-12,384.6000061035156,536,2012-02-27,362,2011-12-15,false,false,227
2012-11-13,385.3999938964844,536,2012-02-27,362,2011-12-15,false,false,228
2012-11-14,387.6000061035156,536,2012-02-27,362,2011-12-15,false,false,229
2012-11-15,378,536,2012-02-27,362,2011-12-15,false,false,230
2012-11-16,381,536,2012-02-27,362,2011-12-15,false,false,231
2012-11-19,398.79998779296875,536,2012-02-27,362,2011-12-15,false,false,232
2012-11-20,383.79998779296875,536,2012-02-27,362,2011-12-15,false,false,233
2012-11-21,390,536,2012-02-27,362,2011-12-15,false,false,234
2012-11-23,392.20001220703125,536,2012-02-27,362,2011-12-15,false,false,235
2012-11-26,388,536,2012-02-27,362,2011-12-15,false,false,236
2012-11-27,381.79998779296875,536,2012-02-27,362,2011-12-15,false,false,237
2012-11-28,378.3999938964844,536,2012-02-27,362,2011-12-15,false,false,238
2012-11-29,383.79998779296875,536,2012-02-27,362,2011-12-15,false,false,239
2012-11-30,380.3999938964844,536,2012-02-27,362,2011-12-15,false,false,240
2012-12-03,379.20001220703125,536,2012-02-27,362,2011-12-15,false,false,241
2012-12-04,363,536,2012-02-27,362,2011-12-15,false,false,242
2012-12-05,377.3999938964844,536,2012-02-27,362,2011-12-15,false,false,243
2012-12-06,370.3999938964844,536,2012-02-27,362,2011-12-15,false,false,244
2012-12-07,364.3999938964844,536,2012-02-27,362,2011-12-15,false,false,245
2012-12-10,362.20001220703125,536,2012-02-27,362,2011-12-15,false,false,246
2012-12-11,362.6000061035156,536,2012-02-27,362,2011-12-15,false,false,247
2012-12-12,363.79998779296875,536,2012-02-27,362,2011-12-15,false,false,248
2012-12-13,357.20001220703125,536,2012-02-27,357.20001220703125,2012-12-13,false,true,249
2012-12-14,355.6000061035156,536,2012-02-27,355.6000061035156,2012-12-14,false,true,249
2012-12-17,352,536,2012-02-27,352,2012-12-17,false,true,249
2012-12-18,364.20001220703125,536,2012-02-27,352,2012-12-17,false,false,249
2012-12-19,356.20001220703125,536,2012-02-27,352,2012-12-17,false,false,249
2012-12-20,360.79998779296875,536,2012-02-27,352,2012-12-17,false,false,249
2012-12-21,361,536,2012-02-27,352,2012-12-17,false,false,249
2012-12-24,351,536,2012-02-27,351,2012-12-24,false,true,249
2012-12-26,351.79998779296875,536,2012-02-27,351,2012-12-24,false,false,249
2012-12-27,353.79998779296875,536,2012-02-27,351,2012-12-24,false,false,249
2012-12-28,348.20001220703125,536,2012-02-27,348.20001220703125,2012-12-28,false,true,249
2012-12-31,363.20001220703125,536,2012-02-27,348.20001220703125,2012-12-28,false,false,249
2013-01-02,357.3999938964844,536,2012-02-27,348.20001220703125,2012-12-28,false,false,249
2013-01-03,354,536,2012-02-27,348.20001220703125,2012-12-28,false,false,249
2013-01-04,356.6000061035156,536,2012-02-27,348.20001220703125,2012-12-28,false,false,249
2013-01-07,370.20001220703125,536,2012-02-27,348.20001220703125,2012-12-28,false,false,249
2013-01-08,366.79998779296875,536,2012-02-27,348.20001220703125,2012-12-28,false,false,249
2013-01-09,369.20001220703125,536,2012-02-27,348.20001220703125,2012-12-28,false,false,249
2013-01-10,376,536,2012-02-27,348.20001220703125,2012-12-28,false,false,249
2013-01-11,379.79998779296875,536,2012-02-27,348.20001220703125,2012-12-28,false,false,249
2013-01-14,370.3999938964844,536,2012-02-27,348.20001220703125,2012-12-28,false,false,249
2013-01-15,367.20001220703125,536,2012-02-27,348.20001220703125,2012-12-28,false,false,250
2013-01-16,369.3999938964844,536,2012-02-27,348.20001220703125,2012-12-28,false,false,250
2013-01-17,367.3999938964844,536,2012-02-27,348.20001220703125,2012-12-28,false,false,250
2013-01-18,372.6000061035156,536,2012-02-27,348.20001220703125,2012-12-28,false,false,250
2013-01-22,380.6000061035156,536,2012-02-27,348.20001220703125,2012-12-28,false,false,249
2013-01-23,374,536,2012-02-27,348.20001220703125,2012-12-28,false,false,249
2013-01-24,368,536,2012-02-27,348.20001220703125,2012-12-28,false,false,249
2013-01-25,365.6000061035156,536,2012-02-27,348.20001220703125,2012-12-28,false,false,249
2013-01-28,367.79998779296875,536,2012-02-27,348.20001220703125,2012-12-28,false,false,249
2013-01-29,369.20001220703125,536,2012-02-27,348.20001220703125,2012-12-28,false,false,249
2013-01-30,380.3999938964844,536,2012-02-27,348.20001220703125,2012-12-28,false,false,249
2013-01-31,369,536,2012-02-27,348.20001220703125,2012-12-28,false,false,249
2013-02-01,369.20001220703125,536,2012-02-27,348.20001220703125,2012-12-28,false,false,249
2013-02-04,355,536,2012-02-27,348.20001220703125,2012-12-28,false,false,249
2013-02-05,365.79998779296875,536,2012-02-27,348.20001220703125,2012-12-28,false,false,249
2013-02-06,365.79998779296875,536,2012-02-27,348.20001220703125,2012-12-28,false,false,249
2013-02-07,362.6000061035156,536,2012-02-27,348.20001220703125,2012-12-28,false,false,249
2013-02-08,364.6000061035156,536,2012-02-27,348.20001220703125,2012-12-28,false,false,249
2013-02-11,364,536,2012-02-27,348.20001220703125,2012-12-28,false,false,249
2013-02-12,354.3999938964844,536,2012-02-27,348.20001220703125,2012-12-28,false,false,249
2013-02-13,347.3999938964844,536,2012-02-27,347.3999938964844,2013-02-13,false,true,249
2013-02-14,351.6000061035156,536,2012-02-27,347.3999938964844,2013-02-13,false,false,249
2013-02-15,346.79998779296875,536,2012-02-27,346.79998779296875,2013-02-15,false,true,249
2013-02-19,350.3999938964844,536,2012-02-27,346.79998779296875,2013-02-15,false,false,249
2013-02-20,342.79998779296875,536,2012-02-27,342.79998779296875,2013-02-20,false,true,249
2013-02-21,341.6000061035156,536,2012-02-27,341.6000061035156,2013-02-21,false,true,249
2013-02-22,347.3999938964844,536,2012-02-27,341.6000061035156,2013-02-21,false,false,249
2013-02-25,339.79998779296875,536,2012-02-27,339.79998779296875,2013-02-25,false,true,249
2013-02-26,341.6000061035156,536,2012-02-27,339.79998779296875,2013-02-25,false,false,249
2013-02-27,345.79998779296875,532.5999755859375,2012-05-01,339.79998779296875,2013-02-25,false,false,249
2013-02-28,342.79998779296875,532.5999755859375,2012-05-01,339.79998779296875,2013-02-25,false,false,249
2013-03-01,337.20001220703125,532.5999755859375,2012-05-01,337.20001220703125,2013-03-01,false,true,249
2013-03-04,331.20001220703125,532.5999755859375,2012-05-01,331.20001220703125,2013-03-04,false,true,249
2013-03-05,335,532.5999755859375,2012-05-01,331.20001220703125,2013-03-04,false,false,249
2013-03-06,339.3999938964844,532.5999755859375,2012-05-01,331.20001220703125,2013-03-04,false,false,249
2013-03-07,351.20001220703125,532.5999755859375,2012-05-01,331.20001220703125,2013-03-04,false,false,249
2013-03-08,357.6000061035156,532.5999755859375,2012-05-01,331.20001220703125,2013-03-04,false,false,249
2013-03-11,357,532.5999755859375,2012-05-01,331.20001220703125,2013-03-04,false,false,249
2013-03-12,376.6000061035156,532.5999755859375,2012-05-01,331.20001220703125,2013-03-04,false,false,249
2013-03-13,382,532.5999755859375,2012-05-01,331.20001220703125,2013-03-04,false,false,249
2013-03-14,395.3999938964844,532.5999755859375,2012-05-01,331.20001220703125,2013-03-04,false,false,249
2013-03-15,398.3999938964844,532.5999755859375,2012-05-01,331.20001220703125,2013-03-04,false,false,249
2013-03-18,400.6000061035156,532.5999755859375,2012-05-01,331.20001220703125,2013-03-04,false,false,249
2013-03-19,393,532.5999755859375,2012-05-01,331.20001220703125,2013-03-04,false,false,249
2013-03-20,381.79998779296875,532.5999755859375,2012-05-01,331.20001220703125,2013-03-04,false,false,249
2013-03-21,375.20001220703125,532.5999755859375,2012-05-01,331.20001220703125,2013-03-04,false,false,249
2013-03-22,376.6000061035156,532.5999755859375,2012-05-01,331.20001220703125,2013-03-04,false,false,249
2013-03-25,372.79998779296875,532.5999755859375,2012-05-01,331.20001220703125,2013-03-04,false,false,249
2013-03-26,372.79998779296875,532.5999755859375,2012-05-01,331.20001220703125,2013-03-04,false,false,249
2013-03-27,365.6000061035156,532.5999755859375,2012-05-01,331.20001220703125,2013-03-04,false,false,249
2013-03-28,365.79998779296875,532.5999755859375,2012-05-01,331.20001220703125,2013-03-04,false,false,249
2013-04-01,356.3999938964844,532.5999755859375,2012-05-01,331.20001220703125,2013-03-04,false,false,248
2013-04-02,353,532.5999755859375,2012-05-01,331.20001220703125,2013-03-04,false,false,248
2013-04-03,344.20001220703125,532.5999755859375,2012-05-01,331.20001220703125,2013-03-04,false,false,248
2013-04-04,346.79998779296875,532.5999755859375,2012-05-01,331.20001220703125,2013-03-04,false,false,248
2013-04-05,352.79998779296875,532.5999755859375,2012-05-01,331.20001220703125,2013-03-04,false,false,248
2013-04-08,359.3999938964844,532.5999755859375,2012-05-01,331.20001220703125,2013-03-04,false,false,249
2013-04-09,361.20001220703125,532.5999755859375,2012-05-01,331.20001220703125,2013-03-04,false,false,249
2013-04-10,369.6000061035156,532.5999755859375,2012-05-01,331.20001220703125,2013-03-04,false,false,249
2013-04-11,370,532.5999755859375,2012-05-01,331.20001220703125,2013-03-04,false,false,249
2013-04-12,366.20001220703125,532.5999755859375,2012-05-01,331.20001220703125,2013-03-04,false,false,249
2013-04-15,339.6000061035156,532.5999755859375,2012-05-01,331.20001220703125,2013-03-04,false,false,249
2013-04-16,340.20001220703125,532.5999755859375,2012-05-01,331.20001220703125,2013-03-04,false,false,249
2013-04-17,322,532.5999755859375,2012-05-01,322,2013-04-17,false,true,249
2013-04-18,325,532.5999755859375,2012-05-01,322,2013-04-17,false,false,249
2013-04-19,319,532.5999755859375,2012-05-01,319,2013-04-19,false,true,249
2013-04-22,322.6000061035156,532.5999755859375,2012-05-01,319,2013-04-19,false,false,249
2013-04-23,324,532.5999755859375,2012-05-01,319,2013-04-19,false,false,249
2013-04-24,332.6000061035156,532.5999755859375,2012-05-01,319,2013-04-19,false,false,249
2013-04-25,330.6000061035156,532.5999755859375,2012-05-01,319,2013-04-19,false,false,249
2013-04-26,334.20001220703125,532.5999755859375,2012-05-01,319,2013-04-19,false,false,249
2013-04-29,342.79998779296875,532.5999755859375,2012-05-01,319,2013-04-19,false,false,249
2013-04-30,344,532.5999755859375,2012-05-01,319,2013-04-19,false,false,249
2013-05-01,331.6000061035156,532.5999755859375,2012-05-01,319,2013-04-19,false,false,249
2013-05-02,339,493.3999938964844,2012-05-03,319,2013-04-19,false,false,249
2013-05-03,354,493.3999938964844,2012-05-03,319,2013-04-19,false,false,249
2013-05-06,353.3999938964844,481.79998779296875,2012-08-09,319,2013-04-19,false,false,249
2013-05-07,356.3999938964844,481.79998779296875,2012-08-09,319,2013-04-19,false,false,249
2013-05-08,356.3999938964844,481.79998779296875,2012-08-09,319,2013-04-19,false,false,249
2013-05-09,331,481.79998779296875,2012-08-09,319,2013-04-19,false,false,249
2013-05-10,342,481.79998779296875,2012-08-09,319,2013-04-19,false,false,249
2013-05-13,334.79998779296875,481.79998779296875,2012-08-09,319,2013-04-19,false,false,249
2013-05-14,344.3999938964844,481.79998779296875,2012-08-09,319,2013-04-19,false,false,249
2013-05-15,348.3999938964844,481.79998779296875,2012-08-09,319,2013-04-19,false,false,249
2013-05-16,359.3999938964844,481.79998779296875,2012-08-09,319,2013-04-19,false,false,249
2013-05-17,369.3999938964844,481.79998779296875,2012-08-09,319,2013-04-19,false,false,249
2013-05-20,383.3999938964844,481.79998779296875,2012-08-09,319,2013-04-19,false,false,249
2013-05-21,399,481.79998779296875,2012-08-09,319,2013-04-19,false,false,249
2013-05-22,399.20001220703125,481.79998779296875,2012-08-09,319,2013-04-19,false,false,249
2013-05-23,399,481.79998779296875,2012-08-09,319,2013-04-19,false,false,249
2013-05-24,398.3999938964844,481.79998779296875,2012-08-09,319,2013-04-19,false,false,249
2013-05-28,400.3999938964844,481.79998779296875,2012-08-09,319,2013-04-19,false,false,249
2013-05-29,400.3999938964844,481.79998779296875,2012-08-09,319,2013-04-19,false,false,249
2013-05-30,395,481.79998779296875,2012-08-09,319,2013-04-19,false,false,249
2013-05-31,387.20001220703125,481.79998779296875,2012-08-09,319,2013-04-19,false,false,249
2013-06-03,386.3999938964844,481.79998779296875,2012-08-09,319,2013-04-19,false,false,249
2013-06-04,389.79998779296875,481.79998779296875,2012-08-09,319,2013-04-19,false,false,249
2013-06-05,385.3999938964844,481.79998779296875,2012-08-09,319,2013-04-19,false,false,249
2013-06-06,390.20001220703125,481.79998779296875,2012-08-09,319,2013-04-19,false,false,249
2013-06-07,400,481.79998779296875,2012-08-09,319,2013-04-19,false,false,249
2013-06-10,405.3999938964844,481.79998779296875,2012-08-09,319,2013-04-19,false,false,249
2013-06-11,396.20001220703125,481.79998779296875,2012-08-09,319,2013-04-19,false,false,249
2013-06-12,394.20001220703125,481.79998779296875,2012-08-09,319,2013-04-19,false,false,249
2013-06-13,398.6000061035156,481.79998779296875,2012-08-09,319,2013-04-19,false,false,249
2013-06-14,398.6000061035156,481.79998779296875,2012-08-09,319,2013-04-19,false,false,249
2013-06-17,403.3999938964844,481.79998779296875,2012-08-09,319,2013-04-19,false,false,249
2013-06-18,407.6000061035156,481.79998779296875,2012-08-09,319,2013-04-19,false,false,249
2013-06-19,417,481.79998779296875,2012-08-09,319,2013-04-19,false,false,249
2013-06-20,402.79998779296875,481.79998779296875,2012-08-09,319,2013-04-19,false,false,249
2013-06-21,406.6000061035156,481.79998779296875,2012-08-09,319,2013-04-19,false,false,249
2013-06-24,402.3999938964844,481.79998779296875,2012-08-09,319,2013-04-19,false,false,249
2013-06-25,406,481.79998779296875,2012-08-09,319,2013-04-19,false,false,249
2013-06-26,403.3999938964844,481.79998779296875,2012-08-09,319,2013-04-19,false,false,249
2013-06-27,413,481.79998779296875,2012-08-09,319,2013-04-19,false,false,249
2013-06-28,411.20001220703125,481.79998779296875,2012-08-09,319,2013-04-19,false,false,249
2013-07-01,404.20001220703125,481.79998779296875,2012-08-09,319,2013-04-19,false,false,249
2013-07-02,406.3999938964844,481.79998779296875,2012-08-09,319,2013-04-19,false,false,249
2013-07-03,405.3999938964844,481.79998779296875,2012-08-09,319,2013-04-19,false,false,249
2013-07-05,411,481.79998779296875,2012-08-09,319,2013-04-19,false,false,249
2013-07-08,413.3999938964844,481.79998779296875,2012-08-09,319,2013-04-19,false,false,249
2013-07-09,417.79998779296875,481.79998779296875,2012-08-09,319,2013-04-19,false,false,249
2013-07-10,420.6000061035156,481.79998779296875,2012-08-09,319,2013-04-19,false,false,249
2013-07-11,415.20001220703125,481.79998779296875,2012-08-09,319,2013-04-19,false,false,249
2013-07-12,409.6000061035156,481.79998779296875,2012-08-09,319,2013-04-19,false,false,249
2013-07-15,408.20001220703125,481.79998779296875,2012-08-09,319,2013-04-19,false,false,249
2013-07-16,418.6000061035156,481.79998779296875,2012-08-09,319,2013-04-19,false,false,249
2013-07-17,421.20001220703125,481.79998779296875,2012-08-09,319,2013-04-19,false,false,249
2013-07-18,434.6000061035156,481.79998779296875,2012-08-09,319,2013-04-19,false,false,249
2013-07-19,442,481.79998779296875,2012-08-09,319,2013-04-19,false,false,249
2013-07-22,436.79998779296875,481.79998779296875,2012-08-09,319,2013-04-19,false,false,249
2013-07-23,433.20001220703125,481.79998779296875,2012-08-09,319,2013-04-19,false,false,249
2013-07-24,421.3999938964844,481.79998779296875,2012-08-09,319,2013-04-19,false,false,249
2013-07-25,416.6000061035156,481.79998779296875,2012-08-09,319,2013-04-19,false,false,249
2013-07-26,415.20001220703125,481.79998779296875,2012-08-09,319,2013-04-19,false,false,249
2013-07-29,415.3999938964844,481.79998779296875,2012-08-09,319,2013-04-19,false,false,249
2013-07-30,415,481.79998779296875,2012-08-09,319,2013-04-19,false,false,249
2013-07-31,438.20001220703125,481.79998779296875,2012-08-09,319,2013-04-19,false,false,249
2013-08-01,493.6000061035156,493.6000061035156,2013-08-01,319,2013-04-19,true,false,249
2013-08-02,486.3999938964844,493.6000061035156,2013-08-01,319,2013-04-19,false,false,249
2013-08-05,491.79998779296875,493.6000061035156,2013-08-01,319,2013-04-19,false,false,249
2013-08-06,488.6000061035156,493.6000061035156,2013-08-01,319,2013-04-19,false,false,249
2013-08-07,486,493.6000061035156,2013-08-01,319,2013-04-19,false,false,249
2013-08-08,503.79998779296875,503.79998779296875,2013-08-08,319,2013-04-19,true,false,249
2013-08-09,518.7999877929688,518.7999877929688,2013-08-09,319,2013-04-19,true,false,249
2013-08-12,487,518.7999877929688,2013-08-09,319,2013-04-19,false,false,249
2013-08-13,465,518.7999877929688,2013-08-09,319,2013-04-19,false,false,249
2013-08-14,460,518.7999877929688,2013-08-09,319,2013-04-19,false,false,249
2013-08-15,466,518.7999877929688,2013-08-09,319,2013-04-19,false,false,249
2013-08-16,470.6000061035156,518.7999877929688,2013-08-09,319,2013-04-19,false,false,249
2013-08-19,464.6000061035156,518.7999877929688,2013-08-09,319,2013-04-19,false,false,249
2013-08-20,465.6000061035156,518.7999877929688,2013-08-09,319,2013-04-19,false,false,249
2013-08-21,467.3999938964844,518.7999877929688,2013-08-09,319,2013-04-19,false,false,249
2013-08-22,487.3999938964844,518.7999877929688,2013-08-09,319,2013-04-19,false,false,249
2013-08-23,506,518.7999877929688,2013-08-09,319,2013-04-19,false,false,249
2013-08-26,527.7999877929688,527.7999877929688,2013-08-26,319,2013-04-19,true,false,249
2013-08-27,524.2000122070312,527.7999877929688,2013-08-26,319,2013-04-19,false,false,249
2013-08-28,525.2000122070312,527.7999877929688,2013-08-26,319,2013-04-19,false,false,249
2013-08-29,525,527.7999877929688,2013-08-26,319,2013-04-19,false,false,249
2013-08-30,525.2000122070312,527.7999877929688,2013-08-26,319,2013-04-19,false,false,249
2013-09-03,525.2000122070312,527.7999877929688,2013-08-26,319,2013-04-19,false,false,249
2013-09-04,525,527.7999877929688,2013-08-26,319,2013-04-19,false,false,249
2013-09-05,529,529,2013-09-05,319,2013-04-19,true,false,249
2013-09-06,524.2000122070312,529,2013-09-05,319,2013-04-19,false,false,249
2013-09-09,535.2000122070312,535.2000122070312,2013-09-09,319,2013-04-19,true,false,249
2013-09-10,539.7999877929688,539.7999877929688,2013-09-10,319,2013-04-19,true,false,249
2013-09-11,548.7999877929688,548.7999877929688,2013-09-11,319,2013-04-19,true,false,249
2013-09-12,547,548.7999877929688,2013-09-11,319,2013-04-19,false,false,249
2013-09-13,549.4000244140625,549.4000244140625,2013-09-13,319,2013-04-19,true,false,249
2013-09-16,540.5999755859375,549.4000244140625,2013-09-13,319,2013-04-19,false,false,249
2013-09-17,572.7999877929688,572.7999877929688,2013-09-17,319,2013-04-19,true,false,249
2013-09-18,583.4000244140625,583.4000244140625,2013-09-18,319,2013-04-19,true,false,249
2013-09-19,584,584,2013-09-19,319,2013-04-19,true,false,249
2013-09-20,587.4000244140625,587.4000244140625,2013-09-20,319,2013-04-19,true,false,249
2013-09-23,586.4000244140625,587.4000244140625,2013-09-20,319,2013-04-19,false,false,249
2013-09-24,587,587.4000244140625,2013-09-20,319,2013-04-19,false,false,249
2013-09-25,590.2000122070312,590.2000122070312,2013-09-25,319,2013-04-19,true,false,249
2013-09-26,600,600,2013-09-26,319,2013-04-19,true,false,249
2013-09-27,597.5999755859375,600,2013-09-26,319,2013-04-19,false,false,249
2013-09-30,593.5999755859375,600,2013-09-26,319,2013-04-19,false,false,249
2013-10-01,593.5999755859375,600,2013-09-26,319,2013-04-19,false,false,249
2013-10-02,608.2000122070312,608.2000122070312,2013-10-02,319,2013-04-19,true,false,249
2013-10-03,604,608.2000122070312,2013-10-02,319,2013-04-19,false,false,249
2013-10-04,628.5999755859375,628.5999755859375,2013-10-04,319,2013-04-19,true,false,249
2013-10-07,625.2000122070312,628.5999755859375,2013-10-04,319,2013-04-19,false,false,249
2013-10-08,619,628.5999755859375,2013-10-04,319,2013-04-19,false,false,249
2013-10-09,605,628.5999755859375,2013-10-04,319,2013-04-19,false,false,249
2013-10-10,609.4000244140625,628.5999755859375,2013-10-04,319,2013-04-19,false,false,249
2013-10-11,616,628.5999755859375,2013-10-04,319,2013-04-19,false,false,249
2013-10-14,617.7999877929688,628.5999755859375,2013-10-04,319,2013-04-19,false,false,249
2013-10-15,619.7999877929688,628.5999755859375,2013-10-04,319,2013-04-19,false,false,249
2013-10-16,641.5999755859375,641.5999755859375,2013-10-16,319,2013-04-19,true,false,249
2013-10-17,647.5999755859375,647.5999755859375,2013-10-17,319,2013-04-19,true,false,249
2013-10-18,662.4000244140625,662.4000244140625,2013-10-18,319,2013-04-19,true,false,249
2013-10-21,670.4000244140625,670.4000244140625,2013-10-21,319,2013-04-19,true,false,249
2013-10-22,653,670.4000244140625,2013-10-21,319,2013-04-19,false,false,249
2013-10-23,630,670.4000244140625,2013-10-21,319,2013-04-19,false,false,249
2013-10-24,666.7999877929688,670.4000244140625,2013-10-21,319,2013-04-19,false,false,249
2013-10-25,667.2000122070312,670.4000244140625,2013-10-21,319,2013-04-19,false,false,249
2013-10-28,662,670.4000244140625,2013-10-21,319,2013-04-19,false,false,249
2013-10-29,666.7999877929688,670.4000244140625,2013-10-21,319,2013-04-19,false,false,250
2013-10-30,646.2000122070312,670.4000244140625,2013-10-21,319,2013-04-19,false,false,251
2013-10-31,635.4000244140625,670.4000244140625,2013-10-21,319,2013-04-19,false,false,251
2013-11-01,625.2000122070312,670.4000244140625,2013-10-21,319,2013-04-19,false,false,251
2013-11-04,662.4000244140625,670.4000244140625,2013-10-21,319,2013-04-19,false,false,251
2013-11-05,657.7999877929688,670.4000244140625,2013-10-21,319,2013-04-19,false,false,251
2013-11-06,632.5999755859375,670.4000244140625,2013-10-21,319,2013-04-19,false,false,251
2013-11-07,580.2000122070312,670.4000244140625,2013-10-21,319,2013-04-19,false,false,251
2013-11-08,595.4000244140625,670.4000244140625,2013-10-21,319,2013-04-19,false,false,251
2013-11-11,606.4000244140625,670.4000244140625,2013-10-21,319,2013-04-19,false,false,251
2013-11-12,584.4000244140625,670.4000244140625,2013-10-21,319,2013-04-19,false,false,251
2013-11-13,591.2000122070312,670.4000244140625,2013-10-21,319,2013-04-19,false,false,251
2013-11-14,595.7999877929688,670.4000244140625,2013-10-21,319,2013-04-19,false,false,251
2013-11-15,591,670.4000244140625,2013-10-21,319,2013-04-19,false,false,251
2013-11-18,564,670.4000244140625,2013-10-21,319,2013-04-19,false,false,251
2013-11-19,558.2000122070312,670.4000244140625,2013-10-21,319,2013-04-19,false,false,251
2013-11-20,555.4000244140625,670.4000244140625,2013-10-21,319,2013-04-19,false,false,251
2013-11-21,581,670.4000244140625,2013-10-21,319,2013-04-19,false,false,251
2013-11-22,580,670.4000244140625,2013-10-21,319,2013-04-19,false,false,252
2013-11-25,577.2000122070312,670.4000244140625,2013-10-21,319,2013-04-19,false,false,252
2013-11-26,580,670.4000244140625,2013-10-21,319,2013-04-19,false,false,252
2013-11-27,549.4000244140625,670.4000244140625,2013-10-21,319,2013-04-19,false,false,252
2013-11-29,539.7999877929688,670.4000244140625,2013-10-21,319,2013-04-19,false,false,251
2013-12-02,524.4000244140625,670.4000244140625,2013-10-21,319,2013-04-19,false,false,251
2013-12-03,530,670.4000244140625,2013-10-21,319,2013-04-19,false,false,251
2013-12-04,548.4000244140625,670.4000244140625,2013-10-21,319,2013-04-19,false,false,251
2013-12-05,545.5999755859375,670.4000244140625,2013-10-21,319,2013-04-19,false,false,251
2013-12-06,518.4000244140625,670.4000244140625,2013-10-21,319,2013-04-19,false,false,251
2013-12-09,517.7999877929688,670.4000244140625,2013-10-21,319,2013-04-19,false,false,251
2013-12-10,517.2000122070312,670.4000244140625,2013-10-21,319,2013-04-19,false,false,251
2013-12-11,506,670.4000244140625,2013-10-21,319,2013-04-19,false,false,251
2013-12-12,506.20001220703125,670.4000244140625,2013-10-21,319,2013-04-19,false,false,251
2013-12-13,514.5999755859375,670.4000244140625,2013-10-21,319,2013-04-19,false,false,251
2013-12-16,519.7999877929688,670.4000244140625,2013-10-21,319,2013-04-19,false,false,251
2013-12-17,507.6000061035156,670.4000244140625,2013-10-21,319,2013-04-19,false,false,251
2013-12-18,515.4000244140625,670.4000244140625,2013-10-21,319,2013-04-19,false,false,251
2013-12-19,530.7999877929688,670.4000244140625,2013-10-21,319,2013-04-19,false,false,251
2013-12-20,537.4000244140625,670.4000244140625,2013-10-21,319,2013-04-19,false,false,251
2013-12-23,546.2000122070312,670.4000244140625,2013-10-21,319,2013-04-19,false,false,251
2013-12-24,546.4000244140625,670.4000244140625,2013-10-21,319,2013-04-19,false,false,251
2013-12-26,548.4000244140625,670.4000244140625,2013-10-21,319,2013-04-19,false,false,251
2013-12-27,560,670.4000244140625,2013-10-21,319,2013-04-19,false,false,251
2013-12-30,545.7999877929688,670.4000244140625,2013-10-21,319,2013-04-19,false,false,251
2013-12-31,553.7999877929688,670.4000244140625,2013-10-21,319,2013-04-19,false,false,251
2014-01-02,529.5999755859375,670.4000244140625,2013-10-21,319,2013-04-19,false,false,251
2014-01-03,520.2000122070312,670.4000244140625,2013-10-21,319,2013-04-19,false,false,251
2014-01-06,511.20001220703125,670.4000244140625,2013-10-21,319,2013-04-19,false,false,251
2014-01-07,522.4000244140625,670.4000244140625,2013-10-21,319,2013-04-19,false,false,251
2014-01-08,506.79998779296875,670.4000244140625,2013-10-21,319,2013-04-19,false,false,251
2014-01-09,482.20001220703125,670.4000244140625,2013-10-21,319,2013-04-19,false,false,251
2014-01-10,482.79998779296875,670.4000244140625,2013-10-21,319,2013-04-19,false,false,251
2014-01-13,458.20001220703125,670.4000244140625,2013-10-21,319,2013-04-19,false,false,251
2014-01-14,482.20001220703125,670.4000244140625,2013-10-21,319,2013-04-19,false,false,251
2014-01-15,497.79998779296875,670.4000244140625,2013-10-21,319,2013-04-19,false,false,251
2014-01-16,503.79998779296875,670.4000244140625,2013-10-21,319,2013-04-19,false,false,251
2014-01-17,499.20001220703125,670.4000244140625,2013-10-21,319,2013-04-19,false,false,251
2014-01-21,508,670.4000244140625,2013-10-21,319,2013-04-19,false,false,251
2014-01-22,531.7999877929688,670.4000244140625,2013-10-21,319,2013-04-19,false,false,251
2014-01-23,521.4000244140625,670.4000244140625,2013-10-21,319,2013-04-19,false,false,251
2014-01-24,506.20001220703125,670.4000244140625,2013-10-21,319,2013-04-19,false,false,251
2014-01-27,495,670.4000244140625,2013-10-21,319,2013-04-19,false,false,251
2014-01-28,499.6000061035156,670.4000244140625,2013-10-21,319,2013-04-19,false,false,251
2014-01-29,480,670.4000244140625,2013-10-21,319,2013-04-19,false,false,251
2014-01-30,497,670.4000244140625,2013-10-21,319,2013-04-19,false,false,251
2014-01-31,494.79998779296875,670.4000244140625,2013-10-21,319,2013-04-19,false,false,251
2014-02-03,483.20001220703125,670.4000244140625,2013-10-21,319,2013-04-19,false,false,251
2014-02-04,503.3999938964844,670.4000244140625,2013-10-21,319,2013-04-19,false,false,251
2014-02-05,496.6000061035156,670.4000244140625,2013-10-21,319,2013-04-19,false,false,251
2014-02-06,499.6000061035156,670.4000244140625,2013-10-21,319,2013-04-19,false,false,251
2014-02-07,510.3999938964844,670.4000244140625,2013-10-21,319,2013-04-19,false,false,251
2014-02-10,519.7999877929688,670.4000244140625,2013-10-21,319,2013-04-19,false,false,251
2014-02-11,529,670.4000244140625,2013-10-21,319,2013-04-19,false,false,251
2014-02-12,525.4000244140625,670.4000244140625,2013-10-21,319,2013-04-19,false,false,251
2014-02-13,537.2000122070312,670.4000244140625,2013-10-21,319,2013-04-19,false,false,251
2014-02-14,536.4000244140625,670.4000244140625,2013-10-21,319,2013-04-19,false,false,251
2014-02-18,549.7999877929688,670.4000244140625,2013-10-21,319,2013-04-19,false,false,251
2014-02-19,548,670.4000244140625,2013-10-21,319,2013-04-19,false,false,251
2014-02-20,554.7999877929688,670.4000244140625,2013-10-21,319,2013-04-19,false,false,251
2014-02-21,549,670.4000244140625,2013-10-21,319,2013-04-19,false,false,251
2014-02-24,561.5999755859375,670.4000244140625,2013-10-21,319,2013-04-19,false,false,251
2014-02-25,550.5999755859375,670.4000244140625,2013-10-21,319,2013-04-19,false,false,251
2014-02-26,548.5999755859375,670.4000244140625,2013-10-21,319,2013-04-19,false,false,251
2014-02-27,512,670.4000244140625,2013-10-21,319,2013-04-19,false,false,251
2014-02-28,521.7999877929688,670.4000244140625,2013-10-21,319,2013-04-19,false,false,251
2014-03-03,517.2000122070312,670.4000244140625,2013-10-21,319,2013-04-19,false,false,251
2014-03-04,544.2000122070312,670.4000244140625,2013-10-21,319,2013-04-19,false,false,251
2014-03-05,523.4000244140625,670.4000244140625,2013-10-21,319,2013-04-19,false,false,251
2014-03-06,511.20001220703125,670.4000244140625,2013-10-21,319,2013-04-19,false,false,251
2014-03-07,527.7999877929688,670.4000244140625,2013-10-21,319,2013-04-19,false,false,251
2014-03-10,501,670.4000244140625,2013-10-21,319,2013-04-19,false,false,251
2014-03-11,497.6000061035156,670.4000244140625,2013-10-21,319,2013-04-19,false,false,251
2014-03-12,494,670.4000244140625,2013-10-21,319,2013-04-19,false,false,251
2014-03-13,496.20001220703125,670.4000244140625,2013-10-21,319,2013-04-19,false,false,251
2014-03-14,497.6000061035156,670.4000244140625,2013-10-21,319,2013-04-19,false,false,251
2014-03-17,481,670.4000244140625,2013-10-21,319,2013-04-19,false,false,251
2014-03-18,496.6000061035156,670.4000244140625,2013-10-21,319,2013-04-19,false,false,251
2014-03-19,500.20001220703125,670.4000244140625,2013-10-21,319,2013-04-19,false,false,251
2014-03-20,493,670.4000244140625,2013-10-21,319,2013-04-19,false,false,251
2014-03-21,494.3999938964844,670.4000244140625,2013-10-21,319,2013-04-19,false,false,251
2014-03-24,490.20001220703125,670.4000244140625,2013-10-21,319,2013-04-19,false,false,251
2014-03-25,497,670.4000244140625,2013-10-21,319,2013-04-19,false,false,251
2014-03-26,486,670.4000244140625,2013-10-21,319,2013-04-19,false,false,251
2014-03-27,515,670.4000244140625,2013-10-21,319,2013-04-19,false,false,251
2014-03-28,522.7999877929688,670.4000244140625,2013-10-21,319,2013-04-19,false,false,251
2014-03-31,517.2000122070312,670.4000244140625,2013-10-21,319,2013-04-19,false,false,252
2014-04-01,512.7999877929688,670.4000244140625,2013-10-21,319,2013-04-19,false,false,252
2014-04-02,537.7999877929688,670.4000244140625,2013-10-21,319,2013-04-19,false,false,252
2014-04-03,538,670.4000244140625,2013-10-21,319,2013-04-19,false,false,252
2014-04-04,538.4000244140625,670.4000244140625,2013-10-21,319,2013-04-19,false,false,252
2014-04-07,508.6000061035156,670.4000244140625,2013-10-21,319,2013-04-19,false,false,252
2014-04-08,525.7999877929688,670.4000244140625,2013-10-21,319,2013-04-19,false,false,252
2014-04-09,539.5999755859375,670.4000244140625,2013-10-21,319,2013-04-19,false,false,252
2014-04-10,525.2000122070312,670.4000244140625,2013-10-21,319,2013-04-19,false,false,252
2014-04-11,515.2000122070312,670.4000244140625,2013-10-21,319,2013-04-19,false,false,252
2014-04-14,531.2000122070312,670.4000244140625,2013-10-21,319,2013-04-19,false,false,252
2014-04-15,545.4000244140625,670.4000244140625,2013-10-21,319,2013-04-19,false,false,252
2014-04-16,578.4000244140625,670.4000244140625,2013-10-21,319,2013-04-19,false,false,252
2014-04-17,583.2000122070312,670.4000244140625,2013-10-21,319,2013-04-19,false,false,252
2014-04-21,581.2000122070312,670.4000244140625,2013-10-21,319,2013-04-19,false,false,251
2014-04-22,598.5999755859375,670.4000244140625,2013-10-21,324,2013-04-23,false,false,251
2014-04-23,605.5999755859375,670.4000244140625,2013-10-21,324,2013-04-23,false,false,251
2014-04-24,595.2000122070312,670.4000244140625,2013-10-21,330.6000061035156,2013-04-25,false,false,251
2014-04-25,573.2000122070312,670.4000244140625,2013-10-21,330.6000061035156,2013-04-25,false,false,251
2014-04-28,574.2000122070312,670.4000244140625,2013-10-21,331,2013-05-09,false,false,251
2014-04-29,585,670.4000244140625,2013-10-21,331,2013-05-09,false,false,251
2014-04-30,584.5999755859375,670.4000244140625,2013-10-21,331,2013-05-09,false,false,251
2014-05-01,578.4000244140625,670.4000244140625,2013-10-21,331,2013-05-09,false,false,251
2014-05-02,586.5999755859375,670.4000244140625,2013-10-21,331,2013-05-09,false,false,251
2014-05-05,605.7999877929688,670.4000244140625,2013-10-21,331,2013-05-09,false,false,251
2014-05-06,590,670.4000244140625,2013-10-21,331,2013-05-09,false,false,251
2014-05-07,599.7999877929688,670.4000244140625,2013-10-21,331,2013-05-09,false,false,251
2014-05-08,568,670.4000244140625,2013-10-21,331,2013-05-09,false,false,251
2014-05-09,565.5999755859375,670.4000244140625,2013-10-21,331,2013-05-09,false,false,251
2014-05-12,577.7999877929688,670.4000244140625,2013-10-21,334.79998779296875,2013-05-13,false,false,251
2014-05-13,569,670.4000244140625,2013-10-21,334.79998779296875,2013-05-13,false,false,251
2014-05-14,569.2000122070312,670.4000244140625,2013-10-21,348.3999938964844,2013-05-15,false,false,251
2014-05-15,543.7999877929688,670.4000244140625,2013-10-21,348.3999938964844,2013-05-15,false,false,251
2014-05-16,540.2000122070312,670.4000244140625,2013-10-21,369.3999938964844,2013-05-17,false,false,251
2014-05-19,547,670.4000244140625,2013-10-21,369.3999938964844,2013-05-17,false,false,251
2014-05-20,535.2000122070312,670.4000244140625,2013-10-21,385.3999938964844,2013-06-05,false,false,251
2014-05-21,544.4000244140625,670.4000244140625,2013-10-21,385.3999938964844,2013-06-05,false,false,251
2014-05-22,541,670.4000244140625,2013-10-21,385.3999938964844,2013-06-05,false,false,251
2014-05-23,539.7999877929688,670.4000244140625,2013-10-21,385.3999938964844,2013-06-05,false,false,251
2014-05-27,543.7999877929688,670.4000244140625,2013-10-21,385.3999938964844,2013-06-05,false,false,251
2014-05-28,543.4000244140625,670.4000244140625,2013-10-21,385.3999938964844,2013-06-05,false,false,251
2014-05-29,556.2000122070312,670.4000244140625,2013-10-21,385.3999938964844,2013-06-05,false,false,251
2014-05-30,553.4000244140625,670.4000244140625,2013-10-21,385.3999938964844,2013-06-05,false,false,251
2014-06-02,544.2000122070312,670.4000244140625,2013-10-21,385.3999938964844,2013-06-05,false,false,251
2014-06-03,551.5999755859375,670.4000244140625,2013-10-21,385.3999938964844,2013-06-05,false,false,251
2014-06-04,556.2000122070312,670.4000244140625,2013-10-21,385.3999938964844,2013-06-05,false,false,251
2014-06-05,559,670.4000244140625,2013-10-21,385.3999938964844,2013-06-05,false,false,251
2014-06-06,569,670.4000244140625,2013-10-21,394.20001220703125,2013-06-12,false,false,251
2014-06-09,575.2000122070312,670.4000244140625,2013-10-21,394.20001220703125,2013-06-12,false,false,251
2014-06-10,577.7999877929688,670.4000244140625,2013-10-21,394.20001220703125,2013-06-12,false,false,251
2014-06-11,579.4000244140625,670.4000244140625,2013-10-21,394.20001220703125,2013-06-12,false,false,251
2014-06-12,574.4000244140625,670.4000244140625,2013-10-21,394.20001220703125,2013-06-12,false,false,251
2014-06-13,581.7999877929688,670.4000244140625,2013-10-21,398.6000061035156,2013-06-14,false,false,251
2014-06-16,582.7999877929688,670.4000244140625,2013-10-21,398.6000061035156,2013-06-14,false,false,251
2014-06-17,573.2000122070312,670.4000244140625,2013-10-21,402.3999938964844,2013-06-24,false,false,251
2014-06-18,582.5999755859375,670.4000244140625,2013-10-21,402.3999938964844,2013-06-24,false,false,251
2014-06-19,590,670.4000244140625,2013-10-21,402.3999938964844,2013-06-24,false,false,251
2014-06-20,600.7999877929688,670.4000244140625,2013-10-21,402.3999938964844,2013-06-24,false,false,251
2014-06-23,614.4000244140625,670.4000244140625,2013-10-21,402.3999938964844,2013-06-24,false,false,251
2014-06-24,593.4000244140625,670.4000244140625,2013-10-21,402.3999938964844,2013-06-24,false,false,251
2014-06-25,602.7999877929688,670.4000244140625,2013-10-21,403.3999938964844,2013-06-26,false,false,251
2014-06-26,607.7999877929688,670.4000244140625,2013-10-21,403.3999938964844,2013-06-26,false,false,251
2014-06-27,614.7999877929688,670.4000244140625,2013-10-21,404.20001220703125,2013-07-01,false,false,251
2014-06-30,619.5999755859375,670.4000244140625,2013-10-21,404.20001220703125,2013-07-01,false,false,251
2014-07-01,616,670.4000244140625,2013-10-21,404.20001220703125,2013-07-01,false,false,251
2014-07-02,605,670.4000244140625,2013-10-21,405.3999938964844,2013-07-03,false,false,251
2014-07-03,611,670.4000244140625,2013-10-21,405.3999938964844,2013-07-03,false,false,251
2014-07-07,597.7999877929688,670.4000244140625,2013-10-21,408.20001220703125,2013-07-15,false,false,251
2014-07-08,594.5999755859375,670.4000244140625,2013-10-21,408.20001220703125,2013-07-15,false,false,251
2014-07-09,592,670.4000244140625,2013-10-21,408.20001220703125,2013-07-15,false,false,251
2014-07-10,583.4000244140625,670.4000244140625,2013-10-21,408.20001220703125,2013-07-15,false,false,251
2014-07-11,567,670.4000244140625,2013-10-21,408.20001220703125,2013-07-15,false,false,251
2014-07-14,576,670.4000244140625,2013-10-21,408.20001220703125,2013-07-15,false,false,251
2014-07-15,561.5999755859375,670.4000244140625,2013-10-21,408.20001220703125,2013-07-15,false,false,251
2014-07-16,570,670.4000244140625,2013-10-21,415,2013-07-30,false,false,251
2014-07-17,560.5999755859375,670.4000244140625,2013-10-21,415,2013-07-30,false,false,251
2014-07-18,571.4000244140625,670.4000244140625,2013-10-21,415,2013-07-30,false,false,251
2014-07-21,578,670.4000244140625,2013-10-21,415,2013-07-30,false,false,251
2014-07-22,586.7999877929688,670.4000244140625,2013-10-21,415,2013-07-30,false,false,251
2014-07-23,585.4000244140625,670.4000244140625,2013-10-21,415,2013-07-30,false,false,251
2014-07-24,581.7999877929688,670.4000244140625,2013-10-21,415,2013-07-30,false,false,251
2014-07-25,570.4000244140625,670.4000244140625,2013-10-21,415,2013-07-30,false,false,251
2014-07-28,568.2000122070312,670.4000244140625,2013-10-21,415,2013-07-30,false,false,251
2014-07-29,573.2000122070312,670.4000244140625,2013-10-21,415,2013-07-30,false,false,251
2014-07-30,568.5999755859375,670.4000244140625,2013-10-21,415,2013-07-30,false,false,251
2014-07-31,542.7999877929688,670.4000244140625,2013-10-21,458.20001220703125,2014-01-13,false,false,251
2014-08-01,533.7999877929688,670.4000244140625,2013-10-21,458.20001220703125,2014-01-13,false,false,251
2014-08-04,547.7999877929688,670.4000244140625,2013-10-21,458.20001220703125,2014-01-13,false,false,251
2014-08-05,526.5999755859375,670.4000244140625,2013-10-21,458.20001220703125,2014-01-13,false,false,251
2014-08-06,526,670.4000244140625,2013-10-21,458.20001220703125,2014-01-13,false,false,251
2014-08-07,482.20001220703125,670.4000244140625,2013-10-21,458.20001220703125,2014-01-13,false,false,251
2014-08-08,490.3999938964844,670.4000244140625,2013-10-21,458.20001220703125,2014-01-13,false,false,251
2014-08-11,491.3999938964844,670.4000244140625,2013-10-21,458.20001220703125,2014-01-13,false,false,251
2014-08-12,476.6000061035156,670.4000244140625,2013-10-21,458.20001220703125,2014-01-13,false,false,251
2014-08-13,482.20001220703125,670.4000244140625,2013-10-21,458.20001220703125,2014-01-13,false,false,251
2014-08-14,471,670.4000244140625,2013-10-21,458.20001220703125,2014-01-13,false,false,251
2014-08-15,477.6000061035156,670.4000244140625,2013-10-21,458.20001220703125,2014-01-13,false,false,251
2014-08-18,475.3999938964844,670.4000244140625,2013-10-21,458.20001220703125,2014-01-13,false,false,251
2014-08-19,462.3999938964844,670.4000244140625,2013-10-21,458.20001220703125,2014-01-13,false,false,251
2014-08-20,463,670.4000244140625,2013-10-21,458.20001220703125,2014-01-13,false,false,251
2014-08-21,462.79998779296875,670.4000244140625,2013-10-21,458.20001220703125,2014-01-13,false,false,251
2014-08-22,458.20001220703125,670.4000244140625,2013-10-21,458.20001220703125,2014-08-22,false,true,251
2014-08-25,460.79998779296875,670.4000244140625,2013-10-21,458.20001220703125,2014-08-22,false,false,251
2014-08-26,469.3999938964844,670.4000244140625,2013-10-21,458.20001220703125,2014-08-22,false,false,251
2014-08-27,458.6000061035156,670.4000244140625,2013-10-21,458.20001220703125,2014-08-22,false,false,251
2014-08-28,465,670.4000244140625,2013-10-21,458.20001220703125,2014-08-22,false,false,251
2014-08-29,472.79998779296875,670.4000244140625,2013-10-21,458.20001220703125,2014-08-22,false,false,251
2014-09-02,470,670.4000244140625,2013-10-21,458.20001220703125,2014-08-22,false,false,251
2014-09-03,466.79998779296875,670.4000244140625,2013-10-21,458.20001220703125,2014-08-22,false,false,251
2014-09-04,457.20001220703125,670.4000244140625,2013-10-21,457.20001220703125,2014-09-04,false,true,251
2014-09-05,478.20001220703125,670.4000244140625,2013-10-21,457.20001220703125,2014-09-04,false,false,251
2014-09-08,480,670.4000244140625,2013-10-21,457.20001220703125,2014-09-04,false,false,251
2014-09-09,481.79998779296875,670.4000244140625,2013-10-21,457.20001220703125,2014-09-04,false,false,251
2014-09-10,488.20001220703125,670.4000244140625,2013-10-21,457.20001220703125,2014-09-04,false,false,251
2014-09-11,489,670.4000244140625,2013-10-21,457.20001220703125,2014-09-04,false,false,251
2014-09-12,476.6000061035156,670.4000244140625,2013-10-21,457.20001220703125,2014-09-04,false,false,251
2014-09-15,477.6000061035156,670.4000244140625,2013-10-21,457.20001220703125,2014-09-04,false,false,251
2014-09-16,477.6000061035156,670.4000244140625,2013-10-21,457.20001220703125,2014-09-04,false,false,251
2014-09-17,470.3999938964844,670.4000244140625,2013-10-21,457.20001220703125,2014-09-04,false,false,251
2014-09-18,467,670.4000244140625,2013-10-21,457.20001220703125,2014-09-04,false,false,251
2014-09-19,457.79998779296875,670.4000244140625,2013-10-21,457.20001220703125,2014-09-04,false,false,251
2014-09-22,440,670.4000244140625,2013-10-21,440,2014-09-22,false,true,251
2014-09-23,442.20001220703125,670.4000244140625,2013-10-21,440,2014-09-22,false,false,251
2014-09-24,444.79998779296875,670.4000244140625,2013-10-21,440,2014-09-22,false,false,251
2014-09-25,427.20001220703125,670.4000244140625,2013-10-21,427.20001220703125,2014-09-25,false,true,251
2014-09-26,429.79998779296875,670.4000244140625,2013-10-21,427.20001220703125,2014-09-25,false,false,251
2014-09-29,452.3999938964844,670.4000244140625,2013-10-21,427.20001220703125,2014-09-25,false,false,251
2014-09-30,448.20001220703125,670.4000244140625,2013-10-21,427.20001220703125,2014-09-25,false,false,251
2014-10-01,456.3999938964844,670.4000244140625,2013-10-21,427.20001220703125,2014-09-25,false,false,251
2014-10-02,443.3999938964844,670.4000244140625,2013-10-21,427.20001220703125,2014-09-25,false,false,251
2014-10-03,429.3999938964844,670.4000244140625,2013-10-21,427.20001220703125,2014-09-25,false,false,251
2014-10-06,439.79998779296875,670.4000244140625,2013-10-21,427.20001220703125,2014-09-25,false,false,251
2014-10-07,419.20001220703125,670.4000244140625,2013-10-21,419.20001220703125,2014-10-07,false,true,251
2014-10-08,416,670.4000244140625,2013-10-21,416,2014-10-08,false,true,251
2014-10-09,400.79998779296875,670.4000244140625,2013-10-21,400.79998779296875,2014-10-09,false,true,251
2014-10-10,392.3999938964844,670.4000244140625,2013-10-21,392.3999938964844,2014-10-10,false,true,251
2014-10-13,350.6000061035156,670.4000244140625,2013-10-21,350.6000061035156,2014-10-13,false,true,251
2014-10-14,334.3999938964844,670.4000244140625,2013-10-21,334.3999938964844,2014-10-14,false,true,251
2014-10-15,339.20001220703125,670.4000244140625,2013-10-21,334.3999938964844,2014-10-14,false,false,251
2014-10-16,354.3999938964844,670.4000244140625,2013-10-21,334.3999938964844,2014-10-14,false,false,251
2014-10-17,350,670.4000244140625,2013-10-21,334.3999938964844,2014-10-14,false,false,251
2014-10-20,356.20001220703125,670.4000244140625,2013-10-21,334.3999938964844,2014-10-14,false,false,251
2014-10-21,379.6000061035156,670.4000244140625,2013-10-21,334.3999938964844,2014-10-14,false,false,251
2014-10-22,360.79998779296875,667.2000122070312,2013-10-25,334.3999938964844,2014-10-14,false,false,251
2014-10-23,381.20001220703125,667.2000122070312,2013-10-25,334.3999938964844,2014-10-14,false,false,251
2014-10-24,378.3999938964844,667.2000122070312,2013-10-25,334.3999938964844,2014-10-14,false,false,251
2014-10-27,354,667.2000122070312,2013-10-25,334.3999938964844,2014-10-14,false,false,251
2014-10-28,368.6000061035156,666.7999877929688,2013-10-29,334.3999938964844,2014-10-14,false,false,251
2014-10-29,375.79998779296875,666.7999877929688,2013-10-29,334.3999938964844,2014-10-14,false,false,251
2014-10-30,364.20001220703125,662.4000244140625,2013-11-04,334.3999938964844,2014-10-14,false,false,251
2014-10-31,379.20001220703125,662.4000244140625,2013-11-04,334.3999938964844,2014-10-14,false,false,251
2014-11-03,365.3999938964844,662.4000244140625,2013-11-04,334.3999938964844,2014-10-14,false,false,251
2014-11-04,342,662.4000244140625,2013-11-04,334.3999938964844,2014-10-14,false,false,251
2014-11-05,364.3999938964844,632.5999755859375,2013-11-06,334.3999938964844,2014-10-14,false,false,251
2014-11-06,360.6000061035156,632.5999755859375,2013-11-06,334.3999938964844,2014-10-14,false,false,251
2014-11-07,381.6000061035156,619.5999755859375,2014-06-30,334.3999938964844,2014-10-14,false,false,251
2014-11-10,364.79998779296875,619.5999755859375,2014-06-30,334.3999938964844,2014-10-14,false,false,251
2014-11-11,367.20001220703125,619.5999755859375,2014-06-30,334.3999938964844,2014-10-14,false,false,251
2014-11-12,361.6000061035156,619.5999755859375,2014-06-30,334.3999938964844,2014-10-14,false,false,251
2014-11-13,341.20001220703125,619.5999755859375,2014-06-30,334.3999938964844,2014-10-14,false,false,251
2014-11-14,354.20001220703125,619.5999755859375,2014-06-30,334.3999938964844,2014-10-14,false,false,251
2014-11-17,340.6000061035156,619.5999755859375,2014-06-30,334.3999938964844,2014-10-14,false,false,251
2014-11-18,333.20001220703125,619.5999755859375,2014-06-30,333.20001220703125,2014-11-18,false,true,251
2014-11-19,322.3999938964844,619.5999755859375,2014-06-30,322.3999938964844,2014-11-19,false,true,251
2014-11-20,332.3999938964844,619.5999755859375,2014-06-30,322.3999938964844,2014-11-19,false,false,251
2014-11-21,340.79998779296875,619.5999755859375,2014-06-30,322.3999938964844,2014-11-19,false,false,251
2014-11-24,336.6000061035156,619.5999755859375,2014-06-30,322.3999938964844,2014-11-19,false,false,251
2014-11-25,325.20001220703125,619.5999755859375,2014-06-30,322.3999938964844,2014-11-19,false,false,251
2014-11-26,314.3999938964844,619.5999755859375,2014-06-30,314.3999938964844,2014-11-26,false,true,251
2014-11-28,209,619.5999755859375,2014-06-30,209,2014-11-28,false,true,251
2014-12-01,197.8000030517578,619.5999755859375,2014-06-30,197.8000030517578,2014-12-01,false,true,251
2014-12-02,188.1999969482422,619.5999755859375,2014-06-30,188.1999969482422,2014-12-02,false,true,251
2014-12-03,191,619.5999755859375,2014-06-30,188.1999969482422,2014-12-02,false,false,251
2014-12-04,186,619.5999755859375,2014-06-30,186,2014-12-04,false,true,251
2014-12-05,183.60000610351562,619.5999755859375,2014-06-30,183.60000610351562,2014-12-05,false,true,251
2014-12-08,165.39999389648438,619.5999755859375,2014-06-30,165.39999389648438,2014-12-08,false,true,251
2014-12-09,178.8000030517578,619.5999755859375,2014-06-30,165.39999389648438,2014-12-08,false,false,251
2014-12-10,164,619.5999755859375,2014-06-30,164,2014-12-10,false,true,251
2014-12-11,155.1999969482422,619.5999755859375,2014-06-30,155.1999969482422,2014-12-11,false,true,251
2014-12-12,155.1999969482422,619.5999755859375,2014-06-30,155.1999969482422,2014-12-12,false,true,251
2014-12-15,147.8000030517578,619.5999755859375,2014-06-30,147.8000030517578,2014-12-15,false,true,251
2014-12-16,154,619.5999755859375,2014-06-30,147.8000030517578,2014-12-15,false,false,251
2014-12-17,176,619.5999755859375,2014-06-30,147.8000030517578,2014-12-15,false,false,251
2014-12-18,178.60000610351562,619.5999755859375,2014-06-30,147.8000030517578,2014-12-15,false,false,251
2014-12-19,200,619.5999755859375,2014-06-30,147.8000030517578,2014-12-15,false,false,251
2014-12-22,206.60000610351562,619.5999755859375,2014-06-30,147.8000030517578,2014-12-15,false,false,251
2014-12-23,219.1999969482422,619.5999755859375,2014-06-30,147.8000030517578,2014-12-15,false,false,251
2014-12-24,212.1999969482422,619.5999755859375,2014-06-30,147.8000030517578,2014-12-15,false,false,251
2014-12-26,208.39999389648438,619.5999755859375,2014-06-30,147.8000030517578,2014-12-15,false,false,251
2014-12-29,210,619.5999755859375,2014-06-30,147.8000030517578,2014-12-15,false,false,251
2014-12-30,210.1999969482422,619.5999755859375,2014-06-30,147.8000030517578,2014-12-15,false,false,251
2014-12-31,207,619.5999755859375,2014-06-30,147.8000030517578,2014-12-15,false,false,251
2015-01-02,218,619.5999755859375,2014-06-30,147.8000030517578,2014-12-15,false,false,251
2015-01-05,187.39999389648438,619.5999755859375,2014-06-30,147.8000030517578,2014-12-15,false,false,251
2015-01-06,168.39999389648438,619.5999755859375,2014-06-30,147.8000030517578,2014-12-15,false,false,251
2015-01-07,166.1999969482422,619.5999755859375,2014-06-30,147.8000030517578,2014-12-15,false,false,251
2015-01-08,180.60000610351562,619.5999755859375,2014-06-30,147.8000030517578,2014-12-15,false,false,251
2015-01-09,188,619.5999755859375,2014-06-30,147.8000030517578,2014-12-15,false,false,251
2015-01-12,173.60000610351562,619.5999755859375,2014-06-30,147.8000030517578,2014-12-15,false,false,251
2015-01-13,177.8000030517578,619.5999755859375,2014-06-30,147.8000030517578,2014-12-15,false,false,251
2015-01-14,183.8000030517578,619.5999755859375,2014-06-30,147.8000030517578,2014-12-15,false,false,251
2015-01-15,170,619.5999755859375,2014-06-30,147.8000030517578,2014-12-15,false,false,251
2015-01-16,180.8000030517578,619.5999755859375,2014-06-30,147.8000030517578,2014-12-15,false,false,251
2015-01-20,180.1999969482422,619.5999755859375,2014-06-30,147.8000030517578,2014-12-15,false,false,251
2015-01-21,197.39999389648438,619.5999755859375,2014-06-30,147.8000030517578,2014-12-15,false,false,251
2015-01-22,198.39999389648438,619.5999755859375,2014-06-30,147.8000030517578,2014-12-15,false,false,251
2015-01-23,185.60000610351562,619.5999755859375,2014-06-30,147.8000030517578,2014-12-15,false,false,251
2015-01-26,193.8000030517578,619.5999755859375,2014-06-30,147.8000030517578,2014-12-15,false,false,251
2015-01-27,201,619.5999755859375,2014-06-30,147.8000030517578,2014-12-15,false,false,251
2015-01-28,181.1999969482422,619.5999755859375,2014-06-30,147.8000030517578,2014-12-15,false,false,251
2015-01-29,183.39999389648438,619.5999755859375,2014-06-30,147.8000030517578,2014-12-15,false,false,251
2015-01-30,196.1999969482422,619.5999755859375,2014-06-30,147.8000030517578,2014-12-15,false,false,251
2015-02-02,221.1999969482422,619.5999755859375,2014-06-30,147.8000030517578,2014-12-15,false,false,251
2015-02-03,257.79998779296875,619.5999755859375,2014-06-30,147.8000030517578,2014-12-15,false,false,251
2015-02-04,266.6000061035156,619.5999755859375,2014-06-30,147.8000030517578,2014-12-15,false,false,251
2015-02-05,292.20001220703125,619.5999755859375,2014-06-30,147.8000030517578,2014-12-15,false,false,251
2015-02-06,266.6000061035156,619.5999755859375,2014-06-30,147.8000030517578,2014-12-15,false,false,251
2015-02-09,262.79998779296875,619.5999755859375,2014-06-30,147.8000030517578,2014-12-15,false,false,251
2015-02-10,247.1999969482422,619.5999755859375,2014-06-30,147.8000030517578,2014-12-15,false,false,251
2015-02-11,246.39999389648438,619.5999755859375,2014-06-30,147.8000030517578,2014-12-15,false,false,251
2015-02-12,248.8000030517578,619.5999755859375,2014-06-30,147.8000030517578,2014-12-15,false,false,251
2015-02-13,265,619.5999755859375,2014-06-30,147.8000030517578,2014-12-15,false,false,251
2015-02-17,276.3999938964844,619.5999755859375,2014-06-30,147.8000030517578,2014-12-15,false,false,251
2015-02-18,274.3999938964844,619.5999755859375,2014-06-30,147.8000030517578,2014-12-15,false,false,251
2015-02-19,279.20001220703125,619.5999755859375,2014-06-30,147.8000030517578,2014-12-15,false,false,251
2015-02-20,261.6000061035156,619.5999755859375,2014-06-30,147.8000030517578,2014-12-15,false,false,251
2015-02-23,256.6000061035156,619.5999755859375,2014-06-30,147.8000030517578,2014-12-15,false,false,251
2015-02-24,254.39999389648438,619.5999755859375,2014-06-30,147.8000030517578,2014-12-15,false,false,251
2015-02-25,260.79998779296875,619.5999755859375,2014-06-30,147.8000030517578,2014-12-15,false,false,251
2015-02-26,245.1999969482422,619.5999755859375,2014-06-30,147.8000030517578,2014-12-15,false,false,251
2015-02-27,238.60000610351562,619.5999755859375,2014-06-30,147.8000030517578,2014-12-15,false,false,251
2015-03-02,224.39999389648438,619.5999755859375,2014-06-30,147.8000030517578,2014-12-15,false,false,251
2015-03-03,236.8000030517578,619.5999755859375,2014-06-30,147.8000030517578,2014-12-15,false,false,251
2015-03-04,236.39999389648438,619.5999755859375,2014-06-30,147.8000030517578,2014-12-15,false,false,251
2015-03-05,233.39999389648438,619.5999755859375,2014-06-30,147.8000030517578,2014-12-15,false,false,251
2015-03-06,232.60000610351562,619.5999755859375,2014-06-30,147.8000030517578,2014-12-15,false,false,251
2015-03-09,232.8000030517578,619.5999755859375,2014-06-30,147.8000030517578,2014-12-15,false,false,251
2015-03-10,224.60000610351562,619.5999755859375,2014-06-30,147.8000030517578,2014-12-15,false,false,251
2015-03-11,230,619.5999755859375,2014-06-30,147.8000030517578,2014-12-15,false,false,251
2015-03-12,221.39999389648438,619.5999755859375,2014-06-30,147.8000030517578,2014-12-15,false,false,251
2015-03-13,223.60000610351562,619.5999755859375,2014-06-30,147.8000030517578,2014-12-15,false,false,251
2015-03-16,223.60000610351562,619.5999755859375,2014-06-30,147.8000030517578,2014-12-15,false,false,251
2015-03-17,220.39999389648438,619.5999755859375,2014-06-30,147.8000030517578,2014-12-15,false,false,251
2015-03-18,240.8000030517578,619.5999755859375,2014-06-30,147.8000030517578,2014-12-15,false,false,251
2015-03-19,235.39999389648438,619.5999755859375,2014-06-30,147.8000030517578,2014-12-15,false,false,251
2015-03-20,239.60000610351562,619.5999755859375,2014-06-30,147.8000030517578,2014-12-15,false,false,251
2015-03-23,234,619.5999755859375,2014-06-30,147.8000030517578,2014-12-15,false,false,251
2015-03-24,240,619.5999755859375,2014-06-30,147.8000030517578,2014-12-15,false,false,251
2015-03-25,253.39999389648438,619.5999755859375,2014-06-30,147.8000030517578,2014-12-15,false,false,251
2015-03-26,257.6000061035156,619.5999755859375,2014-06-30,147.8000030517578,2014-12-15,false,false,251
2015-03-27,255,619.5999755859375,2014-06-30,147.8000030517578,2014-12-15,false,false,251
2015-03-30,264.20001220703125,619.5999755859375,2014-06-30,147.8000030517578,2014-12-15,false,false,251
2015-03-31,260.79998779296875,619.5999755859375,2014-06-30,147.8000030517578,2014-12-15,false,false,251
2015-04-01,268,619.5999755859375,2014-06-30,147.8000030517578,2014-12-15,false,false,251
2015-04-02,286,619.5999755859375,2014-06-30,147.8000030517578,2014-12-15,false,false,251
2015-04-06,311.20001220703125,619.5999755859375,2014-06-30,147.8000030517578,2014-12-15,false,false,250
2015-04-07,311.79998779296875,619.5999755859375,2014-06-30,147.8000030517578,2014-12-15,false,false,250
2015-04-08,287.3999938964844,619.5999755859375,2014-06-30,147.8000030517578,2014-12-15,false,false,250
2015-04-09,295.6000061035156,619.5999755859375,2014-06-30,147.8000030517578,2014-12-15,false,false,250
2015-04-10,288.6000061035156,619.5999755859375,2014-06-30,147.8000030517578,2014-12-15,false,false,250
2015-04-13,281.6000061035156,619.5999755859375,2014-06-30,147.8000030517578,2014-12-15,false,false,250
2015-04-14,284.20001220703125,619.5999755859375,2014-06-30,147.8000030517578,2014-12-15,false,false,250
2015-04-15,303.79998779296875,619.5999755859375,2014-06-30,147.8000030517578,2014-12-15,false,false,250
2015-04-16,306.79998779296875,619.5999755859375,2014-06-30,147.8000030517578,2014-12-15,false,false,250
2015-04-17,295.79998779296875,619.5999755859375,2014-06-30,147.8000030517578,2014-12-15,false,false,250
2015-04-20,298,619.5999755859375,2014-06-30,147.8000030517578,2014-12-15,false,false,251
2015-04-21,285.20001220703125,619.5999755859375,2014-06-30,147.8000030517578,2014-12-15,false,false,251
2015-04-22,289.20001220703125,619.5999755859375,2014-06-30,147.8000030517578,2014-12-15,false,false,251
2015-04-23,300.79998779296875,619.5999755859375,2014-06-30,147.8000030517578,2014-12-15,false,false,251
2015-04-24,294.3999938964844,619.5999755859375,2014-06-30,147.8000030517578,2014-12-15,false,false,251
2015-04-27,292.20001220703125,619.5999755859375,2014-06-30,147.8000030517578,2014-12-15,false,false,251
2015-04-28,290.6000061035156,619.5999755859375,2014-06-30,147.8000030517578,2014-12-15,false,false,251
2015-04-29,308.6000061035156,619.5999755859375,2014-06-30,147.8000030517578,2014-12-15,false,false,251
2015-04-30,316,619.5999755859375,2014-06-30,147.8000030517578,2014-12-15,false,false,251
2015-05-01,316,619.5999755859375,2014-06-30,147.8000030517578,2014-12-15,false,false,251
2015-05-04,312.3999938964844,619.5999755859375,2014-06-30,147.8000030517578,2014-12-15,false,false,251
2015-05-05,300.6000061035156,619.5999755859375,2014-06-30,147.8000030517578,2014-12-15,false,false,251
2015-05-06,286,619.5999755859375,2014-06-30,147.8000030517578,2014-12-15,false,false,251
2015-05-07,274.3999938964844,619.5999755859375,2014-06-30,147.8000030517578,2014-12-15,false,false,251
2015-05-08,266.79998779296875,619.5999755859375,2014-06-30,147.8000030517578,2014-12-15,false,false,251
2015-05-11,267.79998779296875,619.5999755859375,2014-06-30,147.8000030517578,2014-12-15,false,false,251
2015-05-12,280.79998779296875,619.5999755859375,2014-06-30,147.8000030517578,2014-12-15,false,false,251
2015-05-13,278.6000061035156,619.5999755859375,2014-06-30,147.8000030517578,2014-12-15,false,false,251
2015-05-14,272.20001220703125,619.5999755859375,2014-06-30,147.8000030517578,2014-12-15,false,false,251
2015-05-15,276.79998779296875,619.5999755859375,2014-06-30,147.8000030517578,2014-12-15,false,false,251
2015-05-18,286.20001220703125,619.5999755859375,2014-06-30,147.8000030517578,2014-12-15,false,false,251
2015-05-19,268.6000061035156,619.5999755859375,2014-06-30,147.8000030517578,2014-12-15,false,false,251
2015-05-20,260.6000061035156,619.5999755859375,2014-06-30,147.8000030517578,2014-12-15,false,false,251
2015-05-21,274,619.5999755859375,2014-06-30,147.8000030517578,2014-12-15,false,false,251
2015-05-22,275.20001220703125,619.5999755859375,2014-06-30,147.8000030517578,2014-12-15,false,false,251
2015-05-26,276,619.5999755859375,2014-06-30,147.8000030517578,2014-12-15,false,false,251
2015-05-27,279.6000061035156,619.5999755859375,2014-06-30,147.8000030517578,2014-12-15,false,false,251
2015-05-28,262.20001220703125,619.5999755859375,2014-06-30,147.8000030517578,2014-12-15,false,false,251
2015-05-29,272.3999938964844,619.5999755859375,2014-06-30,147.8000030517578,2014-12-15,false,false,251
2015-06-01,283.20001220703125,619.5999755859375,2014-06-30,147.8000030517578,2014-12-15,false,false,251
2015-06-02,285,619.5999755859375,2014-06-30,147.8000030517578,2014-12-15,false,false,251
2015-06-03,282.6000061035156,619.5999755859375,2014-06-30,147.8000030517578,2014-12-15,false,false,251
2015-06-04,277.20001220703125,619.5999755859375,2014-06-30,147.8000030517578,2014-12-15,false,false,251
2015-06-05,286.3999938964844,619.5999755859375,2014-06-30,147.8000030517578,2014-12-15,false,false,251
2015-06-08,278,619.5999755859375,2014-06-30,147.8000030517578,2014-12-15,false,false,251
2015-06-09,289.20001220703125,619.5999755859375,2014-06-30,147.8000030517578,2014-12-15,false,false,251
2015-06-10,296.20001220703125,619.5999755859375,2014-06-30,147.8000030517578,2014-12-15,false,false,251
2015-06-11,298.6000061035156,619.5999755859375,2014-06-30,147.8000030517578,2014-12-15,false,false,251
2015-06-12,301,619.5999755859375,2014-06-30,147.8000030517578,2014-12-15,false,false,251
2015-06-15,290,619.5999755859375,2014-06-30,147.8000030517578,2014-12-15,false,false,251
2015-06-16,294,619.5999755859375,2014-06-30,147.8000030517578,2014-12-15,false,false,251
2015-06-17,285.20001220703125,619.5999755859375,2014-06-30,147.8000030517578,2014-12-15,false,false,251
2015-06-18,285.20001220703125,619.5999755859375,2014-06-30,147.8000030517578,2014-12-15,false,false,251
2015-06-19,278.6000061035156,619.5999755859375,2014-06-30,147.8000030517578,2014-12-15,false,false,251
2015-06-22,287,619.5999755859375,2014-06-30,147.8000030517578,2014-12-15,false,false,251
2015-06-23,284.20001220703125,619.5999755859375,2014-06-30,147.8000030517578,2014-12-15,false,false,251
2015-06-24,277.6000061035156,619.5999755859375,2014-06-30,147.8000030517578,2014-12-15,false,false,251
2015-06-25,272.20001220703125,619.5999755859375,2014-06-30,147.8000030517578,2014-12-15,false,false,251
2015-06-26,261.6000061035156,619.5999755859375,2014-06-30,147.8000030517578,2014-12-15,false,false,251
2015-06-29,252.8000030517578,619.5999755859375,2014-06-30,147.8000030517578,2014-12-15,false,false,251
2015-06-30,251.60000610351562,619.5999755859375,2014-06-30,147.8000030517578,2014-12-15,false,false,251
2015-07-01,240.39999389648438,611,2014-07-03,147.8000030517578,2014-12-15,false,false,251
2015-07-02,235.60000610351562,611,2014-07-03,147.8000030517578,2014-12-15,false,false,251
2015-07-06,229,611,2014-07-03,147.8000030517578,2014-12-15,false,false,251
2015-07-07,234,594.5999755859375,2014-07-08,147.8000030517578,2014-12-15,false,false,251
2015-07-08,221,594.5999755859375,2014-07-08,147.8000030517578,2014-12-15,false,false,251
2015-07-09,230.8000030517578,586.7999877929688,2014-07-22,147.8000030517578,2014-12-15,false,false,251
2015-07-10,223.8000030517578,586.7999877929688,2014-07-22,147.8000030517578,2014-12-15,false,false,251
2015-07-13,223.8000030517578,586.7999877929688,2014-07-22,147.8000030517578,2014-12-15,false,false,251
2015-07-14,236.60000610351562,586.7999877929688,2014-07-22,147.8000030517578,2014-12-15,false,false,251
2015-07-15,226.39999389648438,586.7999877929688,2014-07-22,147.8000030517578,2014-12-15,false,false,251
2015-07-16,220.1999969482422,586.7999877929688,2014-07-22,147.8000030517578,2014-12-15,false,false,251
2015-07-17,215.8000030517578,586.7999877929688,2014-07-22,147.8000030517578,2014-12-15,false,false,251
2015-07-20,202.39999389648438,586.7999877929688,2014-07-22,147.8000030517578,2014-12-15,false,false,251
2015-07-21,201,586.7999877929688,2014-07-22,147.8000030517578,2014-12-15,false,false,251
2015-07-22,194.1999969482422,586.7999877929688,2014-07-22,147.8000030517578,2014-12-15,false,false,251
2015-07-23,189.8000030517578,581.7999877929688,2014-07-24,147.8000030517578,2014-12-15,false,false,251
2015-07-24,178,581.7999877929688,2014-07-24,147.8000030517578,2014-12-15,false,false,251
2015-07-27,170.39999389648438,573.2000122070312,2014-07-29,147.8000030517578,2014-12-15,false,false,251
2015-07-28,175.60000610351562,573.2000122070312,2014-07-29,147.8000030517578,2014-12-15,false,false,251
2015-07-29,182,573.2000122070312,2014-07-29,147.8000030517578,2014-12-15,false,false,251
2015-07-30,179.1999969482422,547.7999877929688,2014-08-04,147.8000030517578,2014-12-15,false,false,251
2015-07-31,171.39999389648438,547.7999877929688,2014-08-04,147.8000030517578,2014-12-15,false,false,251
2015-08-03,165.60000610351562,547.7999877929688,2014-08-04,147.8000030517578,2014-12-15,false,false,251
2015-08-04,164.39999389648438,547.7999877929688,2014-08-04,147.8000030517578,2014-12-15,false,false,251
2015-08-05,155.8000030517578,526,2014-08-06,147.8000030517578,2014-12-15,false,false,251
2015-08-06,170.1999969482422,526,2014-08-06,147.8000030517578,2014-12-15,false,false,251
2015-08-07,160.1999969482422,491.3999938964844,2014-08-11,147.8000030517578,2014-12-15,false,false,251
2015-08-10,170.39999389648438,491.3999938964844,2014-08-11,147.8000030517578,2014-12-15,false,false,251
2015-08-11,171,491.3999938964844,2014-08-11,147.8000030517578,2014-12-15,false,false,251
2015-08-12,194.39999389648438,489,2014-09-11,147.8000030517578,2014-12-15,false,false,251
2015-08-13,189.8000030517578,489,2014-09-11,147.8000030517578,2014-12-15,false,false,251
2015-08-14,186,489,2014-09-11,147.8000030517578,2014-12-15,false,false,251
2015-08-17,191,489,2014-09-11,147.8000030517578,2014-12-15,false,false,251
2015-08-18,199,489,2014-09-11,147.8000030517578,2014-12-15,false,false,251
2015-08-19,194.1999969482422,489,2014-09-11,147.8000030517578,2014-12-15,false,false,251
2015-08-20,192,489,2014-09-11,147.8000030517578,2014-12-15,false,false,251
2015-08-21,186,489,2014-09-11,147.8000030517578,2014-12-15,false,false,251
2015-08-24,194.39999389648438,489,2014-09-11,147.8000030517578,2014-12-15,false,false,251
2015-08-25,201.39999389648438,489,2014-09-11,147.8000030517578,2014-12-15,false,false,251
2015-08-26,185.60000610351562,489,2014-09-11,147.8000030517578,2014-12-15,false,false,251
2015-08-27,197,489,2014-09-11,147.8000030517578,2014-12-15,false,false,251
2015-08-28,198.39999389648438,489,2014-09-11,147.8000030517578,2014-12-15,false,false,251
2015-08-31,203.8000030517578,489,2014-09-11,147.8000030517578,2014-12-15,false,false,251
2015-09-01,199.1999969482422,489,2014-09-11,147.8000030517578,2014-12-15,false,false,252
2015-09-02,199.1999969482422,489,2014-09-11,147.8000030517578,2014-12-15,false,false,252
2015-09-03,211.1999969482422,489,2014-09-11,147.8000030517578,2014-12-15,false,false,252
2015-09-04,203.39999389648438,489,2014-09-11,147.8000030517578,2014-12-15,false,false,252
2015-09-08,203.39999389648438,489,2014-09-11,147.8000030517578,2014-12-15,false,false,251
2015-09-09,197.8000030517578,489,2014-09-11,147.8000030517578,2014-12-15,false,false,251
2015-09-10,198,489,2014-09-11,147.8000030517578,2014-12-15,false,false,251
2015-09-11,194.39999389648438,489,2014-09-11,147.8000030517578,2014-12-15,false,false,251
2015-09-14,189.1999969482422,477.6000061035156,2014-09-16,147.8000030517578,2014-12-15,false,false,251
2015-09-15,201,477.6000061035156,2014-09-16,147.8000030517578,2014-12-15,false,false,251
2015-09-16,227.8000030517578,477.6000061035156,2014-09-16,147.8000030517578,2014-12-15,false,false,251
2015-09-17,225,467,2014-09-18,147.8000030517578,2014-12-15,false,false,251
2015-09-18,206.8000030517578,467,2014-09-18,147.8000030517578,2014-12-15,false,false,251
2015-09-21,209.39999389648438,456.3999938964844,2014-10-01,147.8000030517578,2014-12-15,false,false,251
2015-09-22,207.39999389648438,456.3999938964844,2014-10-01,147.8000030517578,2014-12-15,false,false,251
2015-09-23,193.60000610351562,456.3999938964844,2014-10-01,147.8000030517578,2014-12-15,false,false,251
2015-09-24,193.39999389648438,456.3999938964844,2014-10-01,147.8000030517578,2014-12-15,false,false,251
2015-09-25,195.1999969482422,456.3999938964844,2014-10-01,147.8000030517578,2014-12-15,false,false,251
2015-09-28,180.8000030517578,456.3999938964844,2014-10-01,147.8000030517578,2014-12-15,false,false,251
2015-09-29,181.39999389648438,456.3999938964844,2014-10-01,147.8000030517578,2014-12-15,false,false,251
2015-09-30,188.60000610351562,456.3999938964844,2014-10-01,147.8000030517578,2014-12-15,false,false,251
2015-10-01,197.60000610351562,456.3999938964844,2014-10-01,147.8000030517578,2014-12-15,false,false,251
2015-10-02,221.1999969482422,439.79998779296875,2014-10-06,147.8000030517578,2014-12-15,false,false,251
2015-10-05,235.39999389648438,439.79998779296875,2014-10-06,147.8000030517578,2014-12-15,false,false,251
2015-10-06,269.79998779296875,439.79998779296875,2014-10-06,147.8000030517578,2014-12-15,false,false,251
2015-10-07,264.20001220703125,416,2014-10-08,147.8000030517578,2014-12-15,false,false,251
2015-10-08,279.20001220703125,416,2014-10-08,147.8000030517578,2014-12-15,false,false,251
2015-10-09,268,392.3999938964844,2014-10-10,147.8000030517578,2014-12-15,false,false,251
2015-10-12,261.79998779296875,392.3999938964844,2014-10-10,147.8000030517578,2014-12-15,false,false,251
2015-10-13,254.39999389648438,381.6000061035156,2014-11-07,147.8000030517578,2014-12-15,false,false,251
2015-10-14,254.8000030517578,381.6000061035156,2014-11-07,147.8000030517578,2014-12-15,false,false,251
2015-10-15,259.6000061035156,381.6000061035156,2014-11-07,147.8000030517578,2014-12-15,false,false,251
2015-10-16,259.20001220703125,381.6000061035156,2014-11-07,147.8000030517578,2014-12-15,false,false,251
2015-10-19,253,381.6000061035156,2014-11-07,147.8000030517578,2014-12-15,false,false,251
2015-10-20,251.1999969482422,381.6000061035156,2014-11-07,147.8000030517578,2014-12-15,false,false,251
2015-10-21,233.8000030517578,381.6000061035156,2014-11-07,147.8000030517578,2014-12-15,false,false,251
2015-10-22,231,381.6000061035156,2014-11-07,147.8000030517578,2014-12-15,false,false,251
2015-10-23,233.60000610351562,381.6000061035156,2014-11-07,147.8000030517578,2014-12-15,false,false,251
2015-10-26,235.39999389648438,381.6000061035156,2014-11-07,147.8000030517578,2014-12-15,false,false,251
2015-10-27,224,381.6000061035156,2014-11-07,147.8000030517578,2014-12-15,false,false,251
2015-10-28,232.8000030517578,381.6000061035156,2014-11-07,147.8000030517578,2014-12-15,false,false,251
2015-10-29,230.1999969482422,381.6000061035156,2014-11-07,147.8000030517578,2014-12-15,false,false,251
2015-10-30,229.60000610351562,381.6000061035156,2014-11-07,147.8000030517578,2014-12-15,false,false,251
2015-11-02,246.60000610351562,381.6000061035156,2014-11-07,147.8000030517578,2014-12-15,false,false,251
2015-11-03,260.79998779296875,381.6000061035156,2014-11-07,147.8000030517578,2014-12-15,false,false,251
2015-11-04,254.1999969482422,381.6000061035156,2014-11-07,147.8000030517578,2014-12-15,false,false,251
2015-11-05,246.39999389648438,381.6000061035156,2014-11-07,147.8000030517578,2014-12-15,false,false,251
2015-11-06,241,381.6000061035156,2014-11-07,147.8000030517578,2014-12-15,false,false,251
2015-11-09,251.60000610351562,381.6000061035156,2014-11-07,147.8000030517578,2014-12-15,false,false,251
2015-11-10,254.8000030517578,367.20001220703125,2014-11-11,147.8000030517578,2014-12-15,false,false,251
2015-11-11,238.8000030517578,367.20001220703125,2014-11-11,147.8000030517578,2014-12-15,false,false,251
2015-11-12,227,354.20001220703125,2014-11-14,147.8000030517578,2014-12-15,false,false,251
2015-11-13,231.1999969482422,354.20001220703125,2014-11-14,147.8000030517578,2014-12-15,false,false,251
2015-11-16,251.39999389648438,354.20001220703125,2014-11-14,147.8000030517578,2014-12-15,false,false,251
2015-11-17,243,340.79998779296875,2014-11-21,147.8000030517578,2014-12-15,false,false,251
2015-11-18,244.8000030517578,340.79998779296875,2014-11-21,147.8000030517578,2014-12-15,false,false,251
2015-11-19,234,340.79998779296875,2014-11-21,147.8000030517578,2014-12-15,false,false,251
2015-11-20,222.39999389648438,340.79998779296875,2014-11-21,147.8000030517578,2014-12-15,false,false,251
2015-11-23,220.8000030517578,340.79998779296875,2014-11-21,147.8000030517578,2014-12-15,false,false,251
2015-11-24,234.8000030517578,325.20001220703125,2014-11-25,147.8000030517578,2014-12-15,false,false,251
2015-11-25,231.1999969482422,325.20001220703125,2014-11-25,147.8000030517578,2014-12-15,false,false,251
2015-11-27,221.8000030517578,316,2015-05-01,147.8000030517578,2014-12-15,false,false,251
2015-11-30,217.8000030517578,316,2015-05-01,147.8000030517578,2014-12-15,false,false,251
2015-12-01,217,316,2015-05-01,147.8000030517578,2014-12-15,false,false,251
2015-12-02,208,316,2015-05-01,147.8000030517578,2014-12-15,false,false,251
2015-12-03,205.39999389648438,316,2015-05-01,147.8000030517578,2014-12-15,false,false,251
2015-12-04,188.39999389648438,316,2015-05-01,147.8000030517578,2014-12-15,false,false,251
2015-12-07,175.1999969482422,316,2015-05-01,147.8000030517578,2014-12-15,false,false,251
2015-12-08,185.60000610351562,316,2015-05-01,147.8000030517578,2014-12-15,false,false,251
2015-12-09,188,316,2015-05-01,147.8000030517578,2014-12-15,false,false,251
2015-12-10,187.39999389648438,316,2015-05-01,147.8000030517578,2014-12-15,false,false,251
2015-12-11,176.39999389648438,316,2015-05-01,147.8000030517578,2014-12-15,false,false,251
2015-12-14,182.8000030517578,316,2015-05-01,147.8000030517578,2014-12-15,false,false,251
2015-12-15,179,316,2015-05-01,147.8000030517578,2014-12-15,false,false,251
2015-12-16,166.8000030517578,316,2015-05-01,155.8000030517578,2015-08-05,false,false,251
2015-12-17,157.60000610351562,316,2015-05-01,155.8000030517578,2015-08-05,false,false,251
2015-12-18,155.8000030517578,316,2015-05-01,155.8000030517578,2015-12-18,false,true,251
2015-12-21,141,316,2015-05-01,141,2015-12-21,false,true,251
2015-12-22,146.8000030517578,316,2015-05-01,141,2015-12-21,false,false,251
2015-12-23,174,316,2015-05-01,141,2015-12-21,false,false,251
2015-12-24,175.8000030517578,316,2015-05-01,141,2015-12-21,false,false,251
2015-12-28,165.60000610351562,316,2015-05-01,141,2015-12-21,false,false,251
2015-12-29,167,316,2015-05-01,141,2015-12-21,false,false,251
2015-12-30,157,316,2015-05-01,141,2015-12-21,false,false,251
2015-12-31,159.8000030517578,316,2015-05-01,141,2015-12-21,false,false,251
2016-01-04,170.39999389648438,316,2015-05-01,141,2015-12-21,false,false,251
2016-01-05,170.39999389648438,316,2015-05-01,141,2015-12-21,false,false,251
2016-01-06,144.60000610351562,316,2015-05-01,141,2015-12-21,false,false,251
2016-01-07,135.1999969482422,316,2015-05-01,135.1999969482422,2016-01-07,false,true,251
2016-01-08,140,316,2015-05-01,135.1999969482422,2016-01-07,false,false,251
2016-01-11,131.1999969482422,316,2015-05-01,131.1999969482422,2016-01-11,false,true,251
2016-01-12,127,316,2015-05-01,127,2016-01-12,false,true,251
2016-01-13,130.60000610351562,316,2015-05-01,127,2016-01-12,false,false,251
2016-01-14,141,316,2015-05-01,127,2016-01-12,false,false,251
2016-01-15,141.39999389648438,316,2015-05-01,127,2016-01-12,false,false,251
2016-01-19,135,316,2015-05-01,127,2016-01-12,false,false,251
2016-01-20,122.19999694824219,316,2015-05-01,122.19999694824219,2016-01-20,false,true,251
2016-01-21,135.8000030517578,316,2015-05-01,122.19999694824219,2016-01-20,false,false,251
2016-01-22,131,316,2015-05-01,122.19999694824219,2016-01-20,false,false,251
2016-01-25,123,316,2015-05-01,122.19999694824219,2016-01-20,false,false,251
2016-01-26,134,316,2015-05-01,122.19999694824219,2016-01-20,false,false,251
2016-01-27,139.8000030517578,316,2015-05-01,122.19999694824219,2016-01-20,false,false,251
2016-01-28,147,316,2015-05-01,122.19999694824219,2016-01-20,false,false,251
2016-01-29,155.1999969482422,316,2015-05-01,122.19999694824219,2016-01-20,false,false,251
2016-02-01,145.1999969482422,316,2015-05-01,122.19999694824219,2016-01-20,false,false,251
2016-02-02,140.60000610351562,316,2015-05-01,122.19999694824219,2016-01-20,false,false,251
2016-02-03,148.1999969482422,316,2015-05-01,122.19999694824219,2016-01-20,false,false,251
2016-02-04,142.8000030517578,316,2015-05-01,122.19999694824219,2016-01-20,false,false,251
2016-02-05,128.8000030517578,316,2015-05-01,122.19999694824219,2016-01-20,false,false,251
2016-02-08,125,316,2015-05-01,122.19999694824219,2016-01-20,false,false,251
2016-02-09,122,316,2015-05-01,122,2016-02-09,false,true,251
2016-02-10,113,316,2015-05-01,113,2016-02-10,false,true,251
2016-02-11,109.4000015258789,316,2015-05-01,109.4000015258789,2016-02-11,false,true,251
2016-02-12,108,316,2015-05-01,108,2016-02-12,false,true,251
2016-02-16,95.80000305175781,316,2015-05-01,95.80000305175781,2016-02-16,false,true,251
2016-02-17,101.4000015258789,316,2015-05-01,95.80000305175781,2016-02-16,false,false,251
2016-02-18,94.80000305175781,316,2015-05-01,94.80000305175781,2016-02-18,false,true,251
2016-02-19,82,316,2015-05-01,82,2016-02-19,false,true,251
2016-02-22,93.4000015258789,316,2015-05-01,82,2016-02-19,false,false,251
2016-02-23,91.5999984741211,316,2015-05-01,82,2016-02-19,false,false,251
2016-02-24,87.80000305175781,316,2015-05-01,82,2016-02-19,false,false,251
2016-02-25,94.4000015258789,316,2015-05-01,82,2016-02-19,false,false,251
2016-02-26,99,316,2015-05-01,82,2016-02-19,false,false,251
2016-02-29,102.19999694824219,316,2015-05-01,82,2016-02-19,false,false,251
2016-03-01,101,316,2015-05-01,82,2016-02-19,false,false,251
2016-03-02,118.19999694824219,316,2015-05-01,82,2016-02-19,false,false,251
2016-03-03,132.1999969482422,316,2015-05-01,82,2016-02-19,false,false,251
2016-03-04,157.1999969482422,316,2015-05-01,82,2016-02-19,false,false,251
2016-03-07,173.39999389648438,316,2015-05-01,82,2016-02-19,false,false,251
2016-03-08,148.60000610351562,316,2015-05-01,82,2016-02-19,false,false,251
2016-03-09,159.8000030517578,316,2015-05-01,82,2016-02-19,false,false,251
2016-03-10,156,316,2015-05-01,82,2016-02-19,false,false,251
2016-03-11,158,316,2015-05-01,82,2016-02-19,false,false,251
2016-03-14,149.8000030517578,316,2015-05-01,82,2016-02-19,false,false,251
2016-03-15,151.39999389648438,316,2015-05-01,82,2016-02-19,false,false,251
2016-03-16,153.8000030517578,316,2015-05-01,82,2016-02-19,false,false,251
2016-03-17,171.1999969482422,316,2015-05-01,82,2016-02-19,false,false,251
2016-03-18,178,316,2015-05-01,82,2016-02-19,false,false,251
2016-03-21,176.39999389648438,316,2015-05-01,82,2016-02-19,false,false,251
2016-03-22,175,316,2015-05-01,82,2016-02-19,false,false,251
2016-03-23,162.39999389648438,316,2015-05-01,82,2016-02-19,false,false,251
2016-03-24,158.39999389648438,316,2015-05-01,82,2016-02-19,false,false,251
2016-03-28,154.39999389648438,316,2015-05-01,82,2016-02-19,false,false,250
2016-03-29,157.8000030517578,316,2015-05-01,82,2016-02-19,false,false,250
2016-03-30,155.8000030517578,316,2015-05-01,82,2016-02-19,false,false,250
2016-03-31,158.60000610351562,316,2015-05-01,82,2016-02-19,false,false,250
2016-04-01,154.1999969482422,316,2015-05-01,82,2016-02-19,false,false,250
2016-04-04,150.39999389648438,316,2015-05-01,82,2016-02-19,false,false,251
2016-04-05,149.39999389648438,316,2015-05-01,82,2016-02-19,false,false,251
2016-04-06,164.1999969482422,316,2015-05-01,82,2016-02-19,false,false,251
2016-04-07,164.39999389648438,316,2015-05-01,82,2016-02-19,false,false,251
2016-04-08,173.60000610351562,316,2015-05-01,82,2016-02-19,false,false,251
2016-04-11,174.8000030517578,316,2015-05-01,82,2016-02-19,false,false,251
2016-04-12,203.1999969482422,316,2015-05-01,82,2016-02-19,false,false,251
2016-04-13,202.39999389648438,316,2015-05-01,82,2016-02-19,false,false,251
2016-04-14,203.8000030517578,316,2015-05-01,82,2016-02-19,false,false,251
2016-04-15,200.1999969482422,316,2015-05-01,82,2016-02-19,false,false,251
2016-04-18,200,316,2015-05-01,82,2016-02-19,false,false,251
2016-04-19,216.60000610351562,316,2015-05-01,82,2016-02-19,false,false,251
2016-04-20,216.39999389648438,316,2015-05-01,82,2016-02-19,false,false,251
2016-04-21,214.8000030517578,316,2015-05-01,82,2016-02-19,false,false,251
2016-04-22,225.60000610351562,316,2015-05-01,82,2016-02-19,false,false,251
2016-04-25,225.1999969482422,316,2015-05-01,82,2016-02-19,false,false,251
2016-04-26,238.60000610351562,316,2015-05-01,82,2016-02-19,false,false,251
2016-04-27,241.8000030517578,316,2015-05-01,82,2016-02-19,false,false,251
2016-04-28,234.8000030517578,316,2015-05-01,82,2016-02-19,false,false,251
2016-04-29,243.60000610351562,316,2015-05-01,82,2016-02-19,false,false,251
2016-05-02,242.39999389648438,316,2015-05-01,82,2016-02-19,false,false,251
2016-05-03,234,301,2015-06-12,82,2016-02-19,false,false,251
2016-05-04,225.8000030517578,301,2015-06-12,82,2016-02-19,false,false,251
2016-05-05,252,301,2015-06-12,82,2016-02-19,false,false,251
2016-05-06,238.8000030517578,301,2015-06-12,82,2016-02-19,false,false,251
2016-05-09,227.60000610351562,301,2015-06-12,82,2016-02-19,false,false,251
2016-05-10,232.60000610351562,301,2015-06-12,82,2016-02-19,false,false,251
2016-05-11,223.39999389648438,301,2015-06-12,82,2016-02-19,false,false,251
2016-05-12,223.39999389648438,301,2015-06-12,82,2016-02-19,false,false,251
2016-05-13,217.1999969482422,301,2015-06-12,82,2016-02-19,false,false,251
2016-05-16,233.8000030517578,301,2015-06-12,82,2016-02-19,false,false,251
2016-05-17,232,301,2015-06-12,82,2016-02-19,false,false,251
2016-05-18,225.1999969482422,301,2015-06-12,82,2016-02-19,false,false,251
2016-05-19,219.8000030517578,301,2015-06-12,82,2016-02-19,false,false,251
2016-05-20,220,301,2015-06-12,82,2016-02-19,false,false,251
2016-05-23,222.60000610351562,301,2015-06-12,82,2016-02-19,false,false,251
2016-05-24,225,301,2015-06-12,82,2016-02-19,false,false,252
2016-05-25,247.1999969482422,301,2015-06-12,82,2016-02-19,false,false,252
2016-05-26,238.1999969482422,301,2015-06-12,82,2016-02-19,false,false,252
2016-05-27,232,301,2015-06-12,82,2016-02-19,false,false,252
2016-05-31,242.1999969482422,301,2015-06-12,82,2016-02-19,false,false,251
2016-06-01,244.60000610351562,301,2015-06-12,82,2016-02-19,false,false,251
2016-06-02,248.1999969482422,301,2015-06-12,82,2016-02-19,false,false,251
2016-06-03,248.1999969482422,301,2015-06-12,82,2016-02-19,false,false,251
2016-06-06,251.60000610351562,301,2015-06-12,82,2016-02-19,false,false,251
2016-06-07,254.8000030517578,301,2015-06-12,82,2016-02-19,false,false,251
2016-06-08,252.1999969482422,301,2015-06-12,82,2016-02-19,false,false,251
2016-06-09,248.1999969482422,301,2015-06-12,82,2016-02-19,false,false,251
2016-06-10,225.1999969482422,301,2015-06-12,82,2016-02-19,false,false,251
2016-06-13,220.8000030517578,301,2015-06-12,82,2016-02-19,false,false,251
2016-06-14,231.39999389648438,294,2015-06-16,82,2016-02-19,false,false,251
2016-06-15,233.60000610351562,294,2015-06-16,82,2016-02-19,false,false,251
2016-06-16,216.39999389648438,287,2015-06-22,82,2016-02-19,false,false,251
2016-06-17,225.60000610351562,287,2015-06-22,82,2016-02-19,false,false,251
2016-06-20,227.60000610351562,287,2015-06-22,82,2016-02-19,false,false,251
2016-06-21,227.8000030517578,287,2015-06-22,82,2016-02-19,false,false,251
2016-06-22,226.1999969482422,279.20001220703125,2015-10-08,82,2016-02-19,false,false,251
2016-06-23,229.1999969482422,279.20001220703125,2015-10-08,82,2016-02-19,false,false,251
2016-06-24,216.1999969482422,279.20001220703125,2015-10-08,82,2016-02-19,false,false,251
2016-06-27,198.8000030517578,279.20001220703125,2015-10-08,82,2016-02-19,false,false,251
2016-06-28,206.39999389648438,279.20001220703125,2015-10-08,82,2016-02-19,false,false,251
2016-06-29,214.8000030517578,279.20001220703125,2015-10-08,82,2016-02-19,false,false,251
2016-06-30,209.60000610351562,279.20001220703125,2015-10-08,82,2016-02-19,false,false,251
2016-07-01,220.60000610351562,279.20001220703125,2015-10-08,82,2016-02-19,false,false,251
2016-07-05,210.60000610351562,279.20001220703125,2015-10-08,82,2016-02-19,false,false,251
2016-07-06,213,279.20001220703125,2015-10-08,82,2016-02-19,false,false,251
2016-07-07,207.39999389648438,279.20001220703125,2015-10-08,82,2016-02-19,false,false,251
2016-07-08,213.1999969482422,279.20001220703125,2015-10-08,82,2016-02-19,false,false,251
2016-07-11,215.1999969482422,279.20001220703125,2015-10-08,82,2016-02-19,false,false,251
2016-07-12,232,279.20001220703125,2015-10-08,82,2016-02-19,false,false,251
2016-07-13,223,279.20001220703125,2015-10-08,82,2016-02-19,false,false,251
2016-07-14,214,279.20001220703125,2015-10-08,82,2016-02-19,false,false,251
2016-07-15,211.1999969482422,279.20001220703125,2015-10-08,82,2016-02-19,false,false,251
2016-07-18,209,279.20001220703125,2015-10-08,82,2016-02-19,false,false,251
2016-07-19,198.60000610351562,279.20001220703125,2015-10-08,82,2016-02-19,false,false,251
2016-07-20,198,279.20001220703125,2015-10-08,82,2016-02-19,false,false,251
2016-07-21,194,279.20001220703125,2015-10-08,82,2016-02-19,false,false,251
2016-07-22,195.39999389648438,279.20001220703125,2015-10-08,82,2016-02-19,false,false,251
2016-07-25,191,279.20001220703125,2015-10-08,82,2016-02-19,false,false,251
2016-07-26,201.39999389648438,279.20001220703125,2015-10-08,82,2016-02-19,false,false,251
2016-07-27,188.39999389648438,279.20001220703125,2015-10-08,82,2016-02-19,false,false,251
2016-07-28,190.39999389648438,279.20001220703125,2015-10-08,82,2016-02-19,false,false,251
2016-07-29,200.39999389648438,279.20001220703125,2015-10-08,82,2016-02-19,false,false,251
2016-08-01,191.1999969482422,279.20001220703125,2015-10-08,82,2016-02-19,false,false,251
2016-08-02,196,279.20001220703125,2015-10-08,82,2016-02-19,false,false,251
2016-08-03,209.39999389648438,279.20001220703125,2015-10-08,82,2016-02-19,false,false,251
2016-08-04,219.1999969482422,279.20001220703125,2015-10-08,82,2016-02-19,false,false,251
2016-08-05,225.39999389648438,279.20001220703125,2015-10-08,82,2016-02-19,false,false,251
2016-08-08,235,279.20001220703125,2015-10-08,82,2016-02-19,false,false,251
2016-08-09,224,279.20001220703125,2015-10-08,82,2016-02-19,false,false,251
2016-08-10,217.1999969482422,279.20001220703125,2015-10-08,82,2016-02-19,false,false,251
2016-08-11,224.8000030517578,279.20001220703125,2015-10-08,82,2016-02-19,false,false,251
2016-08-12,224,279.20001220703125,2015-10-08,82,2016-02-19,false,false,251
2016-08-15,230.60000610351562,279.20001220703125,2015-10-08,82,2016-02-19,false,false,251
2016-08-16,236.8000030517578,279.20001220703125,2015-10-08,82,2016-02-19,false,false,251
2016-08-17,241.1999969482422,279.20001220703125,2015-10-08,82,2016-02-19,false,false,251
2016-08-18,257.79998779296875,279.20001220703125,2015-10-08,82,2016-02-19,false,false,251
2016-08-19,257.79998779296875,279.20001220703125,2015-10-08,82,2016-02-19,false,false,251
2016-08-22,251.39999389648438,279.20001220703125,2015-10-08,82,2016-02-19,false,false,251
2016-08-23,251.39999389648438,279.20001220703125,2015-10-08,82,2016-02-19,false,false,251
2016-08-24,251.1999969482422,279.20001220703125,2015-10-08,82,2016-02-19,false,false,251
2016-08-25,251.8000030517578,279.20001220703125,2015-10-08,82,2016-02-19,false,false,251
2016-08-26,252.1999969482422,279.20001220703125,2015-10-08,82,2016-02-19,false,false,251
2016-08-29,254.60000610351562,279.20001220703125,2015-10-08,82,2016-02-19,false,false,251
2016-08-30,249.8000030517578,279.20001220703125,2015-10-08,82,2016-02-19,false,false,251
2016-08-31,245.60000610351562,279.20001220703125,2015-10-08,82,2016-02-19,false,false,251
2016-09-01,242.60000610351562,279.20001220703125,2015-10-08,82,2016-02-19,false,false,251
2016-09-02,249.1999969482422,279.20001220703125,2015-10-08,82,2016-02-19,false,false,251
2016-09-06,253.8000030517578,279.20001220703125,2015-10-08,82,2016-02-19,false,false,251
2016-09-07,257.20001220703125,279.20001220703125,2015-10-08,82,2016-02-19,false,false,251
2016-09-08,270,279.20001220703125,2015-10-08,82,2016-02-19,false,false,251
2016-09-09,259,279.20001220703125,2015-10-08,82,2016-02-19,false,false,251
2016-09-12,263.20001220703125,279.20001220703125,2015-10-08,82,2016-02-19,false,false,251
2016-09-13,240.8000030517578,279.20001220703125,2015-10-08,82,2016-02-19,false,false,251
2016-09-14,227.1999969482422,279.20001220703125,2015-10-08,82,2016-02-19,false,false,251
2016-09-15,225,279.20001220703125,2015-10-08,82,2016-02-19,false,false,251
2016-09-16,230.60000610351562,279.20001220703125,2015-10-08,82,2016-02-19,false,false,251
2016-09-19,228,279.20001220703125,2015-10-08,82,2016-02-19,false,false,251
2016-09-20,224.8000030517578,279.20001220703125,2015-10-08,82,2016-02-19,false,false,251
2016-09-21,233.8000030517578,279.20001220703125,2015-10-08,82,2016-02-19,false,false,251
2016-09-22,235.1999969482422,279.20001220703125,2015-10-08,82,2016-02-19,false,false,251
2016-09-23,228,279.20001220703125,2015-10-08,82,2016-02-19,false,false,251
2016-09-26,232.8000030517578,279.20001220703125,2015-10-08,82,2016-02-19,false,false,251
2016-09-27,223,279.20001220703125,2015-10-08,82,2016-02-19,false,false,251
2016-09-28,242.8000030517578,279.20001220703125,2015-10-08,82,2016-02-19,false,false,251
2016-09-29,252.8000030517578,279.20001220703125,2015-10-08,82,2016-02-19,false,false,251
2016-09-30,258,279.20001220703125,2015-10-08,82,2016-02-19,false,false,251
2016-10-03,260,279.20001220703125,2015-10-08,82,2016-02-19,false,false,251
2016-10-04,260.6000061035156,279.20001220703125,2015-10-08,82,2016-02-19,false,false,251
2016-10-05,270.79998779296875,279.20001220703125,2015-10-08,82,2016-02-19,false,false,251
2016-10-06,270.3999938964844,279.20001220703125,2015-10-08,82,2016-02-19,false,false,251
2016-10-07,266.79998779296875,279.20001220703125,2015-10-08,82,2016-02-19,false,false,251
2016-10-10,271.6000061035156,271.6000061035156,2016-10-10,82,2016-02-19,true,false,251
2016-10-11,269.20001220703125,271.6000061035156,2016-10-10,82,2016-02-19,false,false,251
2016-10-12,260.6000061035156,271.6000061035156,2016-10-10,82,2016-02-19,false,false,251
2016-10-13,258.20001220703125,271.6000061035156,2016-10-10,82,2016-02-19,false,false,251
2016-10-14,262.6000061035156,271.6000061035156,2016-10-10,82,2016-02-19,false,false,251
2016-10-17,266.20001220703125,271.6000061035156,2016-10-10,82,2016-02-19,false,false,251
2016-10-18,262.3999938964844,271.6000061035156,2016-10-10,82,2016-02-19,false,false,251
2016-10-19,267.3999938964844,271.6000061035156,2016-10-10,82,2016-02-19,false,false,251
2016-10-20,269.20001220703125,271.6000061035156,2016-10-10,82,2016-02-19,false,false,251
2016-10-21,267.3999938964844,271.6000061035156,2016-10-10,82,2016-02-19,false,false,251
2016-10-24,258.20001220703125,271.6000061035156,2016-10-10,82,2016-02-19,false,false,251
2016-10-25,252.8000030517578,271.6000061035156,2016-10-10,82,2016-02-19,false,false,251
2016-10-26,259.79998779296875,271.6000061035156,2016-10-10,82,2016-02-19,false,false,251
2016-10-27,258,271.6000061035156,2016-10-10,82,2016-02-19,false,false,251
2016-10-28,249.60000610351562,271.6000061035156,2016-10-10,82,2016-02-19,false,false,251
2016-10-31,238.39999389648438,271.6000061035156,2016-10-10,82,2016-02-19,false,false,251
2016-11-01,241.39999389648438,271.6000061035156,2016-10-10,82,2016-02-19,false,false,251
2016-11-02,238,271.6000061035156,2016-10-10,82,2016-02-19,false,false,251
2016-11-03,264,271.6000061035156,2016-10-10,82,2016-02-19,false,false,251
2016-11-04,254.1999969482422,271.6000061035156,2016-10-10,82,2016-02-19,false,false,251
2016-11-07,259.6000061035156,271.6000061035156,2016-10-10,82,2016-02-19,false,false,251
2016-11-08,254.8000030517578,271.6000061035156,2016-10-10,82,2016-02-19,false,false,251
2016-11-09,269,271.6000061035156,2016-10-10,82,2016-02-19,false,false,251
2016-11-10,263.20001220703125,271.6000061035156,2016-10-10,82,2016-02-19,false,false,251
2016-11-11,262.3999938964844,271.6000061035156,2016-10-10,82,2016-02-19,false,false,251
2016-11-14,265.20001220703125,271.6000061035156,2016-10-10,82,2016-02-19,false,false,251
2016-11-15,284.6000061035156,284.6000061035156,2016-11-15,82,2016-02-19,true,false,251
2016-11-16,281.3999938964844,284.6000061035156,2016-11-15,82,2016-02-19,false,false,251
2016-11-17,280.6000061035156,284.6000061035156,2016-11-15,82,2016-02-19,false,false,251
2016-11-18,288.3999938964844,288.3999938964844,2016-11-18,82,2016-02-19,true,false,251
2016-11-21,307.20001220703125,307.20001220703125,2016-11-21,82,2016-02-19,true,false,251
2016-11-22,301.3999938964844,307.20001220703125,2016-11-21,82,2016-02-19,false,false,251
2016-11-23,302.79998779296875,307.20001220703125,2016-11-21,82,2016-02-19,false,false,251
2016-11-25,294.3999938964844,307.20001220703125,2016-11-21,82,2016-02-19,false,false,251
2016-11-28,280,307.20001220703125,2016-11-21,82,2016-02-19,false,false,251
2016-11-29,275.79998779296875,307.20001220703125,2016-11-21,82,2016-02-19,false,false,251
2016-11-30,319.79998779296875,319.79998779296875,2016-11-30,82,2016-02-19,true,false,251
2016-12-01,310,319.79998779296875,2016-11-30,82,2016-02-19,false,false,251
2016-12-02,300.20001220703125,319.79998779296875,2016-11-30,82,2016-02-19,false,false,251
2016-12-05,290.3999938964844,319.79998779296875,2016-11-30,82,2016-02-19,false,false,251
2016-12-06,291,319.79998779296875,2016-11-30,82,2016-02-19,false,false,251
2016-12-07,283.6000061035156,319.79998779296875,2016-11-30,82,2016-02-19,false,false,251
2016-12-08,287.79998779296875,319.79998779296875,2016-11-30,82,2016-02-19,false,false,251
2016-12-09,286.79998779296875,319.79998779296875,2016-11-30,82,2016-02-19,false,false,251
2016-12-12,287.6000061035156,319.79998779296875,2016-11-30,82,2016-02-19,false,false,251
2016-12-13,292,319.79998779296875,2016-11-30,82,2016-02-19,false,false,251
2016-12-14,275.20001220703125,319.79998779296875,2016-11-30,82,2016-02-19,false,false,251
2016-12-15,278.79998779296875,319.79998779296875,2016-11-30,82,2016-02-19,false,false,251
2016-12-16,282.79998779296875,319.79998779296875,2016-11-30,82,2016-02-19,false,false,251
2016-12-19,283.20001220703125,319.79998779296875,2016-11-30,82,2016-02-19,false,false,251
2016-12-20,288,319.79998779296875,2016-11-30,82,2016-02-19,false,false,251
2016-12-21,285.20001220703125,319.79998779296875,2016-11-30,82,2016-02-19,false,false,251
2016-12-22,288.3999938964844,319.79998779296875,2016-11-30,82,2016-02-19,false,false,251
2016-12-23,285,319.79998779296875,2016-11-30,82,2016-02-19,false,false,251
2016-12-27,286.20001220703125,319.79998779296875,2016-11-30,82,2016-02-19,false,false,251
2016-12-28,281.79998779296875,319.79998779296875,2016-11-30,82,2016-02-19,false,false,251
2016-12-29,280.79998779296875,319.79998779296875,2016-11-30,82,2016-02-19,false,false,251
2016-12-30,282.79998779296875,319.79998779296875,2016-11-30,82,2016-02-19,false,false,251
2017-01-03,298,319.79998779296875,2016-11-30,82,2016-02-19,false,false,251
2017-01-04,304.20001220703125,319.79998779296875,2016-11-30,82,2016-02-19,false,false,251
2017-01-05,300.3999938964844,319.79998779296875,2016-11-30,82,2016-02-19,false,false,251
2017-01-06,298.20001220703125,319.79998779296875,2016-11-30,82,2016-02-19,false,false,251
2017-01-09,287.79998779296875,319.79998779296875,2016-11-30,82,2016-02-19,false,false,251
2017-01-10,284.20001220703125,319.79998779296875,2016-11-30,82,2016-02-19,false,false,251
2017-01-11,287.6000061035156,319.79998779296875,2016-11-30,82,2016-02-19,false,false,251
2017-01-12,282.6000061035156,319.79998779296875,2016-11-30,82,2016-02-19,false,false,251
2017-01-13,276.6000061035156,319.79998779296875,2016-11-30,82,2016-02-19,false,false,251
2017-01-17,267.3999938964844,319.79998779296875,2016-11-30,82,2016-02-19,false,false,251
2017-01-18,268.3999938964844,319.79998779296875,2016-11-30,82,2016-02-19,false,false,251
2017-01-19,266.3999938964844,319.79998779296875,2016-11-30,82,2016-02-19,false,false,251
2017-01-20,271.20001220703125,319.79998779296875,2016-11-30,82,2016-02-19,false,false,251
2017-01-23,270.3999938964844,319.79998779296875,2016-11-30,82,2016-02-19,false,false,251
2017-01-24,273.20001220703125,319.79998779296875,2016-11-30,82,2016-02-19,false,false,251
2017-01-25,281.6000061035156,319.79998779296875,2016-11-30,82,2016-02-19,false,false,251
2017-01-26,285.6000061035156,319.79998779296875,2016-11-30,82,2016-02-19,false,false,251
2017-01-27,281.79998779296875,319.79998779296875,2016-11-30,82,2016-02-19,false,false,251
2017-01-30,272.3999938964844,319.79998779296875,2016-11-30,82,2016-02-19,false,false,251
2017-01-31,271,319.79998779296875,2016-11-30,82,2016-02-19,false,false,251
2017-02-01,271.3999938964844,319.79998779296875,2016-11-30,82,2016-02-19,false,false,251
2017-02-02,279.20001220703125,319.79998779296875,2016-11-30,82,2016-02-19,false,false,251
2017-02-03,286.20001220703125,319.79998779296875,2016-11-30,82,2016-02-19,false,false,251
2017-02-06,279.20001220703125,319.79998779296875,2016-11-30,82,2016-02-19,false,false,251
2017-02-07,268.79998779296875,319.79998779296875,2016-11-30,82,2016-02-19,false,false,251
2017-02-08,271,319.79998779296875,2016-11-30,82,2016-02-19,false,false,251
2017-02-09,276.20001220703125,319.79998779296875,2016-11-30,82,2016-02-19,false,false,251
2017-02-10,285,319.79998779296875,2016-11-30,82,2016-02-19,false,false,251
2017-02-13,282.20001220703125,319.79998779296875,2016-11-30,82,2016-02-19,false,false,251
2017-02-14,286.20001220703125,319.79998779296875,2016-11-30,82,2016-02-19,false,false,252
2017-02-15,286.6000061035156,319.79998779296875,2016-11-30,82,2016-02-19,false,false,252
2017-02-16,289,319.79998779296875,2016-11-30,82,2016-02-19,false,false,252
2017-02-17,282.3999938964844,319.79998779296875,2016-11-30,82,2016-02-19,false,false,252
2017-02-21,299.6000061035156,319.79998779296875,2016-11-30,82,2016-02-19,false,false,251
2017-02-22,286.79998779296875,319.79998779296875,2016-11-30,87.80000305175781,2016-02-24,false,false,251
2017-02-23,288.6000061035156,319.79998779296875,2016-11-30,87.80000305175781,2016-02-24,false,false,251
2017-02-24,272.3999938964844,319.79998779296875,2016-11-30,99,2016-02-26,false,false,251
2017-02-27,278.20001220703125,319.79998779296875,2016-11-30,99,2016-02-26,false,false,251
2017-02-28,276.6000061035156,319.79998779296875,2016-11-30,101,2016-03-01,false,false,251
2017-03-01,288.3999938964844,319.79998779296875,2016-11-30,101,2016-03-01,false,false,251
2017-03-02,277,319.79998779296875,2016-11-30,132.1999969482422,2016-03-03,false,false,251
2017-03-03,283.79998779296875,319.79998779296875,2016-11-30,132.1999969482422,2016-03-03,false,false,251
2017-03-06,287.3999938964844,319.79998779296875,2016-11-30,148.60000610351562,2016-03-08,false,false,251
2017-03-07,278.3999938964844,319.79998779296875,2016-11-30,148.60000610351562,2016-03-08,false,false,251
2017-03-08,258,319.79998779296875,2016-11-30,148.60000610351562,2016-03-08,false,false,251
2017-03-09,261.6000061035156,319.79998779296875,2016-11-30,149.39999389648438,2016-04-05,false,false,251
2017-03-10,264,319.79998779296875,2016-11-30,149.39999389648438,2016-04-05,false,false,251
2017-03-13,261.3999938964844,319.79998779296875,2016-11-30,149.39999389648438,2016-04-05,false,false,251
2017-03-14,259,319.79998779296875,2016-11-30,149.39999389648438,2016-04-05,false,false,251
2017-03-15,271.20001220703125,319.79998779296875,2016-11-30,149.39999389648438,2016-04-05,false,false,251
2017-03-16,268,319.79998779296875,2016-11-30,149.39999389648438,2016-04-05,false,false,251
2017-03-17,269.20001220703125,319.79998779296875,2016-11-30,149.39999389648438,2016-04-05,false,false,251
2017-03-20,272.3999938964844,319.79998779296875,2016-11-30,149.39999389648438,2016-04-05,false,false,251
2017-03-21,261.79998779296875,319.79998779296875,2016-11-30,149.39999389648438,2016-04-05,false,false,251
2017-03-22,257.6000061035156,319.79998779296875,2016-11-30,149.39999389648438,2016-04-05,false,false,251
2017-03-23,257.79998779296875,319.79998779296875,2016-11-30,149.39999389648438,2016-04-05,false,false,251
2017-03-24,260.79998779296875,319.79998779296875,2016-11-30,149.39999389648438,2016-04-05,false,false,251
2017-03-27,264.79998779296875,319.79998779296875,2016-11-30,149.39999389648438,2016-04-05,false,false,252
2017-03-28,280.20001220703125,319.79998779296875,2016-11-30,149.39999389648438,2016-04-05,false,false,252
2017-03-29,286,319.79998779296875,2016-11-30,149.39999389648438,2016-04-05,false,false,252
2017-03-30,284.6000061035156,319.79998779296875,2016-11-30,149.39999389648438,2016-04-05,false,false,252
2017-03-31,292,319.79998779296875,2016-11-30,149.39999389648438,2016-04-05,false,false,252
2017-04-03,290.3999938964844,319.79998779296875,2016-11-30,149.39999389648438,2016-04-05,false,false,252
2017-04-04,294.79998779296875,319.79998779296875,2016-11-30,149.39999389648438,2016-04-05,false,false,252
2017-04-05,278.79998779296875,319.79998779296875,2016-11-30,149.39999389648438,2016-04-05,false,false,252
2017-04-06,289.79998779296875,319.79998779296875,2016-11-30,164.39999389648438,2016-04-07,false,false,252
2017-04-07,289,319.79998779296875,2016-11-30,164.39999389648438,2016-04-07,false,false,252
2017-04-10,295.6000061035156,319.79998779296875,2016-11-30,174.8000030517578,2016-04-11,false,false,252
2017-04-11,296.6000061035156,319.79998779296875,2016-11-30,174.8000030517578,2016-04-11,false,false,252
2017-04-12,289.79998779296875,319.79998779296875,2016-11-30,188.39999389648438,2016-07-27,false,false,252
2017-04-13,284.3999938964844,319.79998779296875,2016-11-30,188.39999389648438,2016-07-27,false,false,252
2017-04-17,288.79998779296875,319.79998779296875,2016-11-30,188.39999389648438,2016-07-27,false,false,251
2017-04-18,281,319.79998779296875,2016-11-30,188.39999389648438,2016-07-27,false,false,251
2017-04-19,266.20001220703125,319.79998779296875,2016-11-30,188.39999389648438,2016-07-27,false,false,251
2017-04-20,258.6000061035156,319.79998779296875,2016-11-30,188.39999389648438,2016-07-27,false,false,251
2017-04-21,257.20001220703125,319.79998779296875,2016-11-30,188.39999389648438,2016-07-27,false,false,251
2017-04-24,259,319.79998779296875,2016-11-30,188.39999389648438,2016-07-27,false,false,251
2017-04-25,265.3999938964844,319.79998779296875,2016-11-30,188.39999389648438,2016-07-27,false,false,251
2017-04-26,261.3999938964844,319.79998779296875,2016-11-30,188.39999389648438,2016-07-27,false,false,251
2017-04-27,257.3999938964844,319.79998779296875,2016-11-30,188.39999389648438,2016-07-27,false,false,251
2017-04-28,257.20001220703125,319.79998779296875,2016-11-30,188.39999389648438,2016-07-27,false,false,251
2017-05-01,254,319.79998779296875,2016-11-30,188.39999389648438,2016-07-27,false,false,251
2017-05-02,246.8000030517578,319.79998779296875,2016-11-30,188.39999389648438,2016-07-27,false,false,251
2017-05-03,246.8000030517578,319.79998779296875,2016-11-30,188.39999389648438,2016-07-27,false,false,251
2017-05-04,230.1999969482422,319.79998779296875,2016-11-30,188.39999389648438,2016-07-27,false,false,251
2017-05-05,240.39999389648438,319.79998779296875,2016-11-30,188.39999389648438,2016-07-27,false,false,251
2017-05-08,247.1999969482422,319.79998779296875,2016-11-30,188.39999389648438,2016-07-27,false,false,251
2017-05-09,241,319.79998779296875,2016-11-30,188.39999389648438,2016-07-27,false,false,251
2017-05-10,247.39999389648438,319.79998779296875,2016-11-30,188.39999389648438,2016-07-27,false,false,251
2017-05-11,244.1999969482422,319.79998779296875,2016-11-30,188.39999389648438,2016-07-27,false,false,251
2017-05-12,246.1999969482422,319.79998779296875,2016-11-30,188.39999389648438,2016-07-27,false,false,251
2017-05-15,251.1999969482422,319.79998779296875,2016-11-30,188.39999389648438,2016-07-27,false,false,251
2017-05-16,249.60000610351562,319.79998779296875,2016-11-30,188.39999389648438,2016-07-27,false,false,251
2017-05-17,247.39999389648438,319.79998779296875,2016-11-30,188.39999389648438,2016-07-27,false,false,251
2017-05-18,252.1999969482422,319.79998779296875,2016-11-30,188.39999389648438,2016-07-27,false,false,251
2017-05-19,258.6000061035156,319.79998779296875,2016-11-30,188.39999389648438,2016-07-27,false,false,251
2017-05-22,256,319.79998779296875,2016-11-30,188.39999389648438,2016-07-27,false,false,251
2017-05-23,257.3999938964844,319.79998779296875,2016-11-30,188.39999389648438,2016-07-27,false,false,251
2017-05-24,256.20001220703125,319.79998779296875,2016-11-30,188.39999389648438,2016-07-27,false,false,251
2017-05-25,249.39999389648438,319.79998779296875,2016-11-30,188.39999389648438,2016-07-27,false,false,251
2017-05-26,252.60000610351562,319.79998779296875,2016-11-30,188.39999389648438,2016-07-27,false,false,251
2017-05-30,243.60000610351562,319.79998779296875,2016-11-30,188.39999389648438,2016-07-27,false,false,251
2017-05-31,235,319.79998779296875,2016-11-30,188.39999389648438,2016-07-27,false,false,251
2017-06-01,238.1999969482422,319.79998779296875,2016-11-30,188.39999389648438,2016-07-27,false,false,251
2017-06-02,230.8000030517578,319.79998779296875,2016-11-30,188.39999389648438,2016-07-27,false,false,251
2017-06-05,232.60000610351562,319.79998779296875,2016-11-30,188.39999389648438,2016-07-27,false,false,251
2017-06-06,243,319.79998779296875,2016-11-30,188.39999389648438,2016-07-27,false,false,251
2017-06-07,228.39999389648438,319.79998779296875,2016-11-30,188.39999389648438,2016-07-27,false,false,251
2017-06-08,227,319.79998779296875,2016-11-30,188.39999389648438,2016-07-27,false,false,251
2017-06-09,237.8000030517578,319.79998779296875,2016-11-30,188.39999389648438,2016-07-27,false,false,251
2017-06-12,236.1999969482422,319.79998779296875,2016-11-30,188.39999389648438,2016-07-27,false,false,251
2017-06-13,244.39999389648438,319.79998779296875,2016-11-30,188.39999389648438,2016-07-27,false,false,251
2017-06-14,228.60000610351562,319.79998779296875,2016-11-30,188.39999389648438,2016-07-27,false,false,251
2017-06-15,216.1999969482422,319.79998779296875,2016-11-30,188.39999389648438,2016-07-27,false,false,251
2017-06-16,212.60000610351562,319.79998779296875,2016-11-30,188.39999389648438,2016-07-27,false,false,251
2017-06-19,212.39999389648438,319.79998779296875,2016-11-30,188.39999389648438,2016-07-27,false,false,251
2017-06-20,211,319.79998779296875,2016-11-30,188.39999389648438,2016-07-27,false,false,251
2017-06-21,198.60000610351562,319.79998779296875,2016-11-30,188.39999389648438,2016-07-27,false,false,251
2017-06-22,193.8000030517578,319.79998779296875,2016-11-30,188.39999389648438,2016-07-27,false,false,251
2017-06-23,195.39999389648438,319.79998779296875,2016-11-30,188.39999389648438,2016-07-27,false,false,251
2017-06-26,195.8000030517578,319.79998779296875,2016-11-30,188.39999389648438,2016-07-27,false,false,251
2017-06-27,200.60000610351562,319.79998779296875,2016-11-30,188.39999389648438,2016-07-27,false,false,251
2017-06-28,203.1999969482422,319.79998779296875,2016-11-30,188.39999389648438,2016-07-27,false,false,251
2017-06-29,208,319.79998779296875,2016-11-30,188.39999389648438,2016-07-27,false,false,251
2017-06-30,210.39999389648438,319.79998779296875,2016-11-30,188.39999389648438,2016-07-27,false,false,251
2017-07-03,215.1999969482422,319.79998779296875,2016-11-30,188.39999389648438,2016-07-27,false,false,251
2017-07-05,208.8000030517578,319.79998779296875,2016-11-30,188.39999389648438,2016-07-27,false,false,251
2017-07-06,208.8000030517578,319.79998779296875,2016-11-30,188.39999389648438,2016-07-27,false,false,251
2017-07-07,208.1999969482422,319.79998779296875,2016-11-30,188.39999389648438,2016-07-27,false,false,251
2017-07-10,214.60000610351562,319.79998779296875,2016-11-30,188.39999389648438,2016-07-27,false,false,251
2017-07-11,217.60000610351562,319.79998779296875,2016-11-30,188.39999389648438,2016-07-27,false,false,251
2017-07-12,219.39999389648438,319.79998779296875,2016-11-30,188.39999389648438,2016-07-27,false,false,251
2017-07-13,221.1999969482422,319.79998779296875,2016-11-30,188.39999389648438,2016-07-27,false,false,251
2017-07-14,224.60000610351562,319.79998779296875,2016-11-30,188.39999389648438,2016-07-27,false,false,251
2017-07-17,222.1999969482422,319.79998779296875,2016-11-30,188.39999389648438,2016-07-27,false,false,251
2017-07-18,220.8000030517578,319.79998779296875,2016-11-30,188.39999389648438,2016-07-27,false,false,251
2017-07-19,247.1999969482422,319.79998779296875,2016-11-30,188.39999389648438,2016-07-27,false,false,251
2017-07-20,247.39999389648438,319.79998779296875,2016-11-30,188.39999389648438,2016-07-27,false,false,251
2017-07-21,250,319.79998779296875,2016-11-30,188.39999389648438,2016-07-27,false,false,251
2017-07-24,254.39999389648438,319.79998779296875,2016-11-30,188.39999389648438,2016-07-27,false,false,251
2017-07-25,259,319.79998779296875,2016-11-30,188.39999389648438,2016-07-27,false,false,251
2017-07-26,254.8000030517578,319.79998779296875,2016-11-30,188.39999389648438,2016-07-27,false,false,251
2017-07-27,258.3999938964844,319.79998779296875,2016-11-30,188.39999389648438,2016-07-27,false,false,251
2017-07-28,260.79998779296875,319.79998779296875,2016-11-30,191.1999969482422,2016-08-01,false,false,251
2017-07-31,259.20001220703125,319.79998779296875,2016-11-30,191.1999969482422,2016-08-01,false,false,251
2017-08-01,256,319.79998779296875,2016-11-30,191.1999969482422,2016-08-01,false,false,251
2017-08-02,246.60000610351562,319.79998779296875,2016-11-30,193.8000030517578,2017-06-22,false,false,251
2017-08-03,234,319.79998779296875,2016-11-30,193.8000030517578,2017-06-22,false,false,251
2017-08-04,246.39999389648438,319.79998779296875,2016-11-30,193.8000030517578,2017-06-22,false,false,251
2017-08-07,247.1999969482422,319.79998779296875,2016-11-30,193.8000030517578,2017-06-22,false,false,251
2017-08-08,243.60000610351562,319.79998779296875,2016-11-30,193.8000030517578,2017-06-22,false,false,251
2017-08-09,244.8000030517578,319.79998779296875,2016-11-30,193.8000030517578,2017-06-22,false,false,251
2017-08-10,241.8000030517578,319.79998779296875,2016-11-30,193.8000030517578,2017-06-22,false,false,251
2017-08-11,246.8000030517578,319.79998779296875,2016-11-30,193.8000030517578,2017-06-22,false,false,251
2017-08-14,240.60000610351562,319.79998779296875,2016-11-30,193.8000030517578,2017-06-22,false,false,251
2017-08-15,239.39999389648438,319.79998779296875,2016-11-30,193.8000030517578,2017-06-22,false,false,251
2017-08-16,236.8000030517578,319.79998779296875,2016-11-30,193.8000030517578,2017-06-22,false,false,251
2017-08-17,236,319.79998779296875,2016-11-30,193.8000030517578,2017-06-22,false,false,251
2017-08-18,238.1999969482422,319.79998779296875,2016-11-30,193.8000030517578,2017-06-22,false,false,251
2017-08-21,237,319.79998779296875,2016-11-30,193.8000030517578,2017-06-22,false,false,251
2017-08-22,237,319.79998779296875,2016-11-30,193.8000030517578,2017-06-22,false,false,251
2017-08-23,240.60000610351562,319.79998779296875,2016-11-30,193.8000030517578,2017-06-22,false,false,251
2017-08-24,241.8000030517578,319.79998779296875,2016-11-30,193.8000030517578,2017-06-22,false,false,251
2017-08-25,238.60000610351562,319.79998779296875,2016-11-30,193.8000030517578,2017-06-22,false,false,251
2017-08-28,234.60000610351562,319.79998779296875,2016-11-30,193.8000030517578,2017-06-22,false,false,251
2017-08-29,237.1999969482422,319.79998779296875,2016-11-30,193.8000030517578,2017-06-22,false,false,251
2017-08-30,238.60000610351562,319.79998779296875,2016-11-30,193.8000030517578,2017-06-22,false,false,251
2017-08-31,248.39999389648438,319.79998779296875,2016-11-30,193.8000030517578,2017-06-22,false,false,251
2017-09-01,254,319.79998779296875,2016-11-30,193.8000030517578,2017-06-22,false,false,251
2017-09-05,248,319.79998779296875,2016-11-30,193.8000030517578,2017-06-22,false,false,251
2017-09-06,253.39999389648438,319.79998779296875,2016-11-30,193.8000030517578,2017-06-22,false,false,251
2017-09-07,244.8000030517578,319.79998779296875,2016-11-30,193.8000030517578,2017-06-22,false,false,251
2017-09-08,233.1999969482422,319.79998779296875,2016-11-30,193.8000030517578,2017-06-22,false,false,251
2017-09-11,233.39999389648438,319.79998779296875,2016-11-30,193.8000030517578,2017-06-22,false,false,251
2017-09-12,244,319.79998779296875,2016-11-30,193.8000030517578,2017-06-22,false,false,251
2017-09-13,251.39999389648438,319.79998779296875,2016-11-30,193.8000030517578,2017-06-22,false,false,251
2017-09-14,243.39999389648438,319.79998779296875,2016-11-30,193.8000030517578,2017-06-22,false,false,251
2017-09-15,245.8000030517578,319.79998779296875,2016-11-30,193.8000030517578,2017-06-22,false,false,251
2017-09-18,245.39999389648438,319.79998779296875,2016-11-30,193.8000030517578,2017-06-22,false,false,251
2017-09-19,249.60000610351562,319.79998779296875,2016-11-30,193.8000030517578,2017-06-22,false,false,251
2017-09-20,257.20001220703125,319.79998779296875,2016-11-30,193.8000030517578,2017-06-22,false,false,251
2017-09-21,259.6000061035156,319.79998779296875,2016-11-30,193.8000030517578,2017-06-22,false,false,251
2017-09-22,260.3999938964844,319.79998779296875,2016-11-30,193.8000030517578,2017-06-22,false,false,251
2017-09-25,264.20001220703125,319.79998779296875,2016-11-30,193.8000030517578,2017-06-22,false,false,251
2017-09-26,263.6000061035156,319.79998779296875,2016-11-30,193.8000030517578,2017-06-22,false,false,251
2017-09-27,265.6000061035156,319.79998779296875,2016-11-30,193.8000030517578,2017-06-22,false,false,251
2017-09-28,259.79998779296875,319.79998779296875,2016-11-30,193.8000030517578,2017-06-22,false,false,251
2017-09-29,258.6000061035156,319.79998779296875,2016-11-30,193.8000030517578,2017-06-22,false,false,251
2017-10-02,245,319.79998779296875,2016-11-30,193.8000030517578,2017-06-22,false,false,251
2017-10-03,251.1999969482422,319.79998779296875,2016-11-30,193.8000030517578,2017-06-22,false,false,251
2017-10-04,253.1999969482422,319.79998779296875,2016-11-30,193.8000030517578,2017-06-22,false,false,251
2017-10-05,255.8000030517578,319.79998779296875,2016-11-30,193.8000030517578,2017-06-22,false,false,251
2017-10-06,249.39999389648438,319.79998779296875,2016-11-30,193.8000030517578,2017-06-22,false,false,251
2017-10-09,251,319.79998779296875,2016-11-30,193.8000030517578,2017-06-22,false,false,251
2017-10-10,253.39999389648438,319.79998779296875,2016-11-30,193.8000030517578,2017-06-22,false,false,251
2017-10-11,256,319.79998779296875,2016-11-30,193.8000030517578,2017-06-22,false,false,251
2017-10-12,254.1999969482422,319.79998779296875,2016-11-30,193.8000030517578,2017-06-22,false,false,251
2017-10-13,251.39999389648438,319.79998779296875,2016-11-30,193.8000030517578,2017-06-22,false,false,251
2017-10-16,250.8000030517578,319.79998779296875,2016-11-30,193.8000030517578,2017-06-22,false,false,251
2017-10-17,248.1999969482422,319.79998779296875,2016-11-30,193.8000030517578,2017-06-22,false,false,251
2017-10-18,244,319.79998779296875,2016-11-30,193.8000030517578,2017-06-22,false,false,251
2017-10-19,235.8000030517578,319.79998779296875,2016-11-30,193.8000030517578,2017-06-22,false,false,251
2017-10-20,232,319.79998779296875,2016-11-30,193.8000030517578,2017-06-22,false,false,251
2017-10-23,224.1999969482422,319.79998779296875,2016-11-30,193.8000030517578,2017-06-22,false,false,251
2017-10-24,219.60000610351562,319.79998779296875,2016-11-30,193.8000030517578,2017-06-22,false,false,251
2017-10-25,215.8000030517578,319.79998779296875,2016-11-30,193.8000030517578,2017-06-22,false,false,251
2017-10-26,217.39999389648438,319.79998779296875,2016-11-30,193.8000030517578,2017-06-22,false,false,251
2017-10-27,229.60000610351562,319.79998779296875,2016-11-30,193.8000030517578,2017-06-22,false,false,251
2017-10-30,234.39999389648438,319.79998779296875,2016-11-30,193.8000030517578,2017-06-22,false,false,251
2017-10-31,238.39999389648438,319.79998779296875,2016-11-30,193.8000030517578,2017-06-22,false,false,251
2017-11-01,243.60000610351562,319.79998779296875,2016-11-30,193.8000030517578,2017-06-22,false,false,251
2017-11-02,213.8000030517578,319.79998779296875,2016-11-30,193.8000030517578,2017-06-22,false,false,251
2017-11-03,208,319.79998779296875,2016-11-30,193.8000030517578,2017-06-22,false,false,251
2017-11-06,220,319.79998779296875,2016-11-30,193.8000030517578,2017-06-22,false,false,251
2017-11-07,218.8000030517578,319.79998779296875,2016-11-30,193.8000030517578,2017-06-22,false,false,251
2017-11-08,213.8000030517578,319.79998779296875,2016-11-30,193.8000030517578,2017-06-22,false,false,251
2017-11-09,217.39999389648438,319.79998779296875,2016-11-30,193.8000030517578,2017-06-22,false,false,251
2017-11-10,219.39999389648438,319.79998779296875,2016-11-30,193.8000030517578,2017-06-22,false,false,251
2017-11-13,216.39999389648438,319.79998779296875,2016-11-30,193.8000030517578,2017-06-22,false,false,251
2017-11-14,202.39999389648438,319.79998779296875,2016-11-30,193.8000030517578,2017-06-22,false,false,251
2017-11-15,200.1999969482422,319.79998779296875,2016-11-30,193.8000030517578,2017-06-22,false,false,251
2017-11-16,198.39999389648438,319.79998779296875,2016-11-30,193.8000030517578,2017-06-22,false,false,251
2017-11-17,198.60000610351562,319.79998779296875,2016-11-30,193.8000030517578,2017-06-22,false,false,251
2017-11-20,200.60000610351562,319.79998779296875,2016-11-30,193.8000030517578,2017-06-22,false,false,251
2017-11-21,200,319.79998779296875,2016-11-30,193.8000030517578,2017-06-22,false,false,251
2017-11-22,203.1999969482422,319.79998779296875,2016-11-30,193.8000030517578,2017-06-22,false,false,251
2017-11-24,204.39999389648438,319.79998779296875,2016-11-30,193.8000030517578,2017-06-22,false,false,251
2017-11-27,197.8000030517578,319.79998779296875,2016-11-30,193.8000030517578,2017-06-22,false,false,251
2017-11-28,198.1999969482422,319.79998779296875,2016-11-30,193.8000030517578,2017-06-22,false,false,251
2017-11-29,203.39999389648438,319.79998779296875,2016-11-30,193.8000030517578,2017-06-22,false,false,251
2017-11-30,213.8000030517578,319.79998779296875,2016-11-30,193.8000030517578,2017-06-22,false,false,251
2017-12-01,213.39999389648438,304.20001220703125,2017-01-04,193.8000030517578,2017-06-22,false,false,251
2017-12-04,212.1999969482422,304.20001220703125,2017-01-04,193.8000030517578,2017-06-22,false,false,251
2017-12-05,206,304.20001220703125,2017-01-04,193.8000030517578,2017-06-22,false,false,251
2017-12-06,196.8000030517578,304.20001220703125,2017-01-04,193.8000030517578,2017-06-22,false,false,251
2017-12-07,197.60000610351562,304.20001220703125,2017-01-04,193.8000030517578,2017-06-22,false,false,251
2017-12-08,207.8000030517578,304.20001220703125,2017-01-04,193.8000030517578,2017-06-22,false,false,251
2017-12-11,213,304.20001220703125,2017-01-04,193.8000030517578,2017-06-22,false,false,251
2017-12-12,207.60000610351562,304.20001220703125,2017-01-04,193.8000030517578,2017-06-22,false,false,251
2017-12-13,205,304.20001220703125,2017-01-04,193.8000030517578,2017-06-22,false,false,251
2017-12-14,200,304.20001220703125,2017-01-04,193.8000030517578,2017-06-22,false,false,251
2017-12-15,189.8000030517578,304.20001220703125,2017-01-04,189.8000030517578,2017-12-15,false,true,251
2017-12-18,193.60000610351562,304.20001220703125,2017-01-04,189.8000030517578,2017-12-15,false,false,251
2017-12-19,196,304.20001220703125,2017-01-04,189.8000030517578,2017-12-15,false,false,251
2017-12-20,204.39999389648438,304.20001220703125,2017-01-04,189.8000030517578,2017-12-15,false,false,251
2017-12-21,209.60000610351562,304.20001220703125,2017-01-04,189.8000030517578,2017-12-15,false,false,251
2017-12-22,211.60000610351562,304.20001220703125,2017-01-04,189.8000030517578,2017-12-15,false,false,251
2017-12-26,215,304.20001220703125,2017-01-04,189.8000030517578,2017-12-15,false,false,251
2017-12-27,213.39999389648438,304.20001220703125,2017-01-04,189.8000030517578,2017-12-15,false,false,251
2017-12-28,215,304.20001220703125,2017-01-04,189.8000030517578,2017-12-15,false,false,251
2017-12-29,212.1999969482422,304.20001220703125,2017-01-04,189.8000030517578,2017-12-15,false,false,251
2018-01-02,221.60000610351562,304.20001220703125,2017-01-04,189.8000030517578,2017-12-15,false,false,251
2018-01-03,222.60000610351562,304.20001220703125,2017-01-04,189.8000030517578,2017-12-15,false,false,251
2018-01-04,218.8000030517578,304.20001220703125,2017-01-04,189.8000030517578,2017-12-15,false,false,251
2018-01-05,215.39999389648438,299.6000061035156,2017-02-21,189.8000030517578,2017-12-15,false,false,251
2018-01-08,221,299.6000061035156,2017-02-21,189.8000030517578,2017-12-15,false,false,251
2018-01-09,216.39999389648438,299.6000061035156,2017-02-21,189.8000030517578,2017-12-15,false,false,251
2018-01-10,218,299.6000061035156,2017-02-21,189.8000030517578,2017-12-15,false,false,251
2018-01-11,224.1999969482422,299.6000061035156,2017-02-21,189.8000030517578,2017-12-15,false,false,251
2018-01-12,221.39999389648438,299.6000061035156,2017-02-21,189.8000030517578,2017-12-15,false,false,251
2018-01-16,218.39999389648438,299.6000061035156,2017-02-21,189.8000030517578,2017-12-15,false,false,251
2018-01-17,221,299.6000061035156,2017-02-21,189.8000030517578,2017-12-15,false,false,251
2018-01-18,213,299.6000061035156,2017-02-21,189.8000030517578,2017-12-15,false,false,251
2018-01-19,215.60000610351562,299.6000061035156,2017-02-21,189.8000030517578,2017-12-15,false,false,251
2018-01-22,224.60000610351562,299.6000061035156,2017-02-21,189.8000030517578,2017-12-15,false,false,251
2018-01-23,230,299.6000061035156,2017-02-21,189.8000030517578,2017-12-15,false,false,251
2018-01-24,230.39999389648438,299.6000061035156,2017-02-21,189.8000030517578,2017-12-15,false,false,251
2018-01-25,197.8000030517578,299.6000061035156,2017-02-21,189.8000030517578,2017-12-15,false,false,251
2018-01-26,199.8000030517578,299.6000061035156,2017-02-21,189.8000030517578,2017-12-15,false,false,251
2018-01-29,198.1999969482422,299.6000061035156,2017-02-21,189.8000030517578,2017-12-15,false,false,251
2018-01-30,192.1999969482422,299.6000061035156,2017-02-21,189.8000030517578,2017-12-15,false,false,251
2018-01-31,194.60000610351562,299.6000061035156,2017-02-21,189.8000030517578,2017-12-15,false,false,251
2018-02-01,196,299.6000061035156,2017-02-21,189.8000030517578,2017-12-15,false,false,251
2018-02-02,180.8000030517578,299.6000061035156,2017-02-21,180.8000030517578,2018-02-02,false,true,251
2018-02-05,175.39999389648438,299.6000061035156,2017-02-21,175.39999389648438,2018-02-05,false,true,251
2018-02-06,178.8000030517578,299.6000061035156,2017-02-21,175.39999389648438,2018-02-05,false,false,251
2018-02-07,173.39999389648438,299.6000061035156,2017-02-21,173.39999389648438,2018-02-07,false,true,251
2018-02-08,157.1999969482422,299.6000061035156,2017-02-21,157.1999969482422,2018-02-08,false,true,251
2018-02-09,154.60000610351562,299.6000061035156,2017-02-21,154.60000610351562,2018-02-09,false,true,251
2018-02-12,160,299.6000061035156,2017-02-21,154.60000610351562,2018-02-09,false,false,251
2018-02-13,151.39999389648438,299.6000061035156,2017-02-21,151.39999389648438,2018-02-13,false,true,251
2018-02-14,158.60000610351562,299.6000061035156,2017-02-21,151.39999389648438,2018-02-13,false,false,251
2018-02-15,166.60000610351562,299.6000061035156,2017-02-21,151.39999389648438,2018-02-13,false,false,251
2018-02-16,167.1999969482422,299.6000061035156,2017-02-21,151.39999389648438,2018-02-13,false,false,251
2018-02-20,167.8000030517578,299.6000061035156,2017-02-21,151.39999389648438,2018-02-13,false,false,251
2018-02-21,171.39999389648438,299.6000061035156,2017-02-21,151.39999389648438,2018-02-13,false,false,251
2018-02-22,169.1999969482422,296.6000061035156,2017-04-11,151.39999389648438,2018-02-13,false,false,251
2018-02-23,176.60000610351562,296.6000061035156,2017-04-11,151.39999389648438,2018-02-13,false,false,251
2018-02-26,177.1999969482422,296.6000061035156,2017-04-11,151.39999389648438,2018-02-13,false,false,251
2018-02-27,178.1999969482422,296.6000061035156,2017-04-11,151.39999389648438,2018-02-13,false,false,251
2018-02-28,167.8000030517578,296.6000061035156,2017-04-11,151.39999389648438,2018-02-13,false,false,251
2018-03-01,168.39999389648438,296.6000061035156,2017-04-11,151.39999389648438,2018-02-13,false,false,251
2018-03-02,172.1999969482422,296.6000061035156,2017-04-11,151.39999389648438,2018-02-13,false,false,251
2018-03-05,177.1999969482422,296.6000061035156,2017-04-11,151.39999389648438,2018-02-13,false,false,251
2018-03-06,174.39999389648438,296.6000061035156,2017-04-11,151.39999389648438,2018-02-13,false,false,251
2018-03-07,172.8000030517578,296.6000061035156,2017-04-11,151.39999389648438,2018-02-13,false,false,251
2018-03-08,172.8000030517578,296.6000061035156,2017-04-11,151.39999389648438,2018-02-13,false,false,251
2018-03-09,179.1999969482422,296.6000061035156,2017-04-11,151.39999389648438,2018-02-13,false,false,251
2018-03-12,174.60000610351562,296.6000061035156,2017-04-11,151.39999389648438,2018-02-13,false,false,251
2018-03-13,170.60000610351562,296.6000061035156,2017-04-11,151.39999389648438,2018-02-13,false,false,251
2018-03-14,170,296.6000061035156,2017-04-11,151.39999389648438,2018-02-13,false,false,251
2018-03-15,169,296.6000061035156,2017-04-11,151.39999389648438,2018-02-13,false,false,251
2018-03-16,170.60000610351562,296.6000061035156,2017-04-11,151.39999389648438,2018-02-13,false,false,251
2018-03-19,167.39999389648438,296.6000061035156,2017-04-11,151.39999389648438,2018-02-13,false,false,251
2018-03-20,171.1999969482422,296.6000061035156,2017-04-11,151.39999389648438,2018-02-13,false,false,251
2018-03-21,181.39999389648438,296.6000061035156,2017-04-11,151.39999389648438,2018-02-13,false,false,251
2018-03-22,172.39999389648438,296.6000061035156,2017-04-11,151.39999389648438,2018-02-13,false,false,251
2018-03-23,176,296.6000061035156,2017-04-11,151.39999389648438,2018-02-13,false,false,251
2018-03-26,177.8000030517578,296.6000061035156,2017-04-11,151.39999389648438,2018-02-13,false,false,251
2018-03-27,171.60000610351562,296.6000061035156,2017-04-11,151.39999389648438,2018-02-13,false,false,251
2018-03-28,173,296.6000061035156,2017-04-11,151.39999389648438,2018-02-13,false,false,251
2018-03-29,174.1999969482422,296.6000061035156,2017-04-11,151.39999389648438,2018-02-13,false,false,251
2018-04-02,162.8000030517578,296.6000061035156,2017-04-11,151.39999389648438,2018-02-13,false,false,250
2018-04-03,170.8000030517578,296.6000061035156,2017-04-11,151.39999389648438,2018-02-13,false,false,250
2018-04-04,169.39999389648438,296.6000061035156,2017-04-11,151.39999389648438,2018-02-13,false,false,250
2018-04-05,176,296.6000061035156,2017-04-11,151.39999389648438,2018-02-13,false,false,250
2018-04-06,171.39999389648438,296.6000061035156,2017-04-11,151.39999389648438,2018-02-13,false,false,250
2018-04-09,172.60000610351562,296.6000061035156,2017-04-11,151.39999389648438,2018-02-13,false,false,250
2018-04-10,185,296.6000061035156,2017-04-11,151.39999389648438,2018-02-13,false,false,250
2018-04-11,193.1999969482422,296.6000061035156,2017-04-11,151.39999389648438,2018-02-13,false,false,250
2018-04-12,189.8000030517578,288.79998779296875,2017-04-17,151.39999389648438,2018-02-13,false,false,250
2018-04-13,191.1999969482422,288.79998779296875,2017-04-17,151.39999389648438,2018-02-13,false,false,250
2018-04-16,191,288.79998779296875,2017-04-17,151.39999389648438,2018-02-13,false,false,251
2018-04-17,192.8000030517578,288.79998779296875,2017-04-17,151.39999389648438,2018-02-13,false,false,251
2018-04-18,200.60000610351562,266.20001220703125,2017-04-19,151.39999389648438,2018-02-13,false,false,251
2018-04-19,205,266.20001220703125,2017-04-19,151.39999389648438,2018-02-13,false,false,251
2018-04-20,206,265.6000061035156,2017-09-27,151.39999389648438,2018-02-13,false,false,251
2018-04-23,211.1999969482422,265.6000061035156,2017-09-27,151.39999389648438,2018-02-13,false,false,251
2018-04-24,209.1999969482422,265.6000061035156,2017-09-27,151.39999389648438,2018-02-13,false,false,251
2018-04-25,215,265.6000061035156,2017-09-27,151.39999389648438,2018-02-13,false,false,251
2018-04-26,219.8000030517578,265.6000061035156,2017-09-27,151.39999389648438,2018-02-13,false,false,251
2018-04-27,213.8000030517578,265.6000061035156,2017-09-27,151.39999389648438,2018-02-13,false,false,251
2018-04-30,220,265.6000061035156,2017-09-27,151.39999389648438,2018-02-13,false,false,251
2018-05-01,218.60000610351562,265.6000061035156,2017-09-27,151.39999389648438,2018-02-13,false,false,251
2018-05-02,218.39999389648438,265.6000061035156,2017-09-27,151.39999389648438,2018-02-13,false,false,251
2018-05-03,179.60000610351562,265.6000061035156,2017-09-27,151.39999389648438,2018-02-13,false,false,251
2018-05-04,183.60000610351562,265.6000061035156,2017-09-27,151.39999389648438,2018-02-13,false,false,251
2018-05-07,186.39999389648438,265.6000061035156,2017-09-27,151.39999389648438,2018-02-13,false,false,251
2018-05-08,200.1999969482422,265.6000061035156,2017-09-27,151.39999389648438,2018-02-13,false,false,251
2018-05-09,199.1999969482422,265.6000061035156,2017-09-27,151.39999389648438,2018-02-13,false,false,251
2018-05-10,194.1999969482422,265.6000061035156,2017-09-27,151.39999389648438,2018-02-13,false,false,251
2018-05-11,193.1999969482422,265.6000061035156,2017-09-27,151.39999389648438,2018-02-13,false,false,251
2018-05-14,199.1999969482422,265.6000061035156,2017-09-27,151.39999389648438,2018-02-13,false,false,251
2018-05-15,197.8000030517578,265.6000061035156,2017-09-27,151.39999389648438,2018-02-13,false,false,251
2018-05-16,195,265.6000061035156,2017-09-27,151.39999389648438,2018-02-13,false,false,251
2018-05-17,199.60000610351562,265.6000061035156,2017-09-27,151.39999389648438,2018-02-13,false,false,251
2018-05-18,192.60000610351562,265.6000061035156,2017-09-27,151.39999389648438,2018-02-13,false,false,251
2018-05-21,197.8000030517578,265.6000061035156,2017-09-27,151.39999389648438,2018-02-13,false,false,251
2018-05-22,195.1999969482422,265.6000061035156,2017-09-27,151.39999389648438,2018-02-13,false,false,251
2018-05-23,188.8000030517578,265.6000061035156,2017-09-27,151.39999389648438,2018-02-13,false,false,251
2018-05-24,187,265.6000061035156,2017-09-27,151.39999389648438,2018-02-13,false,false,251
2018-05-25,172.1999969482422,265.6000061035156,2017-09-27,151.39999389648438,2018-02-13,false,false,251
2018-05-29,176.39999389648438,265.6000061035156,2017-09-27,151.39999389648438,2018-02-13,false,false,251
2018-05-30,185.1999969482422,265.6000061035156,2017-09-27,151.39999389648438,2018-02-13,false,false,251
2018-05-31,185.60000610351562,265.6000061035156,2017-09-27,151.39999389648438,2018-02-13,false,false,251
2018-06-01,170,265.6000061035156,2017-09-27,151.39999389648438,2018-02-13,false,false,251
2018-06-04,164.1999969482422,265.6000061035156,2017-09-27,151.39999389648438,2018-02-13,false,false,251
2018-06-05,161.8000030517578,265.6000061035156,2017-09-27,151.39999389648438,2018-02-13,false,false,251
2018-06-06,164,265.6000061035156,2017-09-27,151.39999389648438,2018-02-13,false,false,251
2018-06-07,172,265.6000061035156,2017-09-27,151.39999389648438,2018-02-13,false,false,251
2018-06-08,170.60000610351562,265.6000061035156,2017-09-27,151.39999389648438,2018-02-13,false,false,251
2018-06-11,170.60000610351562,265.6000061035156,2017-09-27,151.39999389648438,2018-02-13,false,false,251
2018-06-12,172.60000610351562,265.6000061035156,2017-09-27,151.39999389648438,2018-02-13,false,false,251
2018-06-13,174,265.6000061035156,2017-09-27,151.39999389648438,2018-02-13,false,false,251
2018-06-14,171,265.6000061035156,2017-09-27,151.39999389648438,2018-02-13,false,false,251
2018-06-15,167.1999969482422,265.6000061035156,2017-09-27,151.39999389648438,2018-02-13,false,false,251
2018-06-18,172.60000610351562,265.6000061035156,2017-09-27,151.39999389648438,2018-02-13,false,false,251
2018-06-19,174.8000030517578,265.6000061035156,2017-09-27,151.39999389648438,2018-02-13,false,false,251
2018-06-20,180.1999969482422,265.6000061035156,2017-09-27,151.39999389648438,2018-02-13,false,false,251
2018-06-21,175,265.6000061035156,2017-09-27,151.39999389648438,2018-02-13,false,false,251
2018-06-22,184.60000610351562,265.6000061035156,2017-09-27,151.39999389648438,2018-02-13,false,false,251
2018-06-25,182.1999969482422,265.6000061035156,2017-09-27,151.39999389648438,2018-02-13,false,false,251
2018-06-26,186.1999969482422,265.6000061035156,2017-09-27,151.39999389648438,2018-02-13,false,false,251
2018-06-27,188.60000610351562,265.6000061035156,2017-09-27,151.39999389648438,2018-02-13,false,false,251
2018-06-28,187.8000030517578,265.6000061035156,2017-09-27,151.39999389648438,2018-02-13,false,false,251
2018-06-29,192.39999389648438,265.6000061035156,2017-09-27,151.39999389648438,2018-02-13,false,false,251
2018-07-02,188,265.6000061035156,2017-09-27,151.39999389648438,2018-02-13,false,false,251
2018-07-03,190.39999389648438,265.6000061035156,2017-09-27,151.39999389648438,2018-02-13,false,false,251
2018-07-05,188.39999389648438,265.6000061035156,2017-09-27,151.39999389648438,2018-02-13,false,false,251
2018-07-06,191.1999969482422,265.6000061035156,2017-09-27,151.39999389648438,2018-02-13,false,false,251
2018-07-09,199.8000030517578,265.6000061035156,2017-09-27,151.39999389648438,2018-02-13,false,false,251
2018-07-10,203,265.6000061035156,2017-09-27,151.39999389648438,2018-02-13,false,false,251
2018-07-11,195.60000610351562,265.6000061035156,2017-09-27,151.39999389648438,2018-02-13,false,false,251
2018-07-12,196.60000610351562,265.6000061035156,2017-09-27,151.39999389648438,2018-02-13,false,false,251
2018-07-13,196.1999969482422,265.6000061035156,2017-09-27,151.39999389648438,2018-02-13,false,false,251
2018-07-16,189.39999389648438,265.6000061035156,2017-09-27,151.39999389648438,2018-02-13,false,false,251
2018-07-17,191.1999969482422,265.6000061035156,2017-09-27,151.39999389648438,2018-02-13,false,false,251
2018-07-18,189.39999389648438,265.6000061035156,2017-09-27,151.39999389648438,2018-02-13,false,false,251
2018-07-19,192,265.6000061035156,2017-09-27,151.39999389648438,2018-02-13,false,false,251
2018-07-20,191.8000030517578,265.6000061035156,2017-09-27,151.39999389648438,2018-02-13,false,false,251
2018-07-23,188.1999969482422,265.6000061035156,2017-09-27,151.39999389648438,2018-02-13,false,false,251
2018-07-24,190.8000030517578,265.6000061035156,2017-09-27,151.39999389648438,2018-02-13,false,false,251
2018-07-25,191.1999969482422,265.6000061035156,2017-09-27,151.39999389648438,2018-02-13,false,false,251
2018-07-26,190.8000030517578,265.6000061035156,2017-09-27,151.39999389648438,2018-02-13,false,false,251
2018-07-27,188.60000610351562,265.6000061035156,2017-09-27,151.39999389648438,2018-02-13,false,false,251
2018-07-30,189.8000030517578,265.6000061035156,2017-09-27,151.39999389648438,2018-02-13,false,false,251
2018-07-31,186.39999389648438,265.6000061035156,2017-09-27,151.39999389648438,2018-02-13,false,false,251
2018-08-01,186,265.6000061035156,2017-09-27,151.39999389648438,2018-02-13,false,false,251
2018-08-02,173.8000030517578,265.6000061035156,2017-09-27,151.39999389648438,2018-02-13,false,false,251
2018-08-03,171.39999389648438,265.6000061035156,2017-09-27,151.39999389648438,2018-02-13,false,false,251
2018-08-06,171.39999389648438,265.6000061035156,2017-09-27,151.39999389648438,2018-02-13,false,false,251
2018-08-07,175.39999389648438,265.6000061035156,2017-09-27,151.39999389648438,2018-02-13,false,false,251
2018-08-08,170.60000610351562,265.6000061035156,2017-09-27,151.39999389648438,2018-02-13,false,false,251
2018-08-09,168,265.6000061035156,2017-09-27,151.39999389648438,2018-02-13,false,false,251
2018-08-10,169.1999969482422,265.6000061035156,2017-09-27,151.39999389648438,2018-02-13,false,false,251
2018-08-13,159.1999969482422,265.6000061035156,2017-09-27,151.39999389648438,2018-02-13,false,false,251
2018-08-14,159.8000030517578,265.6000061035156,2017-09-27,151.39999389648438,2018-02-13,false,false,251
2018-08-15,151.60000610351562,265.6000061035156,2017-09-27,151.39999389648438,2018-02-13,false,false,251
2018-08-16,155.60000610351562,265.6000061035156,2017-09-27,151.39999389648438,2018-02-13,false,false,251
2018-08-17,159.60000610351562,265.6000061035156,2017-09-27,151.39999389648438,2018-02-13,false,false,251
2018-08-20,162.8000030517578,265.6000061035156,2017-09-27,151.39999389648438,2018-02-13,false,false,251
2018-08-21,167,265.6000061035156,2017-09-27,151.39999389648438,2018-02-13,false,false,251
2018-08-22,169.8000030517578,265.6000061035156,2017-09-27,151.39999389648438,2018-02-13,false,false,251
2018-08-23,168.39999389648438,265.6000061035156,2017-09-27,151.39999389648438,2018-02-13,false,false,251
2018-08-24,168.60000610351562,265.6000061035156,2017-09-27,151.39999389648438,2018-02-13,false,false,251
2018-08-27,169.39999389648438,265.6000061035156,2017-09-27,151.39999389648438,2018-02-13,false,false,251
2018-08-28,164.1999969482422,265.6000061035156,2017-09-27,151.39999389648438,2018-02-13,false,false,251
2018-08-29,165.1999969482422,265.6000061035156,2017-09-27,151.39999389648438,2018-02-13,false,false,251
2018-08-30,166,265.6000061035156,2017-09-27,151.39999389648438,2018-02-13,false,false,251
2018-08-31,165.8000030517578,265.6000061035156,2017-09-27,151.39999389648438,2018-02-13,false,false,251
2018-09-04,162.1999969482422,265.6000061035156,2017-09-27,151.39999389648438,2018-02-13,false,false,251
2018-09-05,164,265.6000061035156,2017-09-27,151.39999389648438,2018-02-13,false,false,251
2018-09-06,160.39999389648438,265.6000061035156,2017-09-27,151.39999389648438,2018-02-13,false,false,251
2018-09-07,155.39999389648438,265.6000061035156,2017-09-27,151.39999389648438,2018-02-13,false,false,251
2018-09-10,153.8000030517578,265.6000061035156,2017-09-27,151.39999389648438,2018-02-13,false,false,251
2018-09-11,154.60000610351562,265.6000061035156,2017-09-27,151.39999389648438,2018-02-13,false,false,251
2018-09-12,169.1999969482422,265.6000061035156,2017-09-27,151.39999389648438,2018-02-13,false,false,251
2018-09-13,168.1999969482422,265.6000061035156,2017-09-27,151.39999389648438,2018-02-13,false,false,251
2018-09-14,163.39999389648438,265.6000061035156,2017-09-27,151.39999389648438,2018-02-13,false,false,251
2018-09-17,166.39999389648438,265.6000061035156,2017-09-27,151.39999389648438,2018-02-13,false,false,251
2018-09-18,166.39999389648438,265.6000061035156,2017-09-27,151.39999389648438,2018-02-13,false,false,251
2018-09-19,173,265.6000061035156,2017-09-27,151.39999389648438,2018-02-13,false,false,251
2018-09-20,173.8000030517578,265.6000061035156,2017-09-27,151.39999389648438,2018-02-13,false,false,251
2018-09-21,176,265.6000061035156,2017-09-27,151.39999389648438,2018-02-13,false,false,251
2018-09-24,175.8000030517578,265.6000061035156,2017-09-27,151.39999389648438,2018-02-13,false,false,251
2018-09-25,175.60000610351562,265.6000061035156,2017-09-27,151.39999389648438,2018-02-13,false,false,251
2018-09-26,169.39999389648438,265.6000061035156,2017-09-27,151.39999389648438,2018-02-13,false,false,251
2018-09-27,165.8000030517578,265.6000061035156,2017-09-27,151.39999389648438,2018-02-13,false,false,251
2018-09-28,163.39999389648438,258.6000061035156,2017-09-29,151.39999389648438,2018-02-13,false,false,251
2018-10-01,152.39999389648438,258.6000061035156,2017-09-29,151.39999389648438,2018-02-13,false,false,251
2018-10-02,147.39999389648438,256,2017-10-11,147.39999389648438,2018-10-02,false,true,251
2018-10-03,157,256,2017-10-11,147.39999389648438,2018-10-02,false,false,251
2018-10-04,151.39999389648438,256,2017-10-11,147.39999389648438,2018-10-02,false,false,251
2018-10-05,145.1999969482422,256,2017-10-11,145.1999969482422,2018-10-05,false,true,251
2018-10-08,143.60000610351562,256,2017-10-11,143.60000610351562,2018-10-08,false,true,251
2018-10-09,143.39999389648438,256,2017-10-11,143.39999389648438,2018-10-09,false,true,251
2018-10-10,135.8000030517578,256,2017-10-11,135.8000030517578,2018-10-10,false,true,251
2018-10-11,131.1999969482422,256,2017-10-11,131.1999969482422,2018-10-11,false,true,251
2018-10-12,129.60000610351562,251.39999389648438,2017-10-13,129.60000610351562,2018-10-12,false,true,251
2018-10-15,131.39999389648438,251.39999389648438,2017-10-13,129.60000610351562,2018-10-12,false,false,251
2018-10-16,130.60000610351562,248.1999969482422,2017-10-17,129.60000610351562,2018-10-12,false,false,251
2018-10-17,126,248.1999969482422,2017-10-17,126,2018-10-17,false,true,251
2018-10-18,121,243.60000610351562,2017-11-01,121,2018-10-18,false,true,251
2018-10-19,121,243.60000610351562,2017-11-01,121,2018-10-19,false,true,251
2018-10-22,120.5999984741211,243.60000610351562,2017-11-01,120.5999984741211,2018-10-22,false,true,251
2018-10-23,115.19999694824219,243.60000610351562,2017-11-01,115.19999694824219,2018-10-23,false,true,251
2018-10-24,107.80000305175781,243.60000610351562,2017-11-01,107.80000305175781,2018-10-24,false,true,251
2018-10-25,107.4000015258789,243.60000610351562,2017-11-01,107.4000015258789,2018-10-25,false,true,251
2018-10-26,103,243.60000610351562,2017-11-01,103,2018-10-26,false,true,251
2018-10-29,98.4000015258789,243.60000610351562,2017-11-01,98.4000015258789,2018-10-29,false,true,251
2018-10-30,106.19999694824219,243.60000610351562,2017-11-01,98.4000015258789,2018-10-29,false,false,251
2018-10-31,104.80000305175781,243.60000610351562,2017-11-01,98.4000015258789,2018-10-29,false,false,251
2018-11-01,111.4000015258789,243.60000610351562,2017-11-01,98.4000015258789,2018-10-29,false,false,251
2018-11-02,105.80000305175781,230.39999389648438,2018-01-24,98.4000015258789,2018-10-29,false,false,251
2018-11-05,109.19999694824219,230.39999389648438,2018-01-24,98.4000015258789,2018-10-29,false,false,251
2018-11-06,113.80000305175781,230.39999389648438,2018-01-24,98.4000015258789,2018-10-29,false,false,251
2018-11-07,116.19999694824219,230.39999389648438,2018-01-24,98.4000015258789,2018-10-29,false,false,251
2018-11-08,117,230.39999389648438,2018-01-24,98.4000015258789,2018-10-29,false,false,251
2018-11-09,112,230.39999389648438,2018-01-24,98.4000015258789,2018-10-29,false,false,251
2018-11-12,106,230.39999389648438,2018-01-24,98.4000015258789,2018-10-29,false,false,251
2018-11-13,98.5999984741211,230.39999389648438,2018-01-24,98.4000015258789,2018-10-29,false,false,251
2018-11-14,105.80000305175781,230.39999389648438,2018-01-24,98.4000015258789,2018-10-29,false,false,251
2018-11-15,104.80000305175781,230.39999389648438,2018-01-24,98.4000015258789,2018-10-29,false,false,251
2018-11-16,105.4000015258789,230.39999389648438,2018-01-24,98.4000015258789,2018-10-29,false,false,251
2018-11-19,103.19999694824219,230.39999389648438,2018-01-24,98.4000015258789,2018-10-29,false,false,251
2018-11-20,99.4000015258789,230.39999389648438,2018-01-24,98.4000015258789,2018-10-29,false,false,251
2018-11-21,101.80000305175781,230.39999389648438,2018-01-24,98.4000015258789,2018-10-29,false,false,251
2018-11-23,99.80000305175781,230.39999389648438,2018-01-24,98.4000015258789,2018-10-29,false,false,251
2018-11-26,101.4000015258789,230.39999389648438,2018-01-24,98.4000015258789,2018-10-29,false,false,251
2018-11-27,95.5999984741211,230.39999389648438,2018-01-24,95.5999984741211,2018-11-27,false,true,251
2018-11-28,94.19999694824219,230.39999389648438,2018-01-24,94.19999694824219,2018-11-28,false,true,251
2018-11-29,90.4000015258789,230.39999389648438,2018-01-24,90.4000015258789,2018-11-29,false,true,251
2018-11-30,87.4000015258789,230.39999389648438,2018-01-24,87.4000015258789,2018-11-30,false,true,251
2018-12-03,102.5999984741211,230.39999389648438,2018-01-24,87.4000015258789,2018-11-30,false,false,251
2018-12-04,95,230.39999389648438,2018-01-24,87.4000015258789,2018-11-30,false,false,251
2018-12-06,88.5999984741211,230.39999389648438,2018-01-24,87.4000015258789,2018-11-30,false,false,250
2018-12-07,91.19999694824219,230.39999389648438,2018-01-24,87.4000015258789,2018-11-30,false,false,250
2018-12-10,84.19999694824219,230.39999389648438,2018-01-24,84.19999694824219,2018-12-10,false,true,250
2018-12-11,84,230.39999389648438,2018-01-24,84,2018-12-11,false,true,250
2018-12-12,85,230.39999389648438,2018-01-24,84,2018-12-11,false,false,250
2018-12-13,84.5999984741211,230.39999389648438,2018-01-24,84,2018-12-11,false,false,250
2018-12-14,79,230.39999389648438,2018-01-24,79,2018-12-14,false,true,250
2018-12-17,77.4000015258789,230.39999389648438,2018-01-24,77.4000015258789,2018-12-17,false,true,250
2018-12-18,75.19999694824219,230.39999389648438,2018-01-24,75.19999694824219,2018-12-18,false,true,250
2018-12-19,68.80000305175781,230.39999389648438,2018-01-24,68.80000305175781,2018-12-19,false,true,250
2018-12-20,68,230.39999389648438,2018-01-24,68,2018-12-20,false,true,250
2018-12-21,66.19999694824219,230.39999389648438,2018-01-24,66.19999694824219,2018-12-21,false,true,250
2018-12-24,60.79999923706055,230.39999389648438,2018-01-24,60.79999923706055,2018-12-24,false,true,250
2018-12-26,73,230.39999389648438,2018-01-24,60.79999923706055,2018-12-24,false,false,250
2018-12-27,74.4000015258789,230.39999389648438,2018-01-24,60.79999923706055,2018-12-24,false,false,250
2018-12-28,72.19999694824219,230.39999389648438,2018-01-24,60.79999923706055,2018-12-24,false,false,250
2018-12-31,72.4000015258789,230.39999389648438,2018-01-24,60.79999923706055,2018-12-24,false,false,250
2019-01-02,74.80000305175781,230.39999389648438,2018-01-24,60.79999923706055,2018-12-24,false,false,250
2019-01-03,73.19999694824219,230.39999389648438,2018-01-24,60.79999923706055,2018-12-24,false,false,250
2019-01-04,79.80000305175781,230.39999389648438,2018-01-24,60.79999923706055,2018-12-24,false,false,250
2019-01-07,82.4000015258789,230.39999389648438,2018-01-24,60.79999923706055,2018-12-24,false,false,250
2019-01-08,83.4000015258789,230.39999389648438,2018-01-24,60.79999923706055,2018-12-24,false,false,250
2019-01-09,83.80000305175781,230.39999389648438,2018-01-24,60.79999923706055,2018-12-24,false,false,250
2019-01-10,83.5999984741211,230.39999389648438,2018-01-24,60.79999923706055,2018-12-24,false,false,250
2019-01-11,80.19999694824219,230.39999389648438,2018-01-24,60.79999923706055,2018-12-24,false,false,250
2019-01-14,80.5999984741211,230.39999389648438,2018-01-24,60.79999923706055,2018-12-24,false,false,250
2019-01-15,80,230.39999389648438,2018-01-24,60.79999923706055,2018-12-24,false,false,251
2019-01-16,79.5999984741211,230.39999389648438,2018-01-24,60.79999923706055,2018-12-24,false,false,251
2019-01-17,74.4000015258789,230.39999389648438,2018-01-24,60.79999923706055,2018-12-24,false,false,251
2019-01-18,78,230.39999389648438,2018-01-24,60.79999923706055,2018-12-24,false,false,251
2019-01-22,71.5999984741211,230.39999389648438,2018-01-24,60.79999923706055,2018-12-24,false,false,250
2019-01-23,70.5999984741211,230.39999389648438,2018-01-24,60.79999923706055,2018-12-24,false,false,250
2019-01-24,72.4000015258789,230.39999389648438,2018-01-24,60.79999923706055,2018-12-24,false,false,250
2019-01-25,73.80000305175781,220,2018-04-30,60.79999923706055,2018-12-24,false,false,250
2019-01-28,72,220,2018-04-30,60.79999923706055,2018-12-24,false,false,250
2019-01-29,73,220,2018-04-30,60.79999923706055,2018-12-24,false,false,250
2019-01-30,77.19999694824219,220,2018-04-30,60.79999923706055,2018-12-24,false,false,250
2019-01-31,76,220,2018-04-30,60.79999923706055,2018-12-24,false,false,250
2019-02-01,78,220,2018-04-30,60.79999923706055,2018-12-24,false,false,250
2019-02-04,79,220,2018-04-30,60.79999923706055,2018-12-24,false,false,250
2019-02-05,76.5999984741211,220,2018-04-30,60.79999923706055,2018-12-24,false,false,250
2019-02-06,75.4000015258789,220,2018-04-30,60.79999923706055,2018-12-24,false,false,250
2019-02-07,69.19999694824219,220,2018-04-30,60.79999923706055,2018-12-24,false,false,250
2019-02-08,68.80000305175781,220,2018-04-30,60.79999923706055,2018-12-24,false,false,250
2019-02-11,74,220,2018-04-30,60.79999923706055,2018-12-24,false,false,250
2019-02-12,72.5999984741211,220,2018-04-30,60.79999923706055,2018-12-24,false,false,250
2019-02-13,75.80000305175781,220,2018-04-30,60.79999923706055,2018-12-24,false,false,250
2019-02-14,77,220,2018-04-30,60.79999923706055,2018-12-24,false,false,250
2019-02-15,77.19999694824219,220,2018-04-30,60.79999923706055,2018-12-24,false,false,250
2019-02-19,75.19999694824219,220,2018-04-30,60.79999923706055,2018-12-24,false,false,250
2019-02-20,76.4000015258789,220,2018-04-30,60.79999923706055,2018-12-24,false,false,250
2019-02-21,71.80000305175781,220,2018-04-30,60.79999923706055,2018-12-24,false,false,250
2019-02-22,72.4000015258789,220,2018-04-30,60.79999923706055,2018-12-24,false,false,250
2019-02-25,71.80000305175781,220,2018-04-30,60.79999923706055,2018-12-24,false,false,250
2019-02-26,70,220,2018-04-30,60.79999923706055,2018-12-24,false,false,250
2019-02-27,69.5999984741211,220,2018-04-30,60.79999923706055,2018-12-24,false,false,250
2019-02-28,68.5999984741211,220,2018-04-30,60.79999923706055,2018-12-24,false,false,250
2019-03-01,68.5999984741211,220,2018-04-30,60.79999923706055,2018-12-24,false,false,250
2019-03-04,68.5999984741211,220,2018-04-30,60.79999923706055,2018-12-24,false,false,250
2019-03-05,67.19999694824219,220,2018-04-30,60.79999923706055,2018-12-24,false,false,250
2019-03-06,65.5999984741211,220,2018-04-30,60.79999923706055,2018-12-24,false,false,250
2019-03-07,62.400001525878906,220,2018-04-30,60.79999923706055,2018-12-24,false,false,250
2019-03-08,59.20000076293945,220,2018-04-30,59.20000076293945,2019-03-08,false,true,250
2019-03-11,59,220,2018-04-30,59,2019-03-11,false,true,250
2019-03-12,61.599998474121094,220,2018-04-30,59,2019-03-11,false,false,250
2019-03-13,61.599998474121094,220,2018-04-30,59,2019-03-11,false,false,250
2019-03-14,61.400001525878906,220,2018-04-30,59,2019-03-11,false,false,250
2019-03-15,56.599998474121094,220,2018-04-30,56.599998474121094,2019-03-15,false,true,250
2019-03-18,61,220,2018-04-30,56.599998474121094,2019-03-15,false,false,250
2019-03-19,61.599998474121094,220,2018-04-30,56.599998474121094,2019-03-15,false,false,250
2019-03-20,65.5999984741211,220,2018-04-30,56.599998474121094,2019-03-15,false,false,250
2019-03-21,66.5999984741211,220,2018-04-30,56.599998474121094,2019-03-15,false,false,250
2019-03-22,62.20000076293945,220,2018-04-30,56.599998474121094,2019-03-15,false,false,250
2019-03-25,62.20000076293945,220,2018-04-30,56.599998474121094,2019-03-15,false,false,250
2019-03-26,62,220,2018-04-30,56.599998474121094,2019-03-15,false,false,250
2019-03-27,62,220,2018-04-30,56.599998474121094,2019-03-15,false,false,250
2019-03-28,62,220,2018-04-30,56.599998474121094,2019-03-15,false,false,250
2019-03-29,61.79999923706055,220,2018-04-30,56.599998474121094,2019-03-15,false,false,250
2019-04-01,63.20000076293945,220,2018-04-30,56.599998474121094,2019-03-15,false,false,251
2019-04-02,60.79999923706055,220,2018-04-30,56.599998474121094,2019-03-15,false,false,251
2019-04-03,56.79999923706055,220,2018-04-30,56.599998474121094,2019-03-15,false,false,251
2019-04-04,56.599998474121094,220,2018-04-30,56.599998474121094,2019-04-04,false,true,251
2019-04-05,58.79999923706055,220,2018-04-30,56.599998474121094,2019-04-04,false,false,251
2019-04-08,65.19999694824219,220,2018-04-30,56.599998474121094,2019-04-04,false,false,251
2019-04-09,63.400001525878906,220,2018-04-30,56.599998474121094,2019-04-04,false,false,251
2019-04-10,64.80000305175781,220,2018-04-30,56.599998474121094,2019-04-04,false,false,251
2019-04-11,62.20000076293945,220,2018-04-30,56.599998474121094,2019-04-04,false,false,251
2019-04-12,64,220,2018-04-30,56.599998474121094,2019-04-04,false,false,251
2019-04-15,62.79999923706055,220,2018-04-30,56.599998474121094,2019-04-04,false,false,251
2019-04-16,63.400001525878906,220,2018-04-30,56.599998474121094,2019-04-04,false,false,251
2019-04-17,62.79999923706055,220,2018-04-30,56.599998474121094,2019-04-04,false,false,251
2019-04-18,62.79999923706055,220,2018-04-30,56.599998474121094,2019-04-04,false,false,251
2019-04-22,66.5999984741211,220,2018-04-30,56.599998474121094,2019-04-04,false,false,250
2019-04-23,67,220,2018-04-30,56.599998474121094,2019-04-04,false,false,250
2019-04-24,65.80000305175781,220,2018-04-30,56.599998474121094,2019-04-04,false,false,250
2019-04-25,66,220,2018-04-30,56.599998474121094,2019-04-04,false,false,250
2019-04-26,63.599998474121094,220,2018-04-30,56.599998474121094,2019-04-04,false,false,250
2019-04-29,62.400001525878906,220,2018-04-30,56.599998474121094,2019-04-04,false,false,250
2019-04-30,60.400001525878906,220,2018-04-30,56.599998474121094,2019-04-04,false,false,250
2019-05-01,59.400001525878906,218.39999389648438,2018-05-02,56.599998474121094,2019-04-04,false,false,250
2019-05-02,66.80000305175781,218.39999389648438,2018-05-02,56.599998474121094,2019-04-04,false,false,250
2019-05-03,68.5999984741211,203,2018-07-10,56.599998474121094,2019-04-04,false,false,250
2019-05-06,70.4000015258789,203,2018-07-10,56.599998474121094,2019-04-04,false,false,250
2019-05-07,69.5999984741211,203,2018-07-10,56.599998474121094,2019-04-04,false,false,250
2019-05-08,69.19999694824219,203,2018-07-10,56.599998474121094,2019-04-04,false,false,250
2019-05-09,72,203,2018-07-10,56.599998474121094,2019-04-04,false,false,250
2019-05-10,70.80000305175781,203,2018-07-10,56.599998474121094,2019-04-04,false,false,250
2019-05-13,67.19999694824219,203,2018-07-10,56.599998474121094,2019-04-04,false,false,250
2019-05-14,68.19999694824219,203,2018-07-10,56.599998474121094,2019-04-04,false,false,250
2019-05-15,69.80000305175781,203,2018-07-10,56.599998474121094,2019-04-04,false,false,250
2019-05-16,69.80000305175781,203,2018-07-10,56.599998474121094,2019-04-04,false,false,250
2019-05-17,66.80000305175781,203,2018-07-10,56.599998474121094,2019-04-04,false,false,250
2019-05-20,66.19999694824219,203,2018-07-10,56.599998474121094,2019-04-04,false,false,250
2019-05-21,68,203,2018-07-10,56.599998474121094,2019-04-04,false,false,250
2019-05-22,64.5999984741211,203,2018-07-10,56.599998474121094,2019-04-04,false,false,250
2019-05-23,59.20000076293945,203,2018-07-10,56.599998474121094,2019-04-04,false,false,250
2019-05-24,60.20000076293945,203,2018-07-10,56.599998474121094,2019-04-04,false,false,250
2019-05-28,58.79999923706055,203,2018-07-10,56.599998474121094,2019-04-04,false,false,250
2019-05-29,57.599998474121094,203,2018-07-10,56.599998474121094,2019-04-04,false,false,250
2019-05-30,53.79999923706055,203,2018-07-10,53.79999923706055,2019-05-30,false,true,250
2019-05-31,52.79999923706055,203,2018-07-10,52.79999923706055,2019-05-31,false,true,250
2019-06-03,51.79999923706055,203,2018-07-10,51.79999923706055,2019-06-03,false,true,250
2019-06-04,54.400001525878906,203,2018-07-10,51.79999923706055,2019-06-03,false,false,250
2019-06-05,50.20000076293945,203,2018-07-10,50.20000076293945,2019-06-05,false,true,250
2019-06-06,51.599998474121094,203,2018-07-10,50.20000076293945,2019-06-05,false,false,250
2019-06-07,51.79999923706055,203,2018-07-10,50.20000076293945,2019-06-05,false,false,250
2019-06-10,52.79999923706055,203,2018-07-10,50.20000076293945,2019-06-05,false,false,250
2019-06-11,54,203,2018-07-10,50.20000076293945,2019-06-05,false,false,250
2019-06-12,50.400001525878906,203,2018-07-10,50.20000076293945,2019-06-05,false,false,250
2019-06-13,52.599998474121094,203,2018-07-10,50.20000076293945,2019-06-05,false,false,250
2019-06-14,49,203,2018-07-10,49,2019-06-14,false,true,250
2019-06-17,48.599998474121094,203,2018-07-10,48.599998474121094,2019-06-17,false,true,250
2019-06-18,50.599998474121094,203,2018-07-10,48.599998474121094,2019-06-17,false,false,250
2019-06-19,50.79999923706055,203,2018-07-10,48.599998474121094,2019-06-17,false,false,250
2019-06-20,55,203,2018-07-10,48.599998474121094,2019-06-17,false,false,250
2019-06-21,56,203,2018-07-10,48.599998474121094,2019-06-17,false,false,250
2019-06-24,54.79999923706055,203,2018-07-10,48.599998474121094,2019-06-17,false,false,250
2019-06-25,56.20000076293945,203,2018-07-10,48.599998474121094,2019-06-17,false,false,250
2019-06-26,57.599998474121094,203,2018-07-10,48.599998474121094,2019-06-17,false,false,250
2019-06-27,58.400001525878906,203,2018-07-10,48.599998474121094,2019-06-17,false,false,250
2019-06-28,58,203,2018-07-10,48.599998474121094,2019-06-17,false,false,250
2019-07-01,59.599998474121094,203,2018-07-10,48.599998474121094,2019-06-17,false,false,250
2019-07-02,56.79999923706055,203,2018-07-10,48.599998474121094,2019-06-17,false,false,250
2019-07-03,56.20000076293945,203,2018-07-10,48.599998474121094,2019-06-17,false,false,250
2019-07-05,58.20000076293945,203,2018-07-10,48.599998474121094,2019-06-17,false,false,250
2019-07-08,57.20000076293945,203,2018-07-10,48.599998474121094,2019-06-17,false,false,250
2019-07-09,56.599998474121094,203,2018-07-10,48.599998474121094,2019-06-17,false,false,250
2019-07-10,58.79999923706055,203,2018-07-10,48.599998474121094,2019-06-17,false,false,250
2019-07-11,59.79999923706055,196.60000610351562,2018-07-12,48.599998474121094,2019-06-17,false,false,250
2019-07-12,61.79999923706055,196.60000610351562,2018-07-12,48.599998474121094,2019-06-17,false,false,250
2019-07-15,60.20000076293945,192,2018-07-19,48.599998474121094,2019-06-17,false,false,250
2019-07-16,59.599998474121094,192,2018-07-19,48.599998474121094,2019-06-17,false,false,250
2019-07-17,59.20000076293945,192,2018-07-19,48.599998474121094,2019-06-17,false,false,250
2019-07-18,60.400001525878906,192,2018-07-19,48.599998474121094,2019-06-17,false,false,250
2019-07-19,58.79999923706055,192,2018-07-19,48.599998474121094,2019-06-17,false,false,250
2019-07-22,56.599998474121094,191.1999969482422,2018-07-25,48.599998474121094,2019-06-17,false,false,250
2019-07-23,58.400001525878906,191.1999969482422,2018-07-25,48.599998474121094,2019-06-17,false,false,250
2019-07-24,59,191.1999969482422,2018-07-25,48.599998474121094,2019-06-17,false,false,250
2019-07-25,56.400001525878906,191.1999969482422,2018-07-25,48.599998474121094,2019-06-17,false,false,250
2019-07-26,54,189.8000030517578,2018-07-30,48.599998474121094,2019-06-17,false,false,250
2019-07-29,52.599998474121094,189.8000030517578,2018-07-30,48.599998474121094,2019-06-17,false,false,250
2019-07-30,60.79999923706055,189.8000030517578,2018-07-30,48.599998474121094,2019-06-17,false,false,250
2019-07-31,66.4000015258789,186,2018-08-01,48.599998474121094,2019-06-17,false,false,250
2019-08-01,63.20000076293945,186,2018-08-01,48.599998474121094,2019-06-17,false,false,250
2019-08-02,61,176,2018-09-21,48.599998474121094,2019-06-17,false,false,250
2019-08-05,56.20000076293945,176,2018-09-21,48.599998474121094,2019-06-17,false,false,250
2019-08-06,51.599998474121094,176,2018-09-21,48.599998474121094,2019-06-17,false,false,250
2019-08-07,53.20000076293945,176,2018-09-21,48.599998474121094,2019-06-17,false,false,250
2019-08-08,53.79999923706055,176,2018-09-21,48.599998474121094,2019-06-17,false,false,250
2019-08-09,53.79999923706055,176,2018-09-21,48.599998474121094,2019-06-17,false,false,250
2019-08-12,55.79999923706055,176,2018-09-21,48.599998474121094,2019-06-17,false,false,250
2019-08-13,57,176,2018-09-21,48.599998474121094,2019-06-17,false,false,250
2019-08-14,56,176,2018-09-21,48.599998474121094,2019-06-17,false,false,250
2019-08-15,53.400001525878906,176,2018-09-21,48.599998474121094,2019-06-17,false,false,250
2019-08-16,56.400001525878906,176,2018-09-21,48.599998474121094,2019-06-17,false,false,250
2019-08-19,58.400001525878906,176,2018-09-21,48.599998474121094,2019-06-17,false,false,250
2019-08-20,56.20000076293945,176,2018-09-21,48.599998474121094,2019-06-17,false,false,250
2019-08-21,57.400001525878906,176,2018-09-21,48.599998474121094,2019-06-17,false,false,250
2019-08-22,54.79999923706055,176,2018-09-21,48.599998474121094,2019-06-17,false,false,250
2019-08-23,51.599998474121094,176,2018-09-21,48.599998474121094,2019-06-17,false,false,250
2019-08-26,49.79999923706055,176,2018-09-21,48.599998474121094,2019-06-17,false,false,250
2019-08-27,48.20000076293945,176,2018-09-21,48.20000076293945,2019-08-27,false,true,250
2019-08-28,49.599998474121094,176,2018-09-21,48.20000076293945,2019-08-27,false,false,250
2019-08-29,51.599998474121094,176,2018-09-21,48.20000076293945,2019-08-27,false,false,250
2019-08-30,49.599998474121094,176,2018-09-21,48.20000076293945,2019-08-27,false,false,250
2019-09-03,48.20000076293945,176,2018-09-21,48.20000076293945,2019-09-03,false,true,250
2019-09-04,50.400001525878906,176,2018-09-21,48.20000076293945,2019-09-03,false,false,250
2019-09-05,51.79999923706055,176,2018-09-21,48.20000076293945,2019-09-03,false,false,250
2019-09-06,49.79999923706055,176,2018-09-21,48.20000076293945,2019-09-03,false,false,250
2019-09-09,52.599998474121094,176,2018-09-21,48.20000076293945,2019-09-03,false,false,250
2019-09-10,55.599998474121094,176,2018-09-21,48.20000076293945,2019-09-03,false,false,250
2019-09-11,54.79999923706055,176,2018-09-21,48.20000076293945,2019-09-03,false,false,250
2019-09-12,53.20000076293945,176,2018-09-21,48.20000076293945,2019-09-03,false,false,250
2019-09-13,53.400001525878906,176,2018-09-21,48.20000076293945,2019-09-03,false,false,250
2019-09-16,61.20000076293945,176,2018-09-21,48.20000076293945,2019-09-03,false,false,250
2019-09-17,55.20000076293945,176,2018-09-21,48.20000076293945,2019-09-03,false,false,250
2019-09-18,54,176,2018-09-21,48.20000076293945,2019-09-03,false,false,250
2019-09-19,51.79999923706055,176,2018-09-21,48.20000076293945,2019-09-03,false,false,250
2019-09-20,52,176,2018-09-21,48.20000076293945,2019-09-03,false,false,250
2019-09-23,54.400001525878906,176,2018-09-21,48.20000076293945,2019-09-03,false,false,250
2019-09-24,52.79999923706055,175.60000610351562,2018-09-25,48.20000076293945,2019-09-03,false,false,250
2019-09-25,52.20000076293945,175.60000610351562,2018-09-25,48.20000076293945,2019-09-03,false,false,250
2019-09-26,50.79999923706055,165.8000030517578,2018-09-27,48.20000076293945,2019-09-03,false,false,250
2019-09-27,50.400001525878906,165.8000030517578,2018-09-27,48.20000076293945,2019-09-03,false,false,250
2019-09-30,48.20000076293945,157,2018-10-03,48.20000076293945,2019-09-30,false,true,250
2019-10-01,45.20000076293945,157,2018-10-03,45.20000076293945,2019-10-01,false,true,250
2019-10-02,42.79999923706055,157,2018-10-03,42.79999923706055,2019-10-02,false,true,250
2019-10-03,42.79999923706055,157,2018-10-03,42.79999923706055,2019-10-03,false,true,250
2019-10-04,42.599998474121094,145.1999969482422,2018-10-05,42.599998474121094,2019-10-04,false,true,250
2019-10-07,42.400001525878906,145.1999969482422,2018-10-05,42.400001525878906,2019-10-07,false,true,250
2019-10-08,41.599998474121094,143.39999389648438,2018-10-09,41.599998474121094,2019-10-08,false,true,250
2019-10-09,41.599998474121094,143.39999389648438,2018-10-09,41.599998474121094,2019-10-09,false,true,250
2019-10-10,42.400001525878906,131.39999389648438,2018-10-15,41.599998474121094,2019-10-09,false,false,250
2019-10-11,43,131.39999389648438,2018-10-15,41.599998474121094,2019-10-09,false,false,250
2019-10-14,42.599998474121094,131.39999389648438,2018-10-15,41.599998474121094,2019-10-09,false,false,250
2019-10-15,44.599998474121094,131.39999389648438,2018-10-15,41.599998474121094,2019-10-09,false,false,250
2019-10-16,46.400001525878906,126,2018-10-17,41.599998474121094,2019-10-09,false,false,250
2019-10-17,47.599998474121094,126,2018-10-17,41.599998474121094,2019-10-09,false,false,250
2019-10-18,45.400001525878906,121,2018-10-19,41.599998474121094,2019-10-09,false,false,250
2019-10-21,46.400001525878906,121,2018-10-19,41.599998474121094,2019-10-09,false,false,250
2019-10-22,47.79999923706055,117,2018-11-08,41.599998474121094,2019-10-09,false,false,250
2019-10-23,50,117,2018-11-08,41.599998474121094,2019-10-09,false,false,250
2019-10-24,47.79999923706055,117,2018-11-08,41.599998474121094,2019-10-09,false,false,250
2019-10-25,48.400001525878906,117,2018-11-08,41.599998474121094,2019-10-09,false,false,250
2019-10-28,48,117,2018-11-08,41.599998474121094,2019-10-09,false,false,250
2019-10-29,49.599998474121094,117,2018-11-08,41.599998474121094,2019-10-09,false,false,250
2019-10-30,46.400001525878906,117,2018-11-08,41.599998474121094,2019-10-09,false,false,250
2019-10-31,47.20000076293945,117,2018-11-08,41.599998474121094,2019-10-09,false,false,250
2019-11-01,49.20000076293945,117,2018-11-08,41.599998474121094,2019-10-09,false,false,250
2019-11-04,51.79999923706055,117,2018-11-08,41.599998474121094,2019-10-09,false,false,250
2019-11-05,52.79999923706055,117,2018-11-08,41.599998474121094,2019-10-09,false,false,250
2019-11-06,51.20000076293945,117,2018-11-08,41.599998474121094,2019-10-09,false,false,250
2019-11-07,51.599998474121094,117,2018-11-08,41.599998474121094,2019-10-09,false,false,250
2019-11-08,52,117,2018-11-08,41.599998474121094,2019-10-09,false,false,250
2019-11-11,50.20000076293945,106,2018-11-12,41.599998474121094,2019-10-09,false,false,250
2019-11-12,49.79999923706055,106,2018-11-12,41.599998474121094,2019-10-09,false,false,250
2019-11-13,48,105.80000305175781,2018-11-14,41.599998474121094,2019-10-09,false,false,250
2019-11-14,46.20000076293945,105.80000305175781,2018-11-14,41.599998474121094,2019-10-09,false,false,250
2019-11-15,47.79999923706055,105.4000015258789,2018-11-16,41.599998474121094,2019-10-09,false,false,250
2019-11-18,44.599998474121094,105.4000015258789,2018-11-16,41.599998474121094,2019-10-09,false,false,250
2019-11-19,42.599998474121094,102.5999984741211,2018-12-03,41.599998474121094,2019-10-09,false,false,250
2019-11-20,44,102.5999984741211,2018-12-03,41.599998474121094,2019-10-09,false,false,250
2019-11-21,45.400001525878906,102.5999984741211,2018-12-03,41.599998474121094,2019-10-09,false,false,250
2019-11-22,45.400001525878906,102.5999984741211,2018-12-03,41.599998474121094,2019-10-09,false,false,251
2019-11-25,46.79999923706055,102.5999984741211,2018-12-03,41.599998474121094,2019-10-09,false,false,251
2019-11-26,44,102.5999984741211,2018-12-03,41.599998474121094,2019-10-09,false,false,251
2019-11-27,45.400001525878906,102.5999984741211,2018-12-03,41.599998474121094,2019-10-09,false,false,251
2019-11-29,43.20000076293945,102.5999984741211,2018-12-03,41.599998474121094,2019-10-09,false,false,250
2019-12-02,43.20000076293945,102.5999984741211,2018-12-03,41.599998474121094,2019-10-09,false,false,250
2019-12-03,43.400001525878906,102.5999984741211,2018-12-03,41.599998474121094,2019-10-09,false,false,250
2019-12-04,45,91.19999694824219,2018-12-07,41.599998474121094,2019-10-09,false,false,250
2019-12-05,45.599998474121094,91.19999694824219,2018-12-07,41.599998474121094,2019-10-09,false,false,251
2019-12-06,47.400001525878906,91.19999694824219,2018-12-07,41.599998474121094,2019-10-09,false,false,251
2019-12-09,49.599998474121094,91.19999694824219,2018-12-07,41.599998474121094,2019-10-09,false,false,251
2019-12-10,51.79999923706055,85,2018-12-12,41.599998474121094,2019-10-09,false,false,251
2019-12-11,52,85,2018-12-12,41.599998474121094,2019-10-09,false,false,251
2019-12-12,55.79999923706055,85,2018-12-12,41.599998474121094,2019-10-09,false,false,251
2019-12-13,53.400001525878906,83.80000305175781,2019-01-09,41.599998474121094,2019-10-09,false,false,251
2019-12-16,56.400001525878906,83.80000305175781,2019-01-09,41.599998474121094,2019-10-09,false,false,251
2019-12-17,56.79999923706055,83.80000305175781,2019-01-09,41.599998474121094,2019-10-09,false,false,251
2019-12-18,56.400001525878906,83.80000305175781,2019-01-09,41.599998474121094,2019-10-09,false,false,251
2019-12-19,56.599998474121094,83.80000305175781,2019-01-09,41.599998474121094,2019-10-09,false,false,251
2019-12-20,55.79999923706055,83.80000305175781,2019-01-09,41.599998474121094,2019-10-09,false,false,251
2019-12-23,57.20000076293945,83.80000305175781,2019-01-09,41.599998474121094,2019-10-09,false,false,251
2019-12-24,57,83.80000305175781,2019-01-09,41.599998474121094,2019-10-09,false,false,251
2019-12-26,57.20000076293945,83.80000305175781,2019-01-09,41.599998474121094,2019-10-09,false,false,251
2019-12-27,55.400001525878906,83.80000305175781,2019-01-09,41.599998474121094,2019-10-09,false,false,251
2019-12-30,56,83.80000305175781,2019-01-09,41.599998474121094,2019-10-09,false,false,251
2019-12-31,57.400001525878906,83.80000305175781,2019-01-09,41.599998474121094,2019-10-09,false,false,251
2020-01-02,55.20000076293945,83.80000305175781,2019-01-09,41.599998474121094,2019-10-09,false,false,251
2020-01-03,56.400001525878906,83.80000305175781,2019-01-09,41.599998474121094,2019-10-09,false,false,251
2020-01-06,60,83.80000305175781,2019-01-09,41.599998474121094,2019-10-09,false,false,251
2020-01-07,59.400001525878906,83.80000305175781,2019-01-09,41.599998474121094,2019-10-09,false,false,251
2020-01-08,54.79999923706055,83.80000305175781,2019-01-09,41.599998474121094,2019-10-09,false,false,251
2020-01-09,53.599998474121094,83.80000305175781,2019-01-09,41.599998474121094,2019-10-09,false,false,251
2020-01-10,53,80.5999984741211,2019-01-14,41.599998474121094,2019-10-09,false,false,251
2020-01-13,51.599998474121094,80.5999984741211,2019-01-14,41.599998474121094,2019-10-09,false,false,251
2020-01-14,51,80.5999984741211,2019-01-14,41.599998474121094,2019-10-09,false,false,251
2020-01-15,49.400001525878906,79.5999984741211,2019-01-16,41.599998474121094,2019-10-09,false,false,251
2020-01-16,49.20000076293945,79.5999984741211,2019-01-16,41.599998474121094,2019-10-09,false,false,251
2020-01-17,48,79,2019-02-04,41.599998474121094,2019-10-09,false,false,251
2020-01-21,44,79,2019-02-04,41.599998474121094,2019-10-09,false,false,251
2020-01-22,42.400001525878906,79,2019-02-04,41.599998474121094,2019-10-09,false,false,251
2020-01-23,41.400001525878906,79,2019-02-04,41.400001525878906,2020-01-23,false,true,251
2020-01-24,39.79999923706055,79,2019-02-04,39.79999923706055,2020-01-24,false,true,251
2020-01-27,36.20000076293945,79,2019-02-04,36.20000076293945,2020-01-27,false,true,251
2020-01-28,37,79,2019-02-04,36.20000076293945,2020-01-27,false,false,251
2020-01-29,36.20000076293945,79,2019-02-04,36.20000076293945,2020-01-29,false,true,251
2020-01-30,35.79999923706055,79,2019-02-04,35.79999923706055,2020-01-30,false,true,251
2020-01-31,34.400001525878906,79,2019-02-04,34.400001525878906,2020-01-31,false,true,251
2020-02-03,33.79999923706055,79,2019-02-04,33.79999923706055,2020-02-03,false,true,251
2020-02-04,33,79,2019-02-04,33,2020-02-04,false,true,251
2020-02-05,35.79999923706055,77.19999694824219,2019-02-15,33,2020-02-04,false,false,251
2020-02-06,35.599998474121094,77.19999694824219,2019-02-15,33,2020-02-04,false,false,251
2020-02-07,34,77.19999694824219,2019-02-15,33,2020-02-04,false,false,251
2020-02-10,32,77.19999694824219,2019-02-15,32,2020-02-10,false,true,251
2020-02-11,31.399999618530273,77.19999694824219,2019-02-15,31.399999618530273,2020-02-11,false,true,251
2020-02-12,31.799999237060547,77.19999694824219,2019-02-15,31.399999618530273,2020-02-11,false,false,251
2020-02-13,31.200000762939453,77.19999694824219,2019-02-15,31.200000762939453,2020-02-13,false,true,251
2020-02-14,30,77.19999694824219,2019-02-15,30,2020-02-14,false,true,251
2020-02-18,29.399999618530273,77.19999694824219,2019-02-15,29.399999618530273,2020-02-18,false,true,251
2020-02-19,30.399999618530273,76.4000015258789,2019-02-20,29.399999618530273,2020-02-18,false,false,251
2020-02-20,30.399999618530273,76.4000015258789,2019-02-20,29.399999618530273,2020-02-18,false,false,251
2020-02-21,29,72.4000015258789,2019-02-22,29,2020-02-21,false,true,251
2020-02-24,27.200000762939453,72.4000015258789,2019-02-22,27.200000762939453,2020-02-24,false,true,251
2020-02-25,24,72,2019-05-09,24,2020-02-25,false,true,251
2020-02-26,22.399999618530273,72,2019-05-09,22.399999618530273,2020-02-26,false,true,251
2020-02-27,20.399999618530273,72,2019-05-09,20.399999618530273,2020-02-27,false,true,251
2020-02-28,21.600000381469727,72,2019-05-09,20.399999618530273,2020-02-27,false,false,251
2020-03-02,19.200000762939453,72,2019-05-09,19.200000762939453,2020-03-02,false,true,251
2020-03-03,19,72,2019-05-09,19,2020-03-03,false,true,251
2020-03-04,17.799999237060547,72,2019-05-09,17.799999237060547,2020-03-04,false,true,251
2020-03-05,16.399999618530273,72,2019-05-09,16.399999618530273,2020-03-05,false,true,251
2020-03-06,14,72,2019-05-09,14,2020-03-06,false,true,251
2020-03-09,8.399999618530273,72,2019-05-09,8.399999618530273,2020-03-09,false,true,251
2020-03-10,17.799999237060547,72,2019-05-09,8.399999618530273,2020-03-09,false,false,251
2020-03-11,11.399999618530273,72,2019-05-09,8.399999618530273,2020-03-09,false,false,251
2020-03-12,9.199999809265137,72,2019-05-09,8.399999618530273,2020-03-09,false,false,251
2020-03-13,14.800000190734863,72,2019-05-09,8.399999618530273,2020-03-09,false,false,251
2020-03-16,8.800000190734863,72,2019-05-09,8.399999618530273,2020-03-09,false,false,251
2020-03-17,9,72,2019-05-09,8.399999618530273,2020-03-09,false,false,251
2020-03-18,7.800000190734863,72,2019-05-09,7.800000190734863,2020-03-18,false,true,251
2020-03-19,8.199999809265137,72,2019-05-09,7.800000190734863,2020-03-18,false,false,251
2020-03-20,8.199999809265137,72,2019-05-09,7.800000190734863,2020-03-18,false,false,251
2020-03-23,8,72,2019-05-09,7.800000190734863,2020-03-18,false,false,251
2020-03-24,8,72,2019-05-09,7.800000190734863,2020-03-18,false,false,251
2020-03-25,8.600000381469727,72,2019-05-09,7.800000190734863,2020-03-18,false,false,251
2020-03-26,8,72,2019-05-09,7.800000190734863,2020-03-18,false,false,251
2020-03-27,7.400000095367432,72,2019-05-09,7.400000095367432,2020-03-27,false,true,251
2020-03-30,7.599999904632568,72,2019-05-09,7.400000095367432,2020-03-27,false,false,251
2020-03-31,7.599999904632568,72,2019-05-09,7.400000095367432,2020-03-27,false,false,251
2020-04-01,7,72,2019-05-09,7,2020-04-01,false,true,251
2020-04-02,7.599999904632568,72,2019-05-09,7,2020-04-01,false,false,251
2020-04-03,7.800000190734863,72,2019-05-09,7,2020-04-01,false,false,251
2020-04-06,7.400000095367432,72,2019-05-09,7,2020-04-01,false,false,251
2020-04-07,6.800000190734863,72,2019-05-09,6.800000190734863,2020-04-07,false,true,251
2020-04-08,7.599999904632568,72,2019-05-09,6.800000190734863,2020-04-07,false,false,251
2020-04-09,8,72,2019-05-09,6.800000190734863,2020-04-07,false,false,251
2020-04-13,9.399999618530273,72,2019-05-09,6.800000190734863,2020-04-07,false,false,250
2020-04-14,9.199999809265137,72,2019-05-09,6.800000190734863,2020-04-07,false,false,250
2020-04-15,8.399999618530273,72,2019-05-09,6.800000190734863,2020-04-07,false,false,250
2020-04-16,8.199999809265137,72,2019-05-09,6.800000190734863,2020-04-07,false,false,250
2020-04-17,8.399999618530273,72,2019-05-09,6.800000190734863,2020-04-07,false,false,250
2020-04-20,9,72,2019-05-09,6.800000190734863,2020-04-07,false,false,251
2020-04-21,9,72,2019-05-09,6.800000190734863,2020-04-07,false,false,251
2020-04-22,10.199999809265137,72,2019-05-09,6.800000190734863,2020-04-07,false,false,251
2020-04-23,15.199999809265137,72,2019-05-09,6.800000190734863,2020-04-07,false,false,251
2020-04-24,15.600000381469727,72,2019-05-09,6.800000190734863,2020-04-07,false,false,251
2020-04-27,15,72,2019-05-09,6.800000190734863,2020-04-07,false,false,251
2020-04-28,16,72,2019-05-09,6.800000190734863,2020-04-07,false,false,251
2020-04-29,17.200000762939453,72,2019-05-09,6.800000190734863,2020-04-07,false,false,251
2020-04-30,21.799999237060547,72,2019-05-09,6.800000190734863,2020-04-07,false,false,251
2020-05-01,19.399999618530273,72,2019-05-09,6.800000190734863,2020-04-07,false,false,251
2020-05-04,21.200000762939453,72,2019-05-09,6.800000190734863,2020-04-07,false,false,251
2020-05-05,20,72,2019-05-09,6.800000190734863,2020-04-07,false,false,251
2020-05-06,18.399999618530273,72,2019-05-09,6.800000190734863,2020-04-07,false,false,251
2020-05-07,19.600000381469727,72,2019-05-09,6.800000190734863,2020-04-07,false,false,251
2020-05-08,19.799999237060547,72,2019-05-09,6.800000190734863,2020-04-07,false,false,251
2020-05-11,18.200000762939453,69.80000305175781,2019-05-16,6.800000190734863,2020-04-07,false,false,251
2020-05-12,18.799999237060547,69.80000305175781,2019-05-16,6.800000190734863,2020-04-07,false,false,251
2020-05-13,16.600000381469727,69.80000305175781,2019-05-16,6.800000190734863,2020-04-07,false,false,251
2020-05-14,15.600000381469727,69.80000305175781,2019-05-16,6.800000190734863,2020-04-07,false,false,251
2020-05-15,15.600000381469727,69.80000305175781,2019-05-16,6.800000190734863,2020-04-07,false,false,251
2020-05-18,17.799999237060547,68,2019-05-21,6.800000190734863,2020-04-07,false,false,251
2020-05-19,18.200000762939453,68,2019-05-21,6.800000190734863,2020-04-07,false,false,251
2020-05-20,18.600000381469727,68,2019-05-21,6.800000190734863,2020-04-07,false,false,251
2020-05-21,17.799999237060547,66.4000015258789,2019-07-31,6.800000190734863,2020-04-07,false,false,251
2020-05-22,18,66.4000015258789,2019-07-31,6.800000190734863,2020-04-07,false,false,251
2020-05-26,19,66.4000015258789,2019-07-31,6.800000190734863,2020-04-07,false,false,251
2020-05-27,18.799999237060547,66.4000015258789,2019-07-31,6.800000190734863,2020-04-07,false,false,251
2020-05-28,18,66.4000015258789,2019-07-31,6.800000190734863,2020-04-07,false,false,251
2020-05-29,17,66.4000015258789,2019-07-31,6.800000190734863,2020-04-07,false,false,251
2020-06-01,17.799999237060547,66.4000015258789,2019-07-31,6.800000190734863,2020-04-07,false,false,251
2020-06-02,20.350000381469727,66.4000015258789,2019-07-31,6.800000190734863,2020-04-07,false,false,251
2020-06-03,17.559999465942383,66.4000015258789,2019-07-31,6.800000190734863,2020-04-07,false,false,251
2020-06-04,18.059999465942383,66.4000015258789,2019-07-31,6.800000190734863,2020-04-07,false,false,251
2020-06-05,21.149999618530273,66.4000015258789,2019-07-31,6.800000190734863,2020-04-07,false,false,251
2020-06-08,28.739999771118164,66.4000015258789,2019-07-31,6.800000190734863,2020-04-07,false,false,251
2020-06-09,24.540000915527344,66.4000015258789,2019-07-31,6.800000190734863,2020-04-07,false,false,251
2020-06-10,21.729999542236328,66.4000015258789,2019-07-31,6.800000190734863,2020-04-07,false,false,251
2020-06-11,17.530000686645508,66.4000015258789,2019-07-31,6.800000190734863,2020-04-07,false,false,251
2020-06-12,18.6299991607666,66.4000015258789,2019-07-31,6.800000190734863,2020-04-07,false,false,251
2020-06-15,18.940000534057617,66.4000015258789,2019-07-31,6.800000190734863,2020-04-07,false,false,251
2020-06-16,18.93000030517578,66.4000015258789,2019-07-31,6.800000190734863,2020-04-07,false,false,251
2020-06-17,17.010000228881836,66.4000015258789,2019-07-31,6.800000190734863,2020-04-07,false,false,251
2020-06-18,16.90999984741211,66.4000015258789,2019-07-31,6.800000190734863,2020-04-07,false,false,251
2020-06-19,15.449999809265137,66.4000015258789,2019-07-31,6.800000190734863,2020-04-07,false,false,251
2020-06-22,15.59000015258789,66.4000015258789,2019-07-31,6.800000190734863,2020-04-07,false,false,251
2020-06-23,15.630000114440918,66.4000015258789,2019-07-31,6.800000190734863,2020-04-07,false,false,251
2020-06-24,13.899999618530273,66.4000015258789,2019-07-31,6.800000190734863,2020-04-07,false,false,251
2020-06-25,14.5600004196167,66.4000015258789,2019-07-31,6.800000190734863,2020-04-07,false,false,251
2020-06-26,13.449999809265137,66.4000015258789,2019-07-31,6.800000190734863,2020-04-07,false,false,251
2020-06-29,13.579999923706055,66.4000015258789,2019-07-31,6.800000190734863,2020-04-07,false,false,251
2020-06-30,13.859999656677246,66.4000015258789,2019-07-31,6.800000190734863,2020-04-07,false,false,251
2020-07-01,13.59000015258789,66.4000015258789,2019-07-31,6.800000190734863,2020-04-07,false,false,251
2020-07-02,13.550000190734863,66.4000015258789,2019-07-31,6.800000190734863,2020-04-07,false,false,251
2020-07-06,13.149999618530273,66.4000015258789,2019-07-31,6.800000190734863,2020-04-07,false,false,251
2020-07-07,12.270000457763672,66.4000015258789,2019-07-31,6.800000190734863,2020-04-07,false,false,251
2020-07-08,11.8100004196167,66.4000015258789,2019-07-31,6.800000190734863,2020-04-07,false,false,251
2020-07-09,11.140000343322754,66.4000015258789,2019-07-31,6.800000190734863,2020-04-07,false,false,251
2020-07-10,12.220000267028809,66.4000015258789,2019-07-31,6.800000190734863,2020-04-07,false,false,251
2020-07-13,12.079999923706055,66.4000015258789,2019-07-31,6.800000190734863,2020-04-07,false,false,251
2020-07-14,12.520000457763672,66.4000015258789,2019-07-31,6.800000190734863,2020-04-07,false,false,251
2020-07-15,14,66.4000015258789,2019-07-31,6.800000190734863,2020-04-07,false,false,251
2020-07-16,14.539999961853027,66.4000015258789,2019-07-31,6.800000190734863,2020-04-07,false,false,251
2020-07-17,13.789999961853027,66.4000015258789,2019-07-31,6.800000190734863,2020-04-07,false,false,251
2020-07-20,13.430000305175781,66.4000015258789,2019-07-31,6.800000190734863,2020-04-07,false,false,251
2020-07-21,15.4399995803833,66.4000015258789,2019-07-31,6.800000190734863,2020-04-07,false,false,251
2020-07-22,15.15999984741211,66.4000015258789,2019-07-31,6.800000190734863,2020-04-07,false,false,251
2020-07-23,15.510000228881836,66.4000015258789,2019-07-31,6.800000190734863,2020-04-07,false,false,251
2020-07-24,15.770000457763672,66.4000015258789,2019-07-31,6.800000190734863,2020-04-07,false,false,251
2020-07-27,15.779999732971191,66.4000015258789,2019-07-31,6.800000190734863,2020-04-07,false,false,251
2020-07-28,15.34000015258789,66.4000015258789,2019-07-31,6.800000190734863,2020-04-07,false,false,251
2020-07-29,15.84000015258789,66.4000015258789,2019-07-31,6.800000190734863,2020-04-07,false,false,251
2020-07-30,15.239999771118164,66.4000015258789,2019-07-31,6.800000190734863,2020-04-07,false,false,251
2020-07-31,15.15999984741211,61.20000076293945,2019-09-16,6.800000190734863,2020-04-07,false,false,251
2020-08-03,14.539999961853027,61.20000076293945,2019-09-16,6.800000190734863,2020-04-07,false,false,251
2020-08-04,16.010000228881836,61.20000076293945,2019-09-16,6.800000190734863,2020-04-07,false,false,251
2020-08-05,16.56999969482422,61.20000076293945,2019-09-16,6.800000190734863,2020-04-07,false,false,251
2020-08-06,15.8100004196167,61.20000076293945,2019-09-16,6.800000190734863,2020-04-07,false,false,251
2020-08-07,15.890000343322754,61.20000076293945,2019-09-16,6.800000190734863,2020-04-07,false,false,251
2020-08-10,17.329999923706055,61.20000076293945,2019-09-16,6.800000190734863,2020-04-07,false,false,251
2020-08-11,17.219999313354492,61.20000076293945,2019-09-16,6.800000190734863,2020-04-07,false,false,251
2020-08-12,18.010000228881836,61.20000076293945,2019-09-16,6.800000190734863,2020-04-07,false,false,251
2020-08-13,17.709999084472656,61.20000076293945,2019-09-16,6.800000190734863,2020-04-07,false,false,251
2020-08-14,18.229999542236328,61.20000076293945,2019-09-16,6.800000190734863,2020-04-07,false,false,251
2020-08-17,17.729999542236328,61.20000076293945,2019-09-16,6.800000190734863,2020-04-07,false,false,251
2020-08-18,17,61.20000076293945,2019-09-16,6.800000190734863,2020-04-07,false,false,251
2020-08-19,16.219999313354492,61.20000076293945,2019-09-16,6.800000190734863,2020-04-07,false,false,251
2020-08-20,14.899999618530273,61.20000076293945,2019-09-16,6.800000190734863,2020-04-07,false,false,251
2020-08-21,13.920000076293945,61.20000076293945,2019-09-16,6.800000190734863,2020-04-07,false,false,251
2020-08-24,14.890000343322754,61.20000076293945,2019-09-16,6.800000190734863,2020-04-07,false,false,251
2020-08-25,15.640000343322754,61.20000076293945,2019-09-16,6.800000190734863,2020-04-07,false,false,251
2020-08-26,15.350000381469727,61.20000076293945,2019-09-16,6.800000190734863,2020-04-07,false,false,251
2020-08-27,15.6899995803833,61.20000076293945,2019-09-16,6.800000190734863,2020-04-07,false,false,251
2020-08-28,16.899999618530273,61.20000076293945,2019-09-16,6.800000190734863,2020-04-07,false,false,251
2020-08-31,16.350000381469727,61.20000076293945,2019-09-16,6.800000190734863,2020-04-07,false,false,251
2020-09-01,15.9399995803833,61.20000076293945,2019-09-16,6.800000190734863,2020-04-07,false,false,252
2020-09-02,14.6899995803833,61.20000076293945,2019-09-16,6.800000190734863,2020-04-07,false,false,252
2020-09-03,14.489999771118164,61.20000076293945,2019-09-16,6.800000190734863,2020-04-07,false,false,252
2020-09-04,14.40999984741211,61.20000076293945,2019-09-16,6.800000190734863,2020-04-07,false,false,252
2020-09-08,12.680000305175781,61.20000076293945,2019-09-16,6.800000190734863,2020-04-07,false,false,251
2020-09-09,12.609999656677246,61.20000076293945,2019-09-16,6.800000190734863,2020-04-07,false,false,251
2020-09-10,11.40999984741211,61.20000076293945,2019-09-16,6.800000190734863,2020-04-07,false,false,251
2020-09-11,11.079999923706055,61.20000076293945,2019-09-16,6.800000190734863,2020-04-07,false,false,251
2020-09-14,11.260000228881836,61.20000076293945,2019-09-16,6.800000190734863,2020-04-07,false,false,251
2020-09-15,10.899999618530273,61.20000076293945,2019-09-16,6.800000190734863,2020-04-07,false,false,251
2020-09-16,11.1899995803833,60,2020-01-06,6.800000190734863,2020-04-07,false,false,251
2020-09-17,11.600000381469727,60,2020-01-06,6.800000190734863,2020-04-07,false,false,251
2020-09-18,11.630000114440918,60,2020-01-06,6.800000190734863,2020-04-07,false,false,251
2020-09-21,10.75,60,2020-01-06,6.800000190734863,2020-04-07,false,false,251
2020-09-22,10.350000381469727,60,2020-01-06,6.800000190734863,2020-04-07,false,false,251
2020-09-23,9.470000267028809,60,2020-01-06,6.800000190734863,2020-04-07,false,false,251
2020-09-24,9.399999618530273,60,2020-01-06,6.800000190734863,2020-04-07,false,false,251
2020-09-25,9.350000381469727,60,2020-01-06,6.800000190734863,2020-04-07,false,false,251
2020-09-28,10,60,2020-01-06,6.800000190734863,2020-04-07,false,false,251
2020-09-29,9.9399995803833,60,2020-01-06,6.800000190734863,2020-04-07,false,false,251
2020-09-30,9.800000190734863,60,2020-01-06,6.800000190734863,2020-04-07,false,false,251
2020-10-01,9.15999984741211,60,2020-01-06,6.800000190734863,2020-04-07,false,false,251
2020-10-02,9.239999771118164,60,2020-01-06,6.800000190734863,2020-04-07,false,false,251
2020-10-05,9.289999961853027,60,2020-01-06,6.800000190734863,2020-04-07,false,false,251
2020-10-06,8.850000381469727,60,2020-01-06,6.800000190734863,2020-04-07,false,false,251
2020-10-07,8.989999771118164,60,2020-01-06,6.800000190734863,2020-04-07,false,false,251
2020-10-08,9.800000190734863,60,2020-01-06,6.800000190734863,2020-04-07,false,false,251
2020-10-09,9.489999771118164,60,2020-01-06,6.800000190734863,2020-04-07,false,false,251
2020-10-12,9.619999885559082,60,2020-01-06,6.800000190734863,2020-04-07,false,false,251
2020-10-13,9.34000015258789,60,2020-01-06,6.800000190734863,2020-04-07,false,false,251
2020-10-14,9.279999732971191,60,2020-01-06,6.800000190734863,2020-04-07,false,false,251
2020-10-15,9.289999961853027,60,2020-01-06,6.800000190734863,2020-04-07,false,false,251
2020-10-16,9.050000190734863,60,2020-01-06,6.800000190734863,2020-04-07,false,false,251
2020-10-19,8.720000267028809,60,2020-01-06,6.800000190734863,2020-04-07,false,false,251
2020-10-20,8.819999694824219,60,2020-01-06,6.800000190734863,2020-04-07,false,false,251
2020-10-21,8.510000228881836,60,2020-01-06,6.800000190734863,2020-04-07,false,false,251
2020-10-22,8.970000267028809,60,2020-01-06,6.800000190734863,2020-04-07,false,false,251
2020-10-23,9.529999732971191,60,2020-01-06,6.800000190734863,2020-04-07,false,false,251
2020-10-26,9.15999984741211,60,2020-01-06,6.800000190734863,2020-04-07,false,false,251
2020-10-27,8.84000015258789,60,2020-01-06,6.800000190734863,2020-04-07,false,false,251
2020-10-28,8.010000228881836,60,2020-01-06,6.800000190734863,2020-04-07,false,false,251
2020-10-29,8.109999656677246,60,2020-01-06,6.800000190734863,2020-04-07,false,false,251
2020-10-30,8.039999961853027,60,2020-01-06,6.800000190734863,2020-04-07,false,false,251
2020-11-02,8.380000114440918,60,2020-01-06,6.800000190734863,2020-04-07,false,false,251
2020-11-03,8.670000076293945,60,2020-01-06,6.800000190734863,2020-04-07,false,false,251
2020-11-04,8.479999542236328,60,2020-01-06,6.800000190734863,2020-04-07,false,false,251
2020-11-05,8.989999771118164,60,2020-01-06,6.800000190734863,2020-04-07,false,false,251
2020-11-06,8.930000305175781,60,2020-01-06,6.800000190734863,2020-04-07,false,false,251
2020-11-09,11.359999656677246,60,2020-01-06,6.800000190734863,2020-04-07,false,false,251
2020-11-10,11.930000305175781,60,2020-01-06,6.800000190734863,2020-04-07,false,false,251
2020-11-11,11.350000381469727,60,2020-01-06,6.800000190734863,2020-04-07,false,false,251
2020-11-12,10.329999923706055,60,2020-01-06,6.800000190734863,2020-04-07,false,false,251
2020-11-13,10.739999771118164,60,2020-01-06,6.800000190734863,2020-04-07,false,false,251
2020-11-16,11.270000457763672,60,2020-01-06,6.800000190734863,2020-04-07,false,false,251
2020-11-17,11.890000343322754,60,2020-01-06,6.800000190734863,2020-04-07,false,false,251
2020-11-18,11.119999885559082,60,2020-01-06,6.800000190734863,2020-04-07,false,false,251
2020-11-19,11.40999984741211,60,2020-01-06,6.800000190734863,2020-04-07,false,false,251
2020-11-20,10.899999618530273,60,2020-01-06,6.800000190734863,2020-04-07,false,false,251
2020-11-23,11.34000015258789,60,2020-01-06,6.800000190734863,2020-04-07,false,false,251
2020-11-24,11.75,60,2020-01-06,6.800000190734863,2020-04-07,false,false,251
2020-11-25,12.9399995803833,60,2020-01-06,6.800000190734863,2020-04-07,false,false,251
2020-11-27,13.25,60,2020-01-06,6.800000190734863,2020-04-07,false,false,251
2020-11-30,11.8100004196167,60,2020-01-06,6.800000190734863,2020-04-07,false,false,251
2020-12-01,11.819999694824219,60,2020-01-06,6.800000190734863,2020-04-07,false,false,251
2020-12-02,12.010000228881836,60,2020-01-06,6.800000190734863,2020-04-07,false,false,251
2020-12-03,12.420000076293945,60,2020-01-06,6.800000190734863,2020-04-07,false,false,251
2020-12-04,15.800000190734863,60,2020-01-06,6.800000190734863,2020-04-07,false,false,251
2020-12-07,16.549999237060547,60,2020-01-06,6.800000190734863,2020-04-07,false,false,251
2020-12-08,18.010000228881836,60,2020-01-06,6.800000190734863,2020-04-07,false,false,251
2020-12-09,19.209999084472656,60,2020-01-06,6.800000190734863,2020-04-07,false,false,251
2020-12-10,22.139999389648438,60,2020-01-06,6.800000190734863,2020-04-07,false,false,251
2020-12-11,21.790000915527344,60,2020-01-06,6.800000190734863,2020-04-07,false,false,251
2020-12-14,19.510000228881836,60,2020-01-06,6.800000190734863,2020-04-07,false,false,251
2020-12-15,19.510000228881836,60,2020-01-06,6.800000190734863,2020-04-07,false,false,251
2020-12-16,19.920000076293945,60,2020-01-06,6.800000190734863,2020-04-07,false,false,251
2020-12-17,20.059999465942383,60,2020-01-06,6.800000190734863,2020-04-07,false,false,251
2020-12-18,20.389999389648438,60,2020-01-06,6.800000190734863,2020-04-07,false,false,251
2020-12-21,20.020000457763672,60,2020-01-06,6.800000190734863,2020-04-07,false,false,251
2020-12-22,19.440000534057617,60,2020-01-06,6.800000190734863,2020-04-07,false,false,251
2020-12-23,21.90999984741211,60,2020-01-06,6.800000190734863,2020-04-07,false,false,251
2020-12-24,20.709999084472656,60,2020-01-06,6.800000190734863,2020-04-07,false,false,252
2020-12-28,19.729999542236328,60,2020-01-06,6.800000190734863,2020-04-07,false,false,251
2020-12-29,19.260000228881836,60,2020-01-06,6.800000190734863,2020-04-07,false,false,251
2020-12-30,20.079999923706055,60,2020-01-06,6.800000190734863,2020-04-07,false,false,251
2020-12-31,19.700000762939453,60,2020-01-06,6.800000190734863,2020-04-07,false,false,252
2021-01-04,20.329999923706055,60,2020-01-06,6.800000190734863,2020-04-07,false,false,251
2021-01-05,23.899999618530273,60,2020-01-06,6.800000190734863,2020-04-07,false,false,251
2021-01-06,23.8799991607666,54.79999923706055,2020-01-08,6.800000190734863,2020-04-07,false,false,251
2021-01-07,24.18000030517578,54.79999923706055,2020-01-08,6.800000190734863,2020-04-07,false,false,251
2021-01-08,23.940000534057617,53,2020-01-10,6.800000190734863,2020-04-07,false,false,251
2021-01-11,24.540000915527344,53,2020-01-10,6.800000190734863,2020-04-07,false,false,251
2021-01-12,25.8700008392334,51,2020-01-14,6.800000190734863,2020-04-07,false,false,251
2021-01-13,25.68000030517578,51,2020-01-14,6.800000190734863,2020-04-07,false,false,251
2021-01-14,27.739999771118164,49.20000076293945,2020-01-16,6.800000190734863,2020-04-07,false,false,251
2021-01-15,26.610000610351562,49.20000076293945,2020-01-16,6.800000190734863,2020-04-07,false,false,251
2021-01-19,27.84000015258789,44,2020-01-21,6.800000190734863,2020-04-07,false,false,251
2021-01-20,26.229999542236328,44,2020-01-21,6.800000190734863,2020-04-07,false,false,251
2021-01-21,24.350000381469727,41.400001525878906,2020-01-23,6.800000190734863,2020-04-07,false,false,251
2021-01-22,25.100000381469727,41.400001525878906,2020-01-23,6.800000190734863,2020-04-07,false,false,251
2021-01-25,25.799999237060547,37,2020-01-28,6.800000190734863,2020-04-07,false,false,251
2021-01-26,24.639999389648438,37,2020-01-28,6.800000190734863,2020-04-07,false,false,251
2021-01-27,23.690000534057617,37,2020-01-28,6.800000190734863,2020-04-07,false,false,251
2021-01-28,24.040000915527344,35.79999923706055,2020-02-05,6.800000190734863,2020-04-07,false,false,251
2021-01-29,23.270000457763672,35.79999923706055,2020-02-05,6.800000190734863,2020-04-07,false,false,251
2021-02-01,23.979999542236328,35.79999923706055,2020-02-05,6.800000190734863,2020-04-07,false,false,251
2021-02-02,25.299999237060547,35.79999923706055,2020-02-05,6.800000190734863,2020-04-07,false,false,251
2021-02-03,27.579999923706055,35.79999923706055,2020-02-05,6.800000190734863,2020-04-07,false,false,251
2021-02-04,27.520000457763672,35.79999923706055,2020-02-05,6.800000190734863,2020-04-07,false,false,251
2021-02-05,29.899999618530273,34,2020-02-07,6.800000190734863,2020-04-07,false,false,251
2021-02-08,32.540000915527344,34,2020-02-07,6.800000190734863,2020-04-07,false,false,251
2021-02-09,33.25,33.25,2021-02-09,6.800000190734863,2020-04-07,true,false,251
2021-02-10,33.779998779296875,33.779998779296875,2021-02-10,6.800000190734863,2020-04-07,true,false,251
2021-02-11,32.02000045776367,33.779998779296875,2021-02-10,6.800000190734863,2020-04-07,false,false,251
2021-02-12,34.040000915527344,34.040000915527344,2021-02-12,6.800000190734863,2020-04-07,true,false,251
2021-02-16,37.93000030517578,37.93000030517578,2021-02-16,6.800000190734863,2020-04-07,true,false,251
2021-02-17,38.209999084472656,38.209999084472656,2021-02-17,6.800000190734863,2020-04-07,true,false,251
2021-02-18,35.040000915527344,38.209999084472656,2021-02-17,6.800000190734863,2020-04-07,false,false,251
2021-02-19,35.060001373291016,38.209999084472656,2021-02-17,6.800000190734863,2020-04-07,false,false,251
2021-02-22,36.290000915527344,38.209999084472656,2021-02-17,6.800000190734863,2020-04-07,false,false,251
2021-02-23,36.91999816894531,38.209999084472656,2021-02-17,6.800000190734863,2020-04-07,false,false,251
2021-02-24,34.9900016784668,38.209999084472656,2021-02-17,6.800000190734863,2020-04-07,false,false,251
2021-02-25,33.459999084472656,38.209999084472656,2021-02-17,6.800000190734863,2020-04-07,false,false,251
2021-02-26,32.59000015258789,38.209999084472656,2021-02-17,6.800000190734863,2020-04-07,false,false,251
2021-03-01,33.27000045776367,38.209999084472656,2021-02-17,6.800000190734863,2020-04-07,false,false,251
2021-03-02,31.899999618530273,38.209999084472656,2021-02-17,6.800000190734863,2020-04-07,false,false,251
2021-03-03,33.43000030517578,38.209999084472656,2021-02-17,6.800000190734863,2020-04-07,false,false,251
2021-03-04,34.11000061035156,38.209999084472656,2021-02-17,6.800000190734863,2020-04-07,false,false,251
2021-03-05,34.2400016784668,38.209999084472656,2021-02-17,6.800000190734863,2020-04-07,false,false,251
2021-03-08,34.720001220703125,38.209999084472656,2021-02-17,6.800000190734863,2020-04-07,false,false,251
2021-03-09,34.65999984741211,38.209999084472656,2021-02-17,6.800000190734863,2020-04-07,false,false,251
2021-03-10,35.939998626708984,38.209999084472656,2021-02-17,6.800000190734863,2020-04-07,false,false,251
2021-03-11,40.63999938964844,40.63999938964844,2021-03-11,6.800000190734863,2020-04-07,true,false,251
2021-03-12,42.369998931884766,42.369998931884766,2021-03-12,6.800000190734863,2020-04-07,true,false,251
2021-03-15,42.20000076293945,42.369998931884766,2021-03-12,6.800000190734863,2020-04-07,false,false,251
2021-03-16,39.20000076293945,42.369998931884766,2021-03-12,6.800000190734863,2020-04-07,false,false,251
2021-03-17,38.400001525878906,42.369998931884766,2021-03-12,6.800000190734863,2020-04-07,false,false,251
2021-03-18,32.9900016784668,42.369998931884766,2021-03-12,6.800000190734863,2020-04-07,false,false,251
2021-03-19,34.43000030517578,42.369998931884766,2021-03-12,6.800000190734863,2020-04-07,false,false,251
2021-03-22,32.58000183105469,42.369998931884766,2021-03-12,6.800000190734863,2020-04-07,false,false,251
2021-03-23,29.43000030517578,42.369998931884766,2021-03-12,6.800000190734863,2020-04-07,false,false,251
2021-03-24,28.889999389648438,42.369998931884766,2021-03-12,6.800000190734863,2020-04-07,false,false,251
2021-03-25,28.8799991607666,42.369998931884766,2021-03-12,6.800000190734863,2020-04-07,false,false,251
2021-03-26,29.969999313354492,42.369998931884766,2021-03-12,6.800000190734863,2020-04-07,false,false,251
2021-03-29,29.899999618530273,42.369998931884766,2021-03-12,6.800000190734863,2020-04-07,false,false,251
2021-03-30,29.600000381469727,42.369998931884766,2021-03-12,6.800000190734863,2020-04-07,false,false,251
2021-03-31,30.059999465942383,42.369998931884766,2021-03-12,6.800000190734863,2020-04-07,false,false,251
2021-04-01,32.54999923706055,42.369998931884766,2021-03-12,6.800000190734863,2020-04-07,false,false,251
2021-04-05,33.029998779296875,42.369998931884766,2021-03-12,6.800000190734863,2020-04-07,false,false,250
2021-04-06,33.90999984741211,42.369998931884766,2021-03-12,6.800000190734863,2020-04-07,false,false,250
2021-04-07,35.939998626708984,42.369998931884766,2021-03-12,6.800000190734863,2020-04-07,false,false,250
2021-04-08,35.720001220703125,42.369998931884766,2021-03-12,8,2020-04-09,false,false,250
2021-04-09,33.9900016784668,42.369998931884766,2021-03-12,8,2020-04-09,false,false,250
2021-04-12,33.70000076293945,42.369998931884766,2021-03-12,8.010000228881836,2020-10-28,false,false,251
2021-04-13,34.560001373291016,42.369998931884766,2021-03-12,8.010000228881836,2020-10-28,false,false,251
2021-04-14,36.560001373291016,42.369998931884766,2021-03-12,8.010000228881836,2020-10-28,false,false,251
2021-04-15,35.90999984741211,42.369998931884766,2021-03-12,8.010000228881836,2020-10-28,false,false,251
2021-04-16,34.70000076293945,42.369998931884766,2021-03-12,8.010000228881836,2020-10-28,false,false,251
2021-04-19,35.900001525878906,42.369998931884766,2021-03-12,8.010000228881836,2020-10-28,false,false,251
2021-04-20,34.0099983215332,42.369998931884766,2021-03-12,8.010000228881836,2020-10-28,false,false,251
2021-04-21,34.560001373291016,42.369998931884766,2021-03-12,8.010000228881836,2020-10-28,false,false,251
2021-04-22,33.209999084472656,42.369998931884766,2021-03-12,8.010000228881836,2020-10-28,false,false,251
2021-04-23,33.650001525878906,42.369998931884766,2021-03-12,8.010000228881836,2020-10-28,false,false,251
2021-04-26,36.459999084472656,42.369998931884766,2021-03-12,8.010000228881836,2020-10-28,false,false,251
2021-04-27,38.58000183105469,42.369998931884766,2021-03-12,8.010000228881836,2020-10-28,false,false,251
2021-04-28,40.18000030517578,42.369998931884766,2021-03-12,8.010000228881836,2020-10-28,false,false,251
2021-04-29,41.2599983215332,42.369998931884766,2021-03-12,8.010000228881836,2020-10-28,false,false,251
2021-04-30,40.540000915527344,42.369998931884766,2021-03-12,8.010000228881836,2020-10-28,false,false,251
2021-05-03,41.04999923706055,42.369998931884766,2021-03-12,8.010000228881836,2020-10-28,false,false,251
2021-05-04,41.5099983215332,42.369998931884766,2021-03-12,8.010000228881836,2020-10-28,false,false,251
2021-05-05,43.41999816894531,43.41999816894531,2021-05-05,8.010000228881836,2020-10-28,true,false,251
2021-05-06,36.369998931884766,43.41999816894531,2021-05-05,8.010000228881836,2020-10-28,false,false,251
2021-05-07,37.220001220703125,43.41999816894531,2021-05-05,8.010000228881836,2020-10-28,false,false,251
2021-05-10,40.2599983215332,43.41999816894531,2021-05-05,8.010000228881836,2020-10-28,false,false,251
2021-05-11,39.34000015258789,43.41999816894531,2021-05-05,8.010000228881836,2020-10-28,false,false,251
2021-05-12,40.36000061035156,43.41999816894531,2021-05-05,8.010000228881836,2020-10-28,false,false,251
2021-05-13,37.970001220703125,43.41999816894531,2021-05-05,8.010000228881836,2020-10-28,false,false,251
2021-05-14,41.68000030517578,43.41999816894531,2021-05-05,8.010000228881836,2020-10-28,false,false,251
2021-05-17,48.310001373291016,48.310001373291016,2021-05-17,8.010000228881836,2020-10-28,true,false,251
2021-05-18,49.88999938964844,49.88999938964844,2021-05-18,8.010000228881836,2020-10-28,true,false,251
2021-05-19,49.529998779296875,49.88999938964844,2021-05-18,8.010000228881836,2020-10-28,false,false,251
2021-05-20,49.689998626708984,49.88999938964844,2021-05-18,8.010000228881836,2020-10-28,false,false,251
2021-05-21,51.779998779296875,51.779998779296875,2021-05-21,8.010000228881836,2020-10-28,true,false,251
2021-05-24,52.68000030517578,52.68000030517578,2021-05-24,8.010000228881836,2020-10-28,true,false,251
2021-05-25,51.20000076293945,52.68000030517578,2021-05-24,8.010000228881836,2020-10-28,false,false,252
2021-05-26,54.65999984741211,54.65999984741211,2021-05-26,8.010000228881836,2020-10-28,true,false,252
2021-05-27,55.93000030517578,55.93000030517578,2021-05-27,8.010000228881836,2020-10-28,true,false,252
2021-05-28,56.15999984741211,56.15999984741211,2021-05-28,8.010000228881836,2020-10-28,true,false,252
2021-06-01,63.09000015258789,63.09000015258789,2021-06-01,8.010000228881836,2020-10-28,true,false,251
2021-06-02,65.27999877929688,65.27999877929688,2021-06-02,8.010000228881836,2020-10-28,true,false,251
2021-06-03,65.75,65.75,2021-06-03,8.010000228881836,2020-10-28,true,false,251
2021-06-04,65.29000091552734,65.75,2021-06-03,8.010000228881836,2020-10-28,false,false,251
2021-06-07,66,66,2021-06-07,8.010000228881836,2020-10-28,true,false,251
2021-06-08,66.4800033569336,66.4800033569336,2021-06-08,8.010000228881836,2020-10-28,true,false,251
2021-06-09,66.5199966430664,66.5199966430664,2021-06-09,8.010000228881836,2020-10-28,true,false,251
2021-06-10,62.880001068115234,66.5199966430664,2021-06-09,8.010000228881836,2020-10-28,false,false,251
2021-06-11,65.08999633789062,66.5199966430664,2021-06-09,8.010000228881836,2020-10-28,false,false,251
2021-06-14,63.900001525878906,66.5199966430664,2021-06-09,8.010000228881836,2020-10-28,false,false,251
2021-06-15,65.36000061035156,66.5199966430664,2021-06-09,8.010000228881836,2020-10-28,false,false,251
2021-06-16,66.79000091552734,66.79000091552734,2021-06-16,8.010000228881836,2020-10-28,true,false,251
2021-06-17,62.060001373291016,66.79000091552734,2021-06-16,8.010000228881836,2020-10-28,false,false,251
2021-06-18,65.63999938964844,66.79000091552734,2021-06-16,8.010000228881836,2020-10-28,false,false,251
2021-06-21,75.05999755859375,75.05999755859375,2021-06-21,8.010000228881836,2020-10-28,true,false,251
2021-06-22,77.47000122070312,77.47000122070312,2021-06-22,8.010000228881836,2020-10-28,true,false,251
2021-06-23,81.12000274658203,81.12000274658203,2021-06-23,8.010000228881836,2020-10-28,true,false,251
2021-06-24,86.75,86.75,2021-06-24,8.010000228881836,2020-10-28,true,false,251
2021-06-25,87.2300033569336,87.2300033569336,2021-06-25,8.010000228881836,2020-10-28,true,false,251
2021-06-28,81.76000213623047,87.2300033569336,2021-06-25,8.010000228881836,2020-10-28,false,false,251
2021-06-29,88.16999816894531,88.16999816894531,2021-06-29,8.010000228881836,2020-10-28,true,false,251
2021-06-30,92.79000091552734,92.79000091552734,2021-06-30,8.010000228881836,2020-10-28,true,false,251
2021-07-01,95.72000122070312,95.72000122070312,2021-07-01,8.010000228881836,2020-10-28,true,false,251
2021-07-02,88.93000030517578,95.72000122070312,2021-07-01,8.010000228881836,2020-10-28,false,false,251
2021-07-06,84.51000213623047,95.72000122070312,2021-07-01,8.010000228881836,2020-10-28,false,false,251
2021-07-07,80.38999938964844,95.72000122070312,2021-07-01,8.010000228881836,2020-10-28,false,false,251
2021-07-08,75.0199966430664,95.72000122070312,2021-07-01,8.010000228881836,2020-10-28,false,false,251
2021-07-09,80.29000091552734,95.72000122070312,2021-07-01,8.010000228881836,2020-10-28,false,false,251
2021-07-12,76.29000091552734,95.72000122070312,2021-07-01,8.010000228881836,2020-10-28,false,false,251
2021-07-13,73.7699966430664,95.72000122070312,2021-07-01,8.010000228881836,2020-10-28,false,false,251
2021-07-14,68.37000274658203,95.72000122070312,2021-07-01,8.010000228881836,2020-10-28,false,false,251
2021-07-15,64.19000244140625,95.72000122070312,2021-07-01,8.010000228881836,2020-10-28,false,false,251
2021-07-16,59.91999816894531,95.72000122070312,2021-07-01,8.010000228881836,2020-10-28,false,false,251
2021-07-19,55.16999816894531,95.72000122070312,2021-07-01,8.010000228881836,2020-10-28,false,false,251
2021-07-20,58.22999954223633,95.72000122070312,2021-07-01,8.010000228881836,2020-10-28,false,false,251
2021-07-21,62.119998931884766,95.72000122070312,2021-07-01,8.010000228881836,2020-10-28,false,false,251
2021-07-22,59.56999969482422,95.72000122070312,2021-07-01,8.010000228881836,2020-10-28,false,false,251
2021-07-23,56.380001068115234,95.72000122070312,2021-07-01,8.010000228881836,2020-10-28,false,false,251
2021-07-26,57.900001525878906,95.72000122070312,2021-07-01,8.010000228881836,2020-10-28,false,false,251
2021-07-27,53.88999938964844,95.72000122070312,2021-07-01,8.010000228881836,2020-10-28,false,false,251
2021-07-28,56.040000915527344,95.72000122070312,2021-07-01,8.010000228881836,2020-10-28,false,false,251
2021-07-29,56.27000045776367,95.72000122070312,2021-07-01,8.010000228881836,2020-10-28,false,false,251
2021-07-30,55.060001373291016,95.72000122070312,2021-07-01,8.010000228881836,2020-10-28,false,false,251
2021-08-02,52.5099983215332,95.72000122070312,2021-07-01,8.010000228881836,2020-10-28,false,false,251
2021-08-03,52.75,95.72000122070312,2021-07-01,8.010000228881836,2020-10-28,false,false,251
2021-08-04,47.040000915527344,95.72000122070312,2021-07-01,8.010000228881836,2020-10-28,false,false,251
2021-08-05,46.06999969482422,95.72000122070312,2021-07-01,8.010000228881836,2020-10-28,false,false,251
2021-08-06,47.91999816894531,95.72000122070312,2021-07-01,8.010000228881836,2020-10-28,false,false,251
2021-08-09,45.560001373291016,95.72000122070312,2021-07-01,8.010000228881836,2020-10-28,false,false,251
2021-08-10,48.25,95.72000122070312,2021-07-01,8.010000228881836,2020-10-28,false,false,251
2021-08-11,47.459999084472656,95.72000122070312,2021-07-01,8.010000228881836,2020-10-28,false,false,251
2021-08-12,46.869998931884766,95.72000122070312,2021-07-01,8.010000228881836,2020-10-28,false,false,251
2021-08-13,43.540000915527344,95.72000122070312,2021-07-01,8.010000228881836,2020-10-28,false,false,251
2021-08-16,40.560001373291016,95.72000122070312,2021-07-01,8.010000228881836,2020-10-28,false,false,251
2021-08-17,40.81999969482422,95.72000122070312,2021-07-01,8.010000228881836,2020-10-28,false,false,251
2021-08-18,39.11000061035156,95.72000122070312,2021-07-01,8.010000228881836,2020-10-28,false,false,251
2021-08-19,37.849998474121094,95.72000122070312,2021-07-01,8.010000228881836,2020-10-28,false,false,251
2021-08-20,37.849998474121094,95.72000122070312,2021-07-01,8.010000228881836,2020-10-28,false,false,251
2021-08-23,42.599998474121094,95.72000122070312,2021-07-01,8.010000228881836,2020-10-28,false,false,251
2021-08-24,45.20000076293945,95.72000122070312,2021-07-01,8.010000228881836,2020-10-28,false,false,251
2021-08-25,47.31999969482422,95.72000122070312,2021-07-01,8.010000228881836,2020-10-28,false,false,251
2021-08-26,46.5,95.72000122070312,2021-07-01,8.010000228881836,2020-10-28,false,false,251
2021-08-27,52.4900016784668,95.72000122070312,2021-07-01,8.010000228881836,2020-10-28,false,false,251
2021-08-30,51.290000915527344,95.72000122070312,2021-07-01,8.010000228881836,2020-10-28,false,false,251
2021-08-31,54.029998779296875,95.72000122070312,2021-07-01,8.010000228881836,2020-10-28,false,false,251
2021-09-01,53.90999984741211,95.72000122070312,2021-07-01,8.010000228881836,2020-10-28,false,false,251
2021-09-02,58.790000915527344,95.72000122070312,2021-07-01,8.010000228881836,2020-10-28,false,false,251
2021-09-03,59.380001068115234,95.72000122070312,2021-07-01,8.010000228881836,2020-10-28,false,false,251
2021-09-07,58.720001220703125,95.72000122070312,2021-07-01,8.010000228881836,2020-10-28,false,false,251
2021-09-08,59.459999084472656,95.72000122070312,2021-07-01,8.010000228881836,2020-10-28,false,false,251
2021-09-09,61.060001373291016,95.72000122070312,2021-07-01,8.010000228881836,2020-10-28,false,false,251
2021-09-10,62.41999816894531,95.72000122070312,2021-07-01,8.010000228881836,2020-10-28,false,false,251
2021-09-13,65.54000091552734,95.72000122070312,2021-07-01,8.010000228881836,2020-10-28,false,false,251
2021-09-14,62.27000045776367,95.72000122070312,2021-07-01,8.010000228881836,2020-10-28,false,false,251
2021-09-15,70.27999877929688,95.72000122070312,2021-07-01,8.010000228881836,2020-10-28,false,false,251
2021-09-16,70.45999908447266,95.72000122070312,2021-07-01,8.010000228881836,2020-10-28,false,false,251
2021-09-17,72.11000061035156,95.72000122070312,2021-07-01,8.010000228881836,2020-10-28,false,false,251
2021-09-20,70.72000122070312,95.72000122070312,2021-07-01,8.010000228881836,2020-10-28,false,false,251
2021-09-21,71.38999938964844,95.72000122070312,2021-07-01,8.010000228881836,2020-10-28,false,false,251
2021-09-22,76.52999877929688,95.72000122070312,2021-07-01,8.010000228881836,2020-10-28,false,false,251
2021-09-23,82.04000091552734,95.72000122070312,2021-07-01,8.010000228881836,2020-10-28,false,false,251
2021-09-24,82.0999984741211,95.72000122070312,2021-07-01,8.010000228881836,2020-10-28,false,false,251
2021-09-27,90.16000366210938,95.72000122070312,2021-07-01,8.010000228881836,2020-10-28,false,false,251
2021-09-28,87.77999877929688,95.72000122070312,2021-07-01,8.010000228881836,2020-10-28,false,false,251
2021-09-29,84.5,95.72000122070312,2021-07-01,8.010000228881836,2020-10-28,false,false,251
2021-09-30,81.06999969482422,95.72000122070312,2021-07-01,8.010000228881836,2020-10-28,false,false,251
2021-10-01,85.02999877929688,95.72000122070312,2021-07-01,8.010000228881836,2020-10-28,false,false,251
2021-10-04,87.81999969482422,95.72000122070312,2021-07-01,8.010000228881836,2020-10-28,false,false,251
2021-10-05,86.63999938964844,95.72000122070312,2021-07-01,8.010000228881836,2020-10-28,false,false,251
2021-10-06,85.44000244140625,95.72000122070312,2021-07-01,8.010000228881836,2020-10-28,false,false,251
2021-10-07,92.04000091552734,95.72000122070312,2021-07-01,8.010000228881836,2020-10-28,false,false,251
2021-10-08,90.41999816894531,95.72000122070312,2021-07-01,8.010000228881836,2020-10-28,false,false,251
2021-10-11,87.79000091552734,95.72000122070312,2021-07-01,8.010000228881836,2020-10-28,false,false,251
2021-10-12,83.08999633789062,95.72000122070312,2021-07-01,8.010000228881836,2020-10-28,false,false,251
2021-10-13,78.08999633789062,95.72000122070312,2021-07-01,8.010000228881836,2020-10-28,false,false,251
2021-10-14,76.30000305175781,95.72000122070312,2021-07-01,8.010000228881836,2020-10-28,false,false,251
2021-10-15,74.51000213623047,95.72000122070312,2021-07-01,8.010000228881836,2020-10-28,false,false,251
2021-10-18,73.9000015258789,95.72000122070312,2021-07-01,8.010000228881836,2020-10-28,false,false,251
2021-10-19,72.48999786376953,95.72000122070312,2021-07-01,8.010000228881836,2020-10-28,false,false,251
2021-10-20,73.19999694824219,95.72000122070312,2021-07-01,8.010000228881836,2020-10-28,false,false,251
2021-10-21,73.75,95.72000122070312,2021-07-01,8.010000228881836,2020-10-28,false,false,251
2021-10-22,79.87999725341797,95.72000122070312,2021-07-01,8.010000228881836,2020-10-28,false,false,251
2021-10-25,85.94000244140625,95.72000122070312,2021-07-01,8.010000228881836,2020-10-28,false,false,251
2021-10-26,85.12999725341797,95.72000122070312,2021-07-01,8.010000228881836,2020-10-28,false,false,251
2021-10-27,78.16999816894531,95.72000122070312,2021-07-01,8.010000228881836,2020-10-28,false,false,251
2021-10-28,79.56999969482422,95.72000122070312,2021-07-01,8.010000228881836,2020-10-28,false,false,251
2021-10-29,75.4000015258789,95.72000122070312,2021-07-01,8.039999961853027,2020-10-30,false,false,251
2021-11-01,75.4800033569336,95.72000122070312,2021-07-01,8.039999961853027,2020-10-30,false,false,251
2021-11-02,73.94999694824219,95.72000122070312,2021-07-01,8.479999542236328,2020-11-04,false,false,251
2021-11-03,72.06999969482422,95.72000122070312,2021-07-01,8.479999542236328,2020-11-04,false,false,251
2021-11-04,69.94999694824219,95.72000122070312,2021-07-01,8.479999542236328,2020-11-04,false,false,251
2021-11-05,73.66999816894531,95.72000122070312,2021-07-01,8.930000305175781,2020-11-06,false,false,251
2021-11-08,73.80999755859375,95.72000122070312,2021-07-01,8.930000305175781,2020-11-06,false,false,251
2021-11-09,76.91999816894531,95.72000122070312,2021-07-01,10.329999923706055,2020-11-12,false,false,251
2021-11-10,70.04000091552734,95.72000122070312,2021-07-01,10.329999923706055,2020-11-12,false,false,251
2021-11-11,71.80999755859375,95.72000122070312,2021-07-01,10.329999923706055,2020-11-12,false,false,251
2021-11-12,71.06999969482422,95.72000122070312,2021-07-01,10.329999923706055,2020-11-12,false,false,251
2021-11-15,71.41999816894531,95.72000122070312,2021-07-01,10.899999618530273,2020-11-20,false,false,251
2021-11-16,69.5999984741211,95.72000122070312,2021-07-01,10.899999618530273,2020-11-20,false,false,251
2021-11-17,65.98999786376953,95.72000122070312,2021-07-01,10.899999618530273,2020-11-20,false,false,251
2021-11-18,65.86000061035156,95.72000122070312,2021-07-01,10.899999618530273,2020-11-20,false,false,251
2021-11-19,60.9900016784668,95.72000122070312,2021-07-01,10.899999618530273,2020-11-20,false,false,251
2021-11-22,62.9900016784668,95.72000122070312,2021-07-01,10.899999618530273,2020-11-20,false,false,251
2021-11-23,66.44999694824219,95.72000122070312,2021-07-01,11.75,2020-11-24,false,false,251
2021-11-24,68.30999755859375,95.72000122070312,2021-07-01,11.75,2020-11-24,false,false,251
2021-11-26,57.720001220703125,95.72000122070312,2021-07-01,11.8100004196167,2020-11-30,false,false,251
2021-11-29,60.11000061035156,95.72000122070312,2021-07-01,11.8100004196167,2020-11-30,false,false,251
2021-11-30,58.900001525878906,95.72000122070312,2021-07-01,11.8100004196167,2020-11-30,false,false,251
2021-12-01,54.29999923706055,95.72000122070312,2021-07-01,12.010000228881836,2020-12-02,false,false,251
2021-12-02,56.970001220703125,95.72000122070312,2021-07-01,12.010000228881836,2020-12-02,false,false,251
2021-12-03,55.41999816894531,95.72000122070312,2021-07-01,15.800000190734863,2020-12-04,false,false,251
2021-12-06,61.279998779296875,95.72000122070312,2021-07-01,15.800000190734863,2020-12-04,false,false,251
2021-12-07,69.0999984741211,95.72000122070312,2021-07-01,18.010000228881836,2020-12-08,false,false,251
2021-12-08,70.55999755859375,95.72000122070312,2021-07-01,18.010000228881836,2020-12-08,false,false,251
2021-12-09,67.83999633789062,95.72000122070312,2021-07-01,19.260000228881836,2020-12-29,false,false,251
2021-12-10,69.69000244140625,95.72000122070312,2021-07-01,19.260000228881836,2020-12-29,false,false,251
2021-12-13,64.73999786376953,95.72000122070312,2021-07-01,19.260000228881836,2020-12-29,false,false,251
2021-12-14,60.22999954223633,95.72000122070312,2021-07-01,19.260000228881836,2020-12-29,false,false,251
2021-12-15,60.88999938964844,95.72000122070312,2021-07-01,19.260000228881836,2020-12-29,false,false,251
2021-12-16,59.08000183105469,95.72000122070312,2021-07-01,19.260000228881836,2020-12-29,false,false,251
2021-12-17,58.97999954223633,95.72000122070312,2021-07-01,19.260000228881836,2020-12-29,false,false,251
2021-12-20,56.279998779296875,95.72000122070312,2021-07-01,19.260000228881836,2020-12-29,false,false,251
2021-12-21,63.68000030517578,95.72000122070312,2021-07-01,19.260000228881836,2020-12-29,false,false,251
2021-12-22,63.459999084472656,95.72000122070312,2021-07-01,19.260000228881836,2020-12-29,false,false,251
2021-12-23,63.130001068115234,95.72000122070312,2021-07-01,19.260000228881836,2020-12-29,false,false,251
2021-12-27,68,95.72000122070312,2021-07-01,19.260000228881836,2020-12-29,false,false,251
2021-12-28,64.55999755859375,95.72000122070312,2021-07-01,19.260000228881836,2020-12-29,false,false,251
2021-12-29,64.44999694824219,95.72000122070312,2021-07-01,19.260000228881836,2020-12-29,false,false,251
2021-12-30,61.529998779296875,95.72000122070312,2021-07-01,19.700000762939453,2020-12-31,false,false,251
2021-12-31,60.130001068115234,95.72000122070312,2021-07-01,19.700000762939453,2020-12-31,false,false,251
2022-01-03,68.04000091552734,95.72000122070312,2021-07-01,20.329999923706055,2021-01-04,false,false,252
2022-01-04,75.9800033569336,95.72000122070312,2021-07-01,20.329999923706055,2021-01-04,false,false,252
2022-01-05,70.72000122070312,95.72000122070312,2021-07-01,23.270000457763672,2021-01-29,false,false,252
2022-01-06,74.48999786376953,95.72000122070312,2021-07-01,23.270000457763672,2021-01-29,false,false,252
2022-01-07,71.44999694824219,95.72000122070312,2021-07-01,23.270000457763672,2021-01-29,false,false,252
2022-01-10,67.29000091552734,95.72000122070312,2021-07-01,23.270000457763672,2021-01-29,false,false,252
2022-01-11,73.0999984741211,95.72000122070312,2021-07-01,23.270000457763672,2021-01-29,false,false,252
2022-01-12,73.0199966430664,95.72000122070312,2021-07-01,23.270000457763672,2021-01-29,false,false,252
2022-01-13,70.08999633789062,95.72000122070312,2021-07-01,23.270000457763672,2021-01-29,false,false,252
2022-01-14,75.12000274658203,95.72000122070312,2021-07-01,23.270000457763672,2021-01-29,false,false,252
2022-01-18,71.58000183105469,95.72000122070312,2021-07-01,23.270000457763672,2021-01-29,false,false,252
2022-01-19,69.37000274658203,95.72000122070312,2021-07-01,23.270000457763672,2021-01-29,false,false,252
2022-01-20,67.38999938964844,95.72000122070312,2021-07-01,23.270000457763672,2021-01-29,false,false,252
2022-01-21,63.66999816894531,95.72000122070312,2021-07-01,23.270000457763672,2021-01-29,false,false,252
2022-01-24,67.44999694824219,95.72000122070312,2021-07-01,23.270000457763672,2021-01-29,false,false,252
2022-01-25,71.38999938964844,95.72000122070312,2021-07-01,23.270000457763672,2021-01-29,false,false,252
2022-01-26,69.70999908447266,95.72000122070312,2021-07-01,23.270000457763672,2021-01-29,false,false,252
2022-01-27,67.16999816894531,95.72000122070312,2021-07-01,23.270000457763672,2021-01-29,false,false,252
2022-01-28,69.12999725341797,95.72000122070312,2021-07-01,23.270000457763672,2021-01-29,false,false,252
2022-01-31,67.16000366210938,95.72000122070312,2021-07-01,23.270000457763672,2021-01-29,false,false,252
2022-02-01,68.98999786376953,95.72000122070312,2021-07-01,25.299999237060547,2021-02-02,false,false,252
2022-02-02,68.08000183105469,95.72000122070312,2021-07-01,25.299999237060547,2021-02-02,false,false,252
2022-02-03,67.83000183105469,95.72000122070312,2021-07-01,27.520000457763672,2021-02-04,false,false,252
2022-02-04,70.56999969482422,95.72000122070312,2021-07-01,27.520000457763672,2021-02-04,false,false,252
2022-02-07,66.2300033569336,95.72000122070312,2021-07-01,28.8799991607666,2021-03-25,false,false,252
2022-02-08,62.2400016784668,95.72000122070312,2021-07-01,28.8799991607666,2021-03-25,false,false,252
2022-02-09,68.19999694824219,95.72000122070312,2021-07-01,28.8799991607666,2021-03-25,false,false,252
2022-02-10,68.4800033569336,95.72000122070312,2021-07-01,28.8799991607666,2021-03-25,false,false,252
2022-02-11,73.94999694824219,95.72000122070312,2021-07-01,28.8799991607666,2021-03-25,false,false,252
2022-02-14,74.02999877929688,95.72000122070312,2021-07-01,28.8799991607666,2021-03-25,false,false,252
2022-02-15,74.54000091552734,95.72000122070312,2021-07-01,28.8799991607666,2021-03-25,false,false,253
2022-02-16,71.7300033569336,95.72000122070312,2021-07-01,28.8799991607666,2021-03-25,false,false,253
2022-02-17,70.87000274658203,95.72000122070312,2021-07-01,28.8799991607666,2021-03-25,false,false,253
2022-02-18,68.83999633789062,95.72000122070312,2021-07-01,28.8799991607666,2021-03-25,false,false,253
2022-02-22,67.0199966430664,95.72000122070312,2021-07-01,28.8799991607666,2021-03-25,false,false,252
2022-02-23,73.7300033569336,95.72000122070312,2021-07-01,28.8799991607666,2021-03-25,false,false,252
2022-02-24,75.18000030517578,95.72000122070312,2021-07-01,28.8799991607666,2021-03-25,false,false,252
2022-02-25,73.91000366210938,95.72000122070312,2021-07-01,28.8799991607666,2021-03-25,false,false,252
2022-02-28,76.55999755859375,95.72000122070312,2021-07-01,28.8799991607666,2021-03-25,false,false,252
2022-03-01,76.5999984741211,95.72000122070312,2021-07-01,28.8799991607666,2021-03-25,false,false,252
2022-03-02,77.16000366210938,95.72000122070312,2021-07-01,28.8799991607666,2021-03-25,false,false,252
2022-03-03,78.27999877929688,95.72000122070312,2021-07-01,28.8799991607666,2021-03-25,false,false,252
2022-03-04,83,95.72000122070312,2021-07-01,28.8799991607666,2021-03-25,false,false,252
2022-03-07,83.62999725341797,95.72000122070312,2021-07-01,28.8799991607666,2021-03-25,false,false,252
2022-03-08,79.3499984741211,95.72000122070312,2021-07-01,28.8799991607666,2021-03-25,false,false,252
2022-03-09,75.45999908447266,95.72000122070312,2021-07-01,28.8799991607666,2021-03-25,false,false,252
2022-03-10,76.37999725341797,95.72000122070312,2021-07-01,28.8799991607666,2021-03-25,false,false,252
2022-03-11,73.01000213623047,95.72000122070312,2021-07-01,28.8799991607666,2021-03-25,false,false,252
2022-03-14,67.73999786376953,95.72000122070312,2021-07-01,28.8799991607666,2021-03-25,false,false,252
2022-03-15,68.29000091552734,95.72000122070312,2021-07-01,28.8799991607666,2021-03-25,false,false,252
2022-03-16,66.69999694824219,95.72000122070312,2021-07-01,28.8799991607666,2021-03-25,false,false,252
2022-03-17,72.33000183105469,95.72000122070312,2021-07-01,28.8799991607666,2021-03-25,false,false,252
2022-03-18,73.23999786376953,95.72000122070312,2021-07-01,28.8799991607666,2021-03-25,false,false,252
2022-03-21,74.70999908447266,95.72000122070312,2021-07-01,28.8799991607666,2021-03-25,false,false,252
2022-03-22,72.3499984741211,95.72000122070312,2021-07-01,28.8799991607666,2021-03-25,false,false,252
2022-03-23,74.79000091552734,95.72000122070312,2021-07-01,28.8799991607666,2021-03-25,false,false,252
2022-03-24,74.62999725341797,95.72000122070312,2021-07-01,28.8799991607666,2021-03-25,false,false,252
2022-03-25,80.66000366210938,95.72000122070312,2021-07-01,28.8799991607666,2021-03-25,false,false,252
2022-03-28,79.18000030517578,95.72000122070312,2021-07-01,29.600000381469727,2021-03-30,false,false,252
2022-03-29,82.41999816894531,95.72000122070312,2021-07-01,29.600000381469727,2021-03-30,false,false,252
2022-03-30,83.16999816894531,95.72000122070312,2021-07-01,29.600000381469727,2021-03-30,false,false,252
2022-03-31,79.13999938964844,95.72000122070312,2021-07-01,32.54999923706055,2021-04-01,false,false,252
2022-04-01,84.45999908447266,95.72000122070312,2021-07-01,32.54999923706055,2021-04-01,false,false,252
2022-04-04,84.55999755859375,95.72000122070312,2021-07-01,33.029998779296875,2021-04-05,false,false,253
2022-04-05,81.12000274658203,95.72000122070312,2021-07-01,33.029998779296875,2021-04-05,false,false,253
2022-04-06,78.4800033569336,95.72000122070312,2021-07-01,33.209999084472656,2021-04-22,false,false,253
2022-04-07,83.45999908447266,95.72000122070312,2021-07-01,33.209999084472656,2021-04-22,false,false,253
2022-04-08,83.1500015258789,95.72000122070312,2021-07-01,33.209999084472656,2021-04-22,false,false,253
2022-04-11,79.08000183105469,95.72000122070312,2021-07-01,33.209999084472656,2021-04-22,false,false,253
2022-04-12,80.58999633789062,95.72000122070312,2021-07-01,33.209999084472656,2021-04-22,false,false,253
2022-04-13,84.11000061035156,95.72000122070312,2021-07-01,33.209999084472656,2021-04-22,false,false,253
2022-04-14,83.81999969482422,95.72000122070312,2021-07-01,33.209999084472656,2021-04-22,false,false,253
2022-04-18,84.02999877929688,95.72000122070312,2021-07-01,33.209999084472656,2021-04-22,false,false,252
2022-04-19,80.54000091552734,95.72000122070312,2021-07-01,33.209999084472656,2021-04-22,false,false,252
2022-04-20,85.66999816894531,95.72000122070312,2021-07-01,33.209999084472656,2021-04-22,false,false,252
2022-04-21,80.56999969482422,95.72000122070312,2021-07-01,33.209999084472656,2021-04-22,false,false,252
2022-04-22,74.98999786376953,95.72000122070312,2021-07-01,33.209999084472656,2021-04-22,false,false,252
2022-04-25,74.16999816894531,95.72000122070312,2021-07-01,36.369998931884766,2021-05-06,false,false,252
2022-04-26,72.98999786376953,95.72000122070312,2021-07-01,36.369998931884766,2021-05-06,false,false,252
2022-04-27,73.30000305175781,95.72000122070312,2021-07-01,36.369998931884766,2021-05-06,false,false,252
2022-04-28,75.11000061035156,95.72000122070312,2021-07-01,36.369998931884766,2021-05-06,false,false,252
2022-04-29,71.20999908447266,95.72000122070312,2021-07-01,36.369998931884766,2021-05-06,false,false,252
2022-05-02,70.31999969482422,95.72000122070312,2021-07-01,36.369998931884766,2021-05-06,false,false,252
2022-05-03,73.69999694824219,95.72000122070312,2021-07-01,36.369998931884766,2021-05-06,false,false,252
2022-05-04,78,95.72000122070312,2021-07-01,36.369998931884766,2021-05-06,false,false,252
2022-05-05,68.6500015258789,95.72000122070312,2021-07-01,36.369998931884766,2021-05-06,false,false,252
2022-05-06,69.33999633789062,95.72000122070312,2021-07-01,36.369998931884766,2021-05-06,false,false,252
2022-05-09,59.5099983215332,95.72000122070312,2021-07-01,37.849998474121094,2021-08-20,false,false,252
2022-05-10,60.2400016784668,95.72000122070312,2021-07-01,37.849998474121094,2021-08-20,false,false,252
2022-05-11,58.060001373291016,95.72000122070312,2021-07-01,37.849998474121094,2021-08-20,false,false,252
2022-05-12,55.9900016784668,95.72000122070312,2021-07-01,37.849998474121094,2021-08-20,false,false,252
2022-05-13,58.38999938964844,95.72000122070312,2021-07-01,37.849998474121094,2021-08-20,false,false,252
2022-05-16,60.540000915527344,95.72000122070312,2021-07-01,37.849998474121094,2021-08-20,false,false,252
2022-05-17,63.58000183105469,95.72000122070312,2021-07-01,37.849998474121094,2021-08-20,false,false,252
2022-05-18,61.06999969482422,95.72000122070312,2021-07-01,37.849998474121094,2021-08-20,false,false,252
2022-05-19,62.93000030517578,95.72000122070312,2021-07-01,37.849998474121094,2021-08-20,false,false,252
2022-05-20,62.75,95.72000122070312,2021-07-01,37.849998474121094,2021-08-20,false,false,252
2022-05-23,68.69000244140625,95.72000122070312,2021-07-01,37.849998474121094,2021-08-20,false,false,252
2022-05-24,67.01000213623047,95.72000122070312,2021-07-01,37.849998474121094,2021-08-20,false,false,252
2022-05-25,70.75,95.72000122070312,2021-07-01,37.849998474121094,2021-08-20,false,false,252
2022-05-26,76.5199966430664,95.72000122070312,2021-07-01,37.849998474121094,2021-08-20,false,false,252
2022-05-27,84.94999694824219,95.72000122070312,2021-07-01,37.849998474121094,2021-08-20,false,false,252
2022-05-31,84.16999816894531,95.72000122070312,2021-07-01,37.849998474121094,2021-08-20,false,false,252
2022-06-01,100.5199966430664,100.5199966430664,2022-06-01,37.849998474121094,2021-08-20,true,false,252
2022-06-02,100.9800033569336,100.9800033569336,2022-06-02,37.849998474121094,2021-08-20,true,false,252
2022-06-03,107.04000091552734,107.04000091552734,2022-06-03,37.849998474121094,2021-08-20,true,false,252
2022-06-06,106,107.04000091552734,2022-06-03,37.849998474121094,2021-08-20,false,false,252
2022-06-07,116.31999969482422,116.31999969482422,2022-06-07,37.849998474121094,2021-08-20,true,false,252
2022-06-08,115.33000183105469,116.31999969482422,2022-06-07,37.849998474121094,2021-08-20,false,false,252
2022-06-09,114.83000183105469,116.31999969482422,2022-06-07,37.849998474121094,2021-08-20,false,false,252
2022-06-10,112.22000122070312,116.31999969482422,2022-06-07,37.849998474121094,2021-08-20,false,false,252
2022-06-13,104.08999633789062,116.31999969482422,2022-06-07,37.849998474121094,2021-08-20,false,false,252
2022-06-14,104.91999816894531,116.31999969482422,2022-06-07,37.849998474121094,2021-08-20,false,false,252
2022-06-15,98.69000244140625,116.31999969482422,2022-06-07,37.849998474121094,2021-08-20,false,false,252
2022-06-16,89.2699966430664,116.31999969482422,2022-06-07,37.849998474121094,2021-08-20,false,false,252
2022-06-17,81.47000122070312,116.31999969482422,2022-06-07,37.849998474121094,2021-08-20,false,false,252
2022-06-21,87.5,116.31999969482422,2022-06-07,37.849998474121094,2021-08-20,false,false,251
2022-06-22,79.12999725341797,116.31999969482422,2022-06-07,37.849998474121094,2021-08-20,false,false,251
2022-06-23,74.2699966430664,116.31999969482422,2022-06-07,37.849998474121094,2021-08-20,false,false,251
2022-06-24,72.12000274658203,116.31999969482422,2022-06-07,37.849998474121094,2021-08-20,false,false,251
2022-06-27,76.12000274658203,116.31999969482422,2022-06-07,37.849998474121094,2021-08-20,false,false,251
2022-06-28,80.1500015258789,116.31999969482422,2022-06-07,37.849998474121094,2021-08-20,false,false,251
2022-06-29,73.8499984741211,116.31999969482422,2022-06-07,37.849998474121094,2021-08-20,false,false,251
2022-06-30,68.94000244140625,116.31999969482422,2022-06-07,37.849998474121094,2021-08-20,false,false,251
2022-07-01,68.88999938964844,116.31999969482422,2022-06-07,37.849998474121094,2021-08-20,false,false,251
2022-07-05,63.779998779296875,116.31999969482422,2022-06-07,37.849998474121094,2021-08-20,false,false,251
2022-07-06,64.02999877929688,116.31999969482422,2022-06-07,37.849998474121094,2021-08-20,false,false,251
2022-07-07,67.4800033569336,116.31999969482422,2022-06-07,37.849998474121094,2021-08-20,false,false,251
2022-07-08,67.79000091552734,116.31999969482422,2022-06-07,37.849998474121094,2021-08-20,false,false,251
2022-07-11,65.94999694824219,116.31999969482422,2022-06-07,37.849998474121094,2021-08-20,false,false,251
2022-07-12,65.19000244140625,116.31999969482422,2022-06-07,37.849998474121094,2021-08-20,false,false,251
2022-07-13,65.94999694824219,116.31999969482422,2022-06-07,37.849998474121094,2021-08-20,false,false,251
2022-07-14,66.2300033569336,116.31999969482422,2022-06-07,37.849998474121094,2021-08-20,false,false,251
2022-07-15,68.48999786376953,116.31999969482422,2022-06-07,37.849998474121094,2021-08-20,false,false,251
2022-07-18,72.06999969482422,116.31999969482422,2022-06-07,37.849998474121094,2021-08-20,false,false,251
2022-07-19,76.51000213623047,116.31999969482422,2022-06-07,37.849998474121094,2021-08-20,false,false,251
2022-07-20,79.5999984741211,116.31999969482422,2022-06-07,37.849998474121094,2021-08-20,false,false,251
2022-07-21,76.72000122070312,116.31999969482422,2022-06-07,37.849998474121094,2021-08-20,false,false,251
2022-07-22,74.11000061035156,116.31999969482422,2022-06-07,37.849998474121094,2021-08-20,false,false,251
2022-07-25,78.95999908447266,116.31999969482422,2022-06-07,37.849998474121094,2021-08-20,false,false,251
2022-07-26,77.83000183105469,116.31999969482422,2022-06-07,37.849998474121094,2021-08-20,false,false,251
2022-07-27,84.36000061035156,116.31999969482422,2022-06-07,37.849998474121094,2021-08-20,false,false,251
2022-07-28,84.30000305175781,116.31999969482422,2022-06-07,37.849998474121094,2021-08-20,false,false,251
2022-07-29,88.66999816894531,116.31999969482422,2022-06-07,37.849998474121094,2021-08-20,false,false,251
2022-08-01,86.44000244140625,116.31999969482422,2022-06-07,37.849998474121094,2021-08-20,false,false,251
2022-08-02,86.55000305175781,116.31999969482422,2022-06-07,37.849998474121094,2021-08-20,false,false,251
2022-08-03,80.68000030517578,116.31999969482422,2022-06-07,37.849998474121094,2021-08-20,false,false,251
2022-08-04,66.45999908447266,116.31999969482422,2022-06-07,37.849998474121094,2021-08-20,false,false,251
2022-08-05,66.80000305175781,116.31999969482422,2022-06-07,37.849998474121094,2021-08-20,false,false,251
2022-08-08,64.37999725341797,116.31999969482422,2022-06-07,37.849998474121094,2021-08-20,false,false,251
2022-08-09,63.63999938964844,116.31999969482422,2022-06-07,37.849998474121094,2021-08-20,false,false,251
2022-08-10,64.55000305175781,116.31999969482422,2022-06-07,37.849998474121094,2021-08-20,false,false,251
2022-08-11,68.87999725341797,116.31999969482422,2022-06-07,37.849998474121094,2021-08-20,false,false,251
2022-08-12,68.70999908447266,116.31999969482422,2022-06-07,37.849998474121094,2021-08-20,false,false,251
2022-08-15,66.2699966430664,116.31999969482422,2022-06-07,37.849998474121094,2021-08-20,false,false,251
2022-08-16,65.70999908447266,116.31999969482422,2022-06-07,37.849998474121094,2021-08-20,false,false,251
2022-08-17,69.26000213623047,116.31999969482422,2022-06-07,37.849998474121094,2021-08-20,false,false,251
2022-08-18,75.58000183105469,116.31999969482422,2022-06-07,37.849998474121094,2021-08-20,false,false,251
2022-08-19,73.36000061035156,116.31999969482422,2022-06-07,37.849998474121094,2021-08-20,false,false,251
2022-08-22,73.19000244140625,116.31999969482422,2022-06-07,37.849998474121094,2021-08-20,false,false,251
2022-08-23,76.8499984741211,116.31999969482422,2022-06-07,45.20000076293945,2021-08-24,false,false,251
2022-08-24,78.27999877929688,116.31999969482422,2022-06-07,45.20000076293945,2021-08-24,false,false,251
2022-08-25,80.52999877929688,116.31999969482422,2022-06-07,46.5,2021-08-26,false,false,251
2022-08-26,79.06999969482422,116.31999969482422,2022-06-07,46.5,2021-08-26,false,false,251
2022-08-29,81.5999984741211,116.31999969482422,2022-06-07,51.290000915527344,2021-08-30,false,false,251
2022-08-30,76.31999969482422,116.31999969482422,2022-06-07,51.290000915527344,2021-08-30,false,false,251
2022-08-31,77.61000061035156,116.31999969482422,2022-06-07,53.90999984741211,2021-09-01,false,false,251
2022-09-01,71.94000244140625,116.31999969482422,2022-06-07,53.90999984741211,2021-09-01,false,false,251
2022-09-02,73.4000015258789,116.31999969482422,2022-06-07,54.29999923706055,2021-12-01,false,false,251
2022-09-06,72.73999786376953,116.31999969482422,2022-06-07,54.29999923706055,2021-12-01,false,false,251
2022-09-07,69.55999755859375,116.31999969482422,2022-06-07,54.29999923706055,2021-12-01,false,false,251
2022-09-08,70.91999816894531,116.31999969482422,2022-06-07,54.29999923706055,2021-12-01,false,false,251
2022-09-09,74.33999633789062,116.31999969482422,2022-06-07,54.29999923706055,2021-12-01,false,false,251
2022-09-12,74.30000305175781,116.31999969482422,2022-06-07,54.29999923706055,2021-12-01,false,false,251
2022-09-13,71.70999908447266,116.31999969482422,2022-06-07,54.29999923706055,2021-12-01,false,false,251
2022-09-14,75.47000122070312,116.31999969482422,2022-06-07,54.29999923706055,2021-12-01,false,false,251
2022-09-15,70.05000305175781,116.31999969482422,2022-06-07,54.29999923706055,2021-12-01,false,false,251
2022-09-16,68.19000244140625,116.31999969482422,2022-06-07,54.29999923706055,2021-12-01,false,false,251
2022-09-19,66.93000030517578,116.31999969482422,2022-06-07,54.29999923706055,2021-12-01,false,false,251
2022-09-20,65.41999816894531,116.31999969482422,2022-06-07,54.29999923706055,2021-12-01,false,false,251
2022-09-21,64.30000305175781,116.31999969482422,2022-06-07,54.29999923706055,2021-12-01,false,false,251
2022-09-22,63.439998626708984,116.31999969482422,2022-06-07,54.29999923706055,2021-12-01,false,false,251
2022-09-23,56.29999923706055,116.31999969482422,2022-06-07,54.29999923706055,2021-12-01,false,false,251
2022-09-26,53.08000183105469,116.31999969482422,2022-06-07,53.08000183105469,2022-09-26,false,true,251
2022-09-27,55.150001525878906,116.31999969482422,2022-06-07,53.08000183105469,2022-09-26,false,false,251
2022-09-28,62.33000183105469,116.31999969482422,2022-06-07,53.08000183105469,2022-09-26,false,false,251
2022-09-29,63.11000061035156,116.31999969482422,2022-06-07,53.08000183105469,2022-09-26,false,false,251
2022-09-30,62.849998474121094,116.31999969482422,2022-06-07,53.08000183105469,2022-09-26,false,false,251
2022-10-03,67.70999908447266,116.31999969482422,2022-06-07,53.08000183105469,2022-09-26,false,false,251
2022-10-04,72.55999755859375,116.31999969482422,2022-06-07,53.08000183105469,2022-09-26,false,false,251
2022-10-05,74.75,116.31999969482422,2022-06-07,53.08000183105469,2022-09-26,false,false,251
2022-10-06,77.47000122070312,116.31999969482422,2022-06-07,53.08000183105469,2022-09-26,false,false,251
2022-10-07,77.08000183105469,116.31999969482422,2022-06-07,53.08000183105469,2022-09-26,false,false,251
2022-10-10,74.27999877929688,116.31999969482422,2022-06-07,53.08000183105469,2022-09-26,false,false,251
2022-10-11,70.55999755859375,116.31999969482422,2022-06-07,53.08000183105469,2022-09-26,false,false,251
2022-10-12,70.41000366210938,116.31999969482422,2022-06-07,53.08000183105469,2022-09-26,false,false,251
2022-10-13,70.05999755859375,116.31999969482422,2022-06-07,53.08000183105469,2022-09-26,false,false,251
2022-10-14,63.90999984741211,116.31999969482422,2022-06-07,53.08000183105469,2022-09-26,false,false,251
2022-10-17,65.4000015258789,116.31999969482422,2022-06-07,53.08000183105469,2022-09-26,false,false,251
2022-10-18,64.72000122070312,116.31999969482422,2022-06-07,53.08000183105469,2022-09-26,false,false,251
2022-10-19,60.75,116.31999969482422,2022-06-07,53.08000183105469,2022-09-26,false,false,251
2022-10-20,60.06999969482422,116.31999969482422,2022-06-07,53.08000183105469,2022-09-26,false,false,251
2022-10-21,62.529998779296875,116.31999969482422,2022-06-07,53.08000183105469,2022-09-26,false,false,251
2022-10-24,62.119998931884766,116.31999969482422,2022-06-07,53.08000183105469,2022-09-26,false,false,251
2022-10-25,63.130001068115234,116.31999969482422,2022-06-07,53.08000183105469,2022-09-26,false,false,251
2022-10-26,65.83999633789062,116.31999969482422,2022-06-07,53.08000183105469,2022-09-26,false,false,251
2022-10-27,64.2699966430664,116.31999969482422,2022-06-07,53.08000183105469,2022-09-26,false,false,251
2022-10-28,63.29999923706055,116.31999969482422,2022-06-07,53.08000183105469,2022-09-26,false,false,251
2022-10-31,64.6500015258789,116.31999969482422,2022-06-07,53.08000183105469,2022-09-26,false,false,251
2022-11-01,65.88999938964844,116.31999969482422,2022-06-07,53.08000183105469,2022-09-26,false,false,251
2022-11-02,63.650001525878906,116.31999969482422,2022-06-07,53.08000183105469,2022-09-26,false,false,251
2022-11-03,64.83999633789062,116.31999969482422,2022-06-07,53.08000183105469,2022-09-26,false,false,251
2022-11-04,66.93000030517578,116.31999969482422,2022-06-07,53.08000183105469,2022-09-26,false,false,251
2022-11-07,68.94000244140625,116.31999969482422,2022-06-07,53.08000183105469,2022-09-26,false,false,251
2022-11-08,67.51000213623047,116.31999969482422,2022-06-07,53.08000183105469,2022-09-26,false,false,251
2022-11-09,61.31999969482422,116.31999969482422,2022-06-07,53.08000183105469,2022-09-26,false,false,251
2022-11-10,66.52999877929688,116.31999969482422,2022-06-07,53.08000183105469,2022-09-26,false,false,251
2022-11-11,68.5999984741211,116.31999969482422,2022-06-07,53.08000183105469,2022-09-26,false,false,251
2022-11-14,65.61000061035156,116.31999969482422,2022-06-07,53.08000183105469,2022-09-26,false,false,251
2022-11-15,68.52999877929688,116.31999969482422,2022-06-07,53.08000183105469,2022-09-26,false,false,251
2022-11-16,65.45999908447266,116.31999969482422,2022-06-07,53.08000183105469,2022-09-26,false,false,251
2022-11-17,64.19999694824219,116.31999969482422,2022-06-07,53.08000183105469,2022-09-26,false,false,251
2022-11-18,63.06999969482422,116.31999969482422,2022-06-07,53.08000183105469,2022-09-26,false,false,251
2022-11-21,61.209999084472656,116.31999969482422,2022-06-07,53.08000183105469,2022-09-26,false,false,251
2022-11-22,64.63999938964844,116.31999969482422,2022-06-07,53.08000183105469,2022-09-26,false,false,251
2022-11-23,62.939998626708984,116.31999969482422,2022-06-07,53.08000183105469,2022-09-26,false,false,251
2022-11-25,63.540000915527344,116.31999969482422,2022-06-07,53.08000183105469,2022-09-26,false,false,251
2022-11-28,61.13999938964844,116.31999969482422,2022-06-07,53.08000183105469,2022-09-26,false,false,251
2022-11-29,62.25,116.31999969482422,2022-06-07,53.08000183105469,2022-09-26,false,false,251
2022-11-30,63.83000183105469,116.31999969482422,2022-06-07,53.08000183105469,2022-09-26,false,false,251
