date,close_value,highest_52_weeks_value,highest_date,lowest_52_weeks_value,lowest_date,is_high52,is_low52,business_days
2013-08-01,40.11000061035156,40.11000061035156,2013-08-01,40.11000061035156,2013-08-01,true,true,0
2013-08-02,39.97999954223633,40.11000061035156,2013-08-01,39.97999954223633,2013-08-02,false,true,1
2013-08-05,41.130001068115234,41.130001068115234,2013-08-05,39.97999954223633,2013-08-02,true,false,2
2013-08-06,39.77000045776367,41.130001068115234,2013-08-05,39.77000045776367,2013-08-06,false,true,3
2013-08-07,39.29999923706055,41.130001068115234,2013-08-05,39.29999923706055,2013-08-07,false,true,4
2013-08-08,39.11000061035156,41.130001068115234,2013-08-05,39.11000061035156,2013-08-08,false,true,5
2013-08-09,38.84000015258789,41.130001068115234,2013-08-05,38.84000015258789,2013-08-09,false,true,6
2013-08-12,37.599998474121094,41.130001068115234,2013-08-05,37.599998474121094,2013-08-12,false,true,7
2013-08-13,37.88999938964844,41.130001068115234,2013-08-05,37.599998474121094,2013-08-12,false,false,8
2013-08-14,38.900001525878906,41.130001068115234,2013-08-05,37.599998474121094,2013-08-12,false,false,9
2013-08-15,39.16999816894531,41.130001068115234,2013-08-05,37.599998474121094,2013-08-12,false,false,10
2013-08-16,39.34000015258789,41.130001068115234,2013-08-05,37.599998474121094,2013-08-12,false,false,11
2013-08-19,38.36000061035156,41.130001068115234,2013-08-05,37.599998474121094,2013-08-12,false,false,12
2013-08-20,38.290000915527344,41.130001068115234,2013-08-05,37.599998474121094,2013-08-12,false,false,13
2013-08-21,37.220001220703125,41.130001068115234,2013-08-05,37.220001220703125,2013-08-21,false,true,14
2013-08-22,38.59000015258789,41.130001068115234,2013-08-05,37.220001220703125,2013-08-21,false,false,15
2013-08-23,39.060001373291016,41.130001068115234,2013-08-05,37.220001220703125,2013-08-21,false,false,16
2013-08-26,38.9900016784668,41.130001068115234,2013-08-05,37.220001220703125,2013-08-21,false,false,17
2013-08-27,37.880001068115234,41.130001068115234,2013-08-05,37.220001220703125,2013-08-21,false,false,18
2013-08-28,37.470001220703125,41.130001068115234,2013-08-05,37.220001220703125,2013-08-21,false,false,19
2013-08-29,37.380001068115234,41.130001068115234,2013-08-05,37.220001220703125,2013-08-21,false,false,20
2013-08-30,36.959999084472656,41.130001068115234,2013-08-05,36.959999084472656,2013-08-30,false,true,21
2013-09-03,36.75,41.130001068115234,2013-08-05,36.75,2013-09-03,false,true,22
2013-09-04,36.79999923706055,41.130001068115234,2013-08-05,36.75,2013-09-03,false,false,23
2013-09-05,36.869998931884766,41.130001068115234,2013-08-05,36.75,2013-09-03,false,false,24
2013-09-06,38.84000015258789,41.130001068115234,2013-08-05,36.75,2013-09-03,false,false,25
2013-09-09,39.029998779296875,41.130001068115234,2013-08-05,36.75,2013-09-03,false,false,26
2013-09-10,38.220001220703125,41.130001068115234,2013-08-05,36.75,2013-09-03,false,false,27
2013-09-11,38.209999084472656,41.130001068115234,2013-08-05,36.75,2013-09-03,false,false,28
2013-09-12,38.619998931884766,41.130001068115234,2013-08-05,36.75,2013-09-03,false,false,29
2013-09-13,38.88999938964844,41.130001068115234,2013-08-05,36.75,2013-09-03,false,false,30
2013-09-16,39.43000030517578,41.130001068115234,2013-08-05,36.75,2013-09-03,false,false,31
2013-09-17,39.560001373291016,41.130001068115234,2013-08-05,36.75,2013-09-03,false,false,32
2013-09-18,40.560001373291016,41.130001068115234,2013-08-05,36.75,2013-09-03,false,false,33
2013-09-19,41.86000061035156,41.86000061035156,2013-09-19,36.75,2013-09-03,true,false,34
2013-09-20,42.9900016784668,42.9900016784668,2013-09-20,36.75,2013-09-03,true,false,35
2013-09-23,44.540000915527344,44.540000915527344,2013-09-23,36.75,2013-09-03,true,false,36
2013-09-24,45.380001068115234,45.380001068115234,2013-09-24,36.75,2013-09-03,true,false,37
2013-09-25,44.22999954223633,45.380001068115234,2013-09-24,36.75,2013-09-03,false,false,38
2013-09-26,44.849998474121094,45.380001068115234,2013-09-24,36.75,2013-09-03,false,false,39
2013-09-27,45.16999816894531,45.380001068115234,2013-09-24,36.75,2013-09-03,false,false,40
2013-09-30,44.38999938964844,45.380001068115234,2013-09-24,36.75,2013-09-03,false,false,41
2013-10-01,44.939998626708984,45.380001068115234,2013-09-24,36.75,2013-09-03,false,false,42
2013-10-02,46.349998474121094,46.349998474121094,2013-10-02,36.75,2013-09-03,true,false,43
2013-10-03,46.02000045776367,46.349998474121094,2013-10-02,36.75,2013-09-03,false,false,44
2013-10-04,48.119998931884766,48.119998931884766,2013-10-04,36.75,2013-09-03,true,false,45
2013-10-07,45.689998626708984,48.119998931884766,2013-10-04,36.75,2013-09-03,false,false,46
2013-10-08,42.84000015258789,48.119998931884766,2013-10-04,36.75,2013-09-03,false,false,47
2013-10-09,44.790000915527344,48.119998931884766,2013-10-04,36.75,2013-09-03,false,false,48
2013-10-10,46.47999954223633,48.119998931884766,2013-10-04,36.75,2013-09-03,false,false,49
2013-10-11,46.20000076293945,48.119998931884766,2013-10-04,36.75,2013-09-03,false,false,50
2013-10-14,46.400001525878906,48.119998931884766,2013-10-04,36.75,2013-09-03,false,false,51
2013-10-15,46.41999816894531,48.119998931884766,2013-10-04,36.75,2013-09-03,false,false,52
2013-10-16,47,48.119998931884766,2013-10-04,36.75,2013-09-03,false,false,53
2013-10-17,47.470001220703125,48.119998931884766,2013-10-04,36.75,2013-09-03,false,false,54
2013-10-18,48.099998474121094,48.119998931884766,2013-10-04,36.75,2013-09-03,false,false,55
2013-10-21,49.11000061035156,49.11000061035156,2013-10-21,36.75,2013-09-03,true,false,56
2013-10-22,47.529998779296875,49.11000061035156,2013-10-21,36.75,2013-09-03,false,false,57
2013-10-23,46.220001220703125,49.11000061035156,2013-10-21,36.75,2013-09-03,false,false,58
2013-10-24,46.619998931884766,49.11000061035156,2013-10-21,36.75,2013-09-03,false,false,59
2013-10-25,46.58000183105469,49.11000061035156,2013-10-21,36.75,2013-09-03,false,false,60
2013-10-28,47.540000915527344,49.11000061035156,2013-10-21,36.75,2013-09-03,false,false,61
2013-10-29,46.599998474121094,49.11000061035156,2013-10-21,36.75,2013-09-03,false,false,62
2013-10-30,46.29999923706055,49.11000061035156,2013-10-21,36.75,2013-09-03,false,false,63
2013-10-31,46.060001373291016,49.11000061035156,2013-10-21,36.75,2013-09-03,false,false,64
2013-11-01,45.34000015258789,49.11000061035156,2013-10-21,36.75,2013-09-03,false,false,65
2013-11-04,46.900001525878906,49.11000061035156,2013-10-21,36.75,2013-09-03,false,false,66
2013-11-05,47.45000076293945,49.11000061035156,2013-10-21,36.75,2013-09-03,false,false,67
2013-11-06,48.040000915527344,49.11000061035156,2013-10-21,36.75,2013-09-03,false,false,68
2013-11-07,46.58000183105469,49.11000061035156,2013-10-21,36.75,2013-09-03,false,false,69
2013-11-08,45.689998626708984,49.11000061035156,2013-10-21,36.75,2013-09-03,false,false,70
2013-11-11,45.13999938964844,49.11000061035156,2013-10-21,36.75,2013-09-03,false,false,71
2013-11-12,44.66999816894531,49.11000061035156,2013-10-21,36.75,2013-09-03,false,false,72
2013-11-13,44.65999984741211,49.11000061035156,2013-10-21,36.75,2013-09-03,false,false,73
2013-11-14,43.650001525878906,49.11000061035156,2013-10-21,36.75,2013-09-03,false,false,74
2013-11-15,43.04999923706055,49.11000061035156,2013-10-21,36.75,2013-09-03,false,false,75
2013-11-18,40.59000015258789,49.11000061035156,2013-10-21,36.75,2013-09-03,false,false,76
2013-11-19,39.65999984741211,49.11000061035156,2013-10-21,36.75,2013-09-03,false,false,77
2013-11-20,38.18000030517578,49.11000061035156,2013-10-21,36.75,2013-09-03,false,false,78
2013-11-21,38.310001373291016,49.11000061035156,2013-10-21,36.75,2013-09-03,false,false,79
2013-11-22,37.86000061035156,49.11000061035156,2013-10-21,36.75,2013-09-03,false,false,80
2013-11-25,37.52000045776367,49.11000061035156,2013-10-21,36.75,2013-09-03,false,false,81
2013-11-26,38,49.11000061035156,2013-10-21,36.75,2013-09-03,false,false,82
2013-11-27,38.099998474121094,49.11000061035156,2013-10-21,36.75,2013-09-03,false,false,83
2013-11-29,37.84000015258789,49.11000061035156,2013-10-21,36.75,2013-09-03,false,false,84
2013-12-02,38.20000076293945,49.11000061035156,2013-10-21,36.75,2013-09-03,false,false,85
2013-12-03,38.29999923706055,49.11000061035156,2013-10-21,36.75,2013-09-03,false,false,86
2013-12-04,38.29999923706055,49.11000061035156,2013-10-21,36.75,2013-09-03,false,false,87
2013-12-05,37.58000183105469,49.11000061035156,2013-10-21,36.75,2013-09-03,false,false,88
2013-12-06,37.849998474121094,49.11000061035156,2013-10-21,36.75,2013-09-03,false,false,89
2013-12-09,37.4900016784668,49.11000061035156,2013-10-21,36.75,2013-09-03,false,false,90
2013-12-10,36.599998474121094,49.11000061035156,2013-10-21,36.599998474121094,2013-12-10,false,true,91
2013-12-11,36.88999938964844,49.11000061035156,2013-10-21,36.599998474121094,2013-12-10,false,false,92
2013-12-12,36.560001373291016,49.11000061035156,2013-10-21,36.560001373291016,2013-12-12,false,true,93
2013-12-13,36.290000915527344,49.11000061035156,2013-10-21,36.290000915527344,2013-12-13,false,true,94
2013-12-16,36.0099983215332,49.11000061035156,2013-10-21,36.0099983215332,2013-12-16,false,true,95
2013-12-17,37.060001373291016,49.11000061035156,2013-10-21,36.0099983215332,2013-12-16,false,false,96
2013-12-18,37.439998626708984,49.11000061035156,2013-10-21,36.0099983215332,2013-12-16,false,false,97
2013-12-19,37.56999969482422,49.11000061035156,2013-10-21,36.0099983215332,2013-12-16,false,false,98
2013-12-20,37.810001373291016,49.11000061035156,2013-10-21,36.0099983215332,2013-12-16,false,false,99
2013-12-23,37.810001373291016,49.11000061035156,2013-10-21,36.0099983215332,2013-12-16,false,false,100
2013-12-24,37.970001220703125,49.11000061035156,2013-10-21,36.0099983215332,2013-12-16,false,false,101
2013-12-26,38.22999954223633,49.11000061035156,2013-10-21,36.0099983215332,2013-12-16,false,false,102
2013-12-27,38.189998626708984,49.11000061035156,2013-10-21,36.0099983215332,2013-12-16,false,false,103
2013-12-30,38.029998779296875,49.11000061035156,2013-10-21,36.0099983215332,2013-12-16,false,false,104
2013-12-31,38.43000030517578,49.11000061035156,2013-10-21,36.0099983215332,2013-12-16,false,false,105
2014-01-02,37.5099983215332,49.11000061035156,2013-10-21,36.0099983215332,2013-12-16,false,false,106
2014-01-03,37.599998474121094,49.11000061035156,2013-10-21,36.0099983215332,2013-12-16,false,false,107
2014-01-06,36.790000915527344,49.11000061035156,2013-10-21,36.0099983215332,2013-12-16,false,false,108
2014-01-07,37.52000045776367,49.11000061035156,2013-10-21,36.0099983215332,2013-12-16,false,false,109
2014-01-08,38.45000076293945,49.11000061035156,2013-10-21,36.0099983215332,2013-12-16,false,false,110
2014-01-09,38.20000076293945,49.11000061035156,2013-10-21,36.0099983215332,2013-12-16,false,false,111
2014-01-10,38.34000015258789,49.11000061035156,2013-10-21,36.0099983215332,2013-12-16,false,false,112
2014-01-13,37.650001525878906,49.11000061035156,2013-10-21,36.0099983215332,2013-12-16,false,false,113
2014-01-14,39.630001068115234,49.11000061035156,2013-10-21,36.0099983215332,2013-12-16,false,false,114
2014-01-15,39.22999954223633,49.11000061035156,2013-10-21,36.0099983215332,2013-12-16,false,false,115
2014-01-16,39.54999923706055,49.11000061035156,2013-10-21,36.0099983215332,2013-12-16,false,false,116
2014-01-17,38.060001373291016,49.11000061035156,2013-10-21,36.0099983215332,2013-12-16,false,false,117
2014-01-21,37.349998474121094,49.11000061035156,2013-10-21,36.0099983215332,2013-12-16,false,false,118
2014-01-22,37.70000076293945,49.11000061035156,2013-10-21,36.0099983215332,2013-12-16,false,false,119
2014-01-23,37.150001525878906,49.11000061035156,2013-10-21,36.0099983215332,2013-12-16,false,false,120
2014-01-24,35.560001373291016,49.11000061035156,2013-10-21,35.560001373291016,2014-01-24,false,true,121
2014-01-27,36.279998779296875,49.11000061035156,2013-10-21,35.560001373291016,2014-01-24,false,false,122
2014-01-28,35.54999923706055,49.11000061035156,2013-10-21,35.54999923706055,2014-01-28,false,true,123
2014-01-29,35.150001525878906,49.11000061035156,2013-10-21,35.150001525878906,2014-01-29,false,true,124
2014-01-30,35.099998474121094,49.11000061035156,2013-10-21,35.099998474121094,2014-01-30,false,true,125
2014-01-31,35.7400016784668,49.11000061035156,2013-10-21,35.099998474121094,2014-01-30,false,false,126
2014-02-03,34.630001068115234,49.11000061035156,2013-10-21,34.630001068115234,2014-02-03,false,true,127
2014-02-04,34.97999954223633,49.11000061035156,2013-10-21,34.630001068115234,2014-02-03,false,false,128
2014-02-05,34.90999984741211,49.11000061035156,2013-10-21,34.630001068115234,2014-02-03,false,false,129
2014-02-06,35.279998779296875,49.11000061035156,2013-10-21,34.630001068115234,2014-02-03,false,false,130
2014-02-07,35.060001373291016,49.11000061035156,2013-10-21,34.630001068115234,2014-02-03,false,false,131
2014-02-10,34.619998931884766,49.11000061035156,2013-10-21,34.619998931884766,2014-02-10,false,true,132
2014-02-11,34.59000015258789,49.11000061035156,2013-10-21,34.59000015258789,2014-02-11,false,true,133
2014-02-12,35.040000915527344,49.11000061035156,2013-10-21,34.59000015258789,2014-02-11,false,false,134
2014-02-13,34.849998474121094,49.11000061035156,2013-10-21,34.59000015258789,2014-02-11,false,false,135
2014-02-14,35,49.11000061035156,2013-10-21,34.59000015258789,2014-02-11,false,false,136
2014-02-18,35.5,49.11000061035156,2013-10-21,34.59000015258789,2014-02-11,false,false,137
2014-02-19,36.439998626708984,49.11000061035156,2013-10-21,34.59000015258789,2014-02-11,false,false,138
2014-02-20,35.97999954223633,49.11000061035156,2013-10-21,34.59000015258789,2014-02-11,false,false,139
2014-02-21,35.95000076293945,49.11000061035156,2013-10-21,34.59000015258789,2014-02-11,false,false,140
2014-02-24,35.93000030517578,49.11000061035156,2013-10-21,34.59000015258789,2014-02-11,false,false,141
2014-02-25,35.959999084472656,49.11000061035156,2013-10-21,34.59000015258789,2014-02-11,false,false,142
2014-02-26,36.849998474121094,49.11000061035156,2013-10-21,34.59000015258789,2014-02-11,false,false,143
2014-02-27,37.459999084472656,49.11000061035156,2013-10-21,34.59000015258789,2014-02-11,false,false,144
2014-02-28,38.970001220703125,49.11000061035156,2013-10-21,34.59000015258789,2014-02-11,false,false,145
2014-03-03,38.5099983215332,49.11000061035156,2013-10-21,34.59000015258789,2014-02-11,false,false,146
2014-03-04,39.0099983215332,49.11000061035156,2013-10-21,34.59000015258789,2014-02-11,false,false,147
2014-03-05,39.2400016784668,49.11000061035156,2013-10-21,34.59000015258789,2014-02-11,false,false,148
2014-03-06,39,49.11000061035156,2013-10-21,34.59000015258789,2014-02-11,false,false,149
2014-03-07,38.65999984741211,49.11000061035156,2013-10-21,34.59000015258789,2014-02-11,false,false,150
2014-03-10,37.900001525878906,49.11000061035156,2013-10-21,34.59000015258789,2014-02-11,false,false,151
2014-03-11,37.099998474121094,49.11000061035156,2013-10-21,34.59000015258789,2014-02-11,false,false,152
2014-03-12,38.119998931884766,49.11000061035156,2013-10-21,34.59000015258789,2014-02-11,false,false,153
2014-03-13,38.5,49.11000061035156,2013-10-21,34.59000015258789,2014-02-11,false,false,154
2014-03-14,37.95000076293945,49.11000061035156,2013-10-21,34.59000015258789,2014-02-11,false,false,155
2014-03-17,37.83000183105469,49.11000061035156,2013-10-21,34.59000015258789,2014-02-11,false,false,156
2014-03-18,37.15999984741211,49.11000061035156,2013-10-21,34.59000015258789,2014-02-11,false,false,157
2014-03-19,37.310001373291016,49.11000061035156,2013-10-21,34.59000015258789,2014-02-11,false,false,158
2014-03-20,37.130001068115234,49.11000061035156,2013-10-21,34.59000015258789,2014-02-11,false,false,159
2014-03-21,36.959999084472656,49.11000061035156,2013-10-21,34.59000015258789,2014-02-11,false,false,160
2014-03-24,35.939998626708984,49.11000061035156,2013-10-21,34.59000015258789,2014-02-11,false,false,161
2014-03-25,35.4900016784668,49.11000061035156,2013-10-21,34.59000015258789,2014-02-11,false,false,162
2014-03-26,35.279998779296875,49.11000061035156,2013-10-21,34.59000015258789,2014-02-11,false,false,163
2014-03-27,34.16999816894531,49.11000061035156,2013-10-21,34.16999816894531,2014-03-27,false,true,164
2014-03-28,36.470001220703125,49.11000061035156,2013-10-21,34.16999816894531,2014-03-27,false,false,165
2014-03-31,36.029998779296875,49.11000061035156,2013-10-21,34.16999816894531,2014-03-27,false,false,166
2014-04-01,37.209999084472656,49.11000061035156,2013-10-21,34.16999816894531,2014-03-27,false,false,167
2014-04-02,38.119998931884766,49.11000061035156,2013-10-21,34.16999816894531,2014-03-27,false,false,168
2014-04-03,38.22999954223633,49.11000061035156,2013-10-21,34.16999816894531,2014-03-27,false,false,169
2014-04-04,36.68000030517578,49.11000061035156,2013-10-21,34.16999816894531,2014-03-27,false,false,170
2014-04-07,35.41999816894531,49.11000061035156,2013-10-21,34.16999816894531,2014-03-27,false,false,171
2014-04-08,36.560001373291016,49.11000061035156,2013-10-21,34.16999816894531,2014-03-27,false,false,172
2014-04-09,36.869998931884766,49.11000061035156,2013-10-21,34.16999816894531,2014-03-27,false,false,173
2014-04-10,35.61000061035156,49.11000061035156,2013-10-21,34.16999816894531,2014-03-27,false,false,174
2014-04-11,34.630001068115234,49.11000061035156,2013-10-21,34.16999816894531,2014-03-27,false,false,175
2014-04-14,34.599998474121094,49.11000061035156,2013-10-21,34.16999816894531,2014-03-27,false,false,176
2014-04-15,33.900001525878906,49.11000061035156,2013-10-21,33.900001525878906,2014-04-15,false,true,177
2014-04-16,33.84000015258789,49.11000061035156,2013-10-21,33.84000015258789,2014-04-16,false,true,178
2014-04-17,33.93000030517578,49.11000061035156,2013-10-21,33.84000015258789,2014-04-16,false,false,179
2014-04-21,34.2599983215332,49.11000061035156,2013-10-21,33.84000015258789,2014-04-16,false,false,180
2014-04-22,34.2400016784668,49.11000061035156,2013-10-21,33.84000015258789,2014-04-16,false,false,181
2014-04-23,33.9900016784668,49.11000061035156,2013-10-21,33.84000015258789,2014-04-16,false,false,182
2014-04-24,33.310001373291016,49.11000061035156,2013-10-21,33.310001373291016,2014-04-24,false,true,183
2014-04-25,32.90999984741211,49.11000061035156,2013-10-21,32.90999984741211,2014-04-25,false,true,184
2014-04-28,32.20000076293945,49.11000061035156,2013-10-21,32.20000076293945,2014-04-28,false,true,185
2014-04-29,32,49.11000061035156,2013-10-21,32,2014-04-29,false,true,186
2014-04-30,31.969999313354492,49.11000061035156,2013-10-21,31.969999313354492,2014-04-30,false,true,187
2014-05-01,31.989999771118164,49.11000061035156,2013-10-21,31.969999313354492,2014-04-30,false,false,188
2014-05-02,31.540000915527344,49.11000061035156,2013-10-21,31.540000915527344,2014-05-02,false,true,189
2014-05-05,30.770000457763672,49.11000061035156,2013-10-21,30.770000457763672,2014-05-05,false,true,190
2014-05-06,31.09000015258789,49.11000061035156,2013-10-21,30.770000457763672,2014-05-05,false,false,191
2014-05-07,27.399999618530273,49.11000061035156,2013-10-21,27.399999618530273,2014-05-07,false,true,192
2014-05-08,26.260000228881836,49.11000061035156,2013-10-21,26.260000228881836,2014-05-08,false,true,193
2014-05-09,26.510000228881836,49.11000061035156,2013-10-21,26.260000228881836,2014-05-08,false,false,194
2014-05-12,27.850000381469727,49.11000061035156,2013-10-21,26.260000228881836,2014-05-08,false,false,195
2014-05-13,28.549999237060547,49.11000061035156,2013-10-21,26.260000228881836,2014-05-08,false,false,196
2014-05-14,28.459999084472656,49.11000061035156,2013-10-21,26.260000228881836,2014-05-08,false,false,197
2014-05-15,28.639999389648438,49.11000061035156,2013-10-21,26.260000228881836,2014-05-08,false,false,198
2014-05-16,28.860000610351562,49.11000061035156,2013-10-21,26.260000228881836,2014-05-08,false,false,199
2014-05-19,28.5,49.11000061035156,2013-10-21,26.260000228881836,2014-05-08,false,false,200
2014-05-20,27.770000457763672,49.11000061035156,2013-10-21,26.260000228881836,2014-05-08,false,false,201
2014-05-21,27.3799991607666,49.11000061035156,2013-10-21,26.260000228881836,2014-05-08,false,false,202
2014-05-22,27.200000762939453,49.11000061035156,2013-10-21,26.260000228881836,2014-05-08,false,false,203
2014-05-23,27.1200008392334,49.11000061035156,2013-10-21,26.260000228881836,2014-05-08,false,false,204
2014-05-27,27.5,49.11000061035156,2013-10-21,26.260000228881836,2014-05-08,false,false,205
2014-05-28,27.350000381469727,49.11000061035156,2013-10-21,26.260000228881836,2014-05-08,false,false,206
2014-05-29,27.040000915527344,49.11000061035156,2013-10-21,26.260000228881836,2014-05-08,false,false,207
2014-05-30,27.100000381469727,49.11000061035156,2013-10-21,26.260000228881836,2014-05-08,false,false,208
2014-06-02,26.799999237060547,49.11000061035156,2013-10-21,26.260000228881836,2014-05-08,false,false,209
2014-06-03,27.209999084472656,49.11000061035156,2013-10-21,26.260000228881836,2014-05-08,false,false,210
2014-06-04,27.610000610351562,49.11000061035156,2013-10-21,26.260000228881836,2014-05-08,false,false,211
2014-06-05,28.280000686645508,49.11000061035156,2013-10-21,26.260000228881836,2014-05-08,false,false,212
2014-06-06,28.959999084472656,49.11000061035156,2013-10-21,26.260000228881836,2014-05-08,false,false,213
2014-06-09,29.049999237060547,49.11000061035156,2013-10-21,26.260000228881836,2014-05-08,false,false,214
2014-06-10,29.079999923706055,49.11000061035156,2013-10-21,26.260000228881836,2014-05-08,false,false,215
2014-06-11,29.1200008392334,49.11000061035156,2013-10-21,26.260000228881836,2014-05-08,false,false,216
2014-06-12,30,49.11000061035156,2013-10-21,26.260000228881836,2014-05-08,false,false,217
2014-06-13,30.329999923706055,49.11000061035156,2013-10-21,26.260000228881836,2014-05-08,false,false,218
2014-06-16,31.170000076293945,49.11000061035156,2013-10-21,26.260000228881836,2014-05-08,false,false,219
2014-06-17,31.049999237060547,49.11000061035156,2013-10-21,26.260000228881836,2014-05-08,false,false,220
2014-06-18,31.18000030517578,49.11000061035156,2013-10-21,26.260000228881836,2014-05-08,false,false,221
2014-06-19,31.010000228881836,49.11000061035156,2013-10-21,26.260000228881836,2014-05-08,false,false,222
2014-06-20,31.15999984741211,49.11000061035156,2013-10-21,26.260000228881836,2014-05-08,false,false,223
2014-06-23,31.549999237060547,49.11000061035156,2013-10-21,26.260000228881836,2014-05-08,false,false,224
2014-06-24,31.290000915527344,49.11000061035156,2013-10-21,26.260000228881836,2014-05-08,false,false,225
2014-06-25,32.68000030517578,49.11000061035156,2013-10-21,26.260000228881836,2014-05-08,false,false,226
2014-06-26,32.83000183105469,49.11000061035156,2013-10-21,26.260000228881836,2014-05-08,false,false,227
2014-06-27,32.540000915527344,49.11000061035156,2013-10-21,26.260000228881836,2014-05-08,false,false,228
2014-06-30,32.720001220703125,49.11000061035156,2013-10-21,26.260000228881836,2014-05-08,false,false,229
2014-07-01,32.79999923706055,49.11000061035156,2013-10-21,26.260000228881836,2014-05-08,false,false,230
2014-07-02,32.61000061035156,49.11000061035156,2013-10-21,26.260000228881836,2014-05-08,false,false,231
2014-07-03,32.93000030517578,49.11000061035156,2013-10-21,26.260000228881836,2014-05-08,false,false,232
2014-07-07,32.58000183105469,49.11000061035156,2013-10-21,26.260000228881836,2014-05-08,false,false,233
2014-07-08,31.770000457763672,49.11000061035156,2013-10-21,26.260000228881836,2014-05-08,false,false,234
2014-07-09,32.029998779296875,49.11000061035156,2013-10-21,26.260000228881836,2014-05-08,false,false,235
2014-07-10,31.350000381469727,49.11000061035156,2013-10-21,26.260000228881836,2014-05-08,false,false,236
2014-07-11,31.389999389648438,49.11000061035156,2013-10-21,26.260000228881836,2014-05-08,false,false,237
2014-07-14,31.229999542236328,49.11000061035156,2013-10-21,26.260000228881836,2014-05-08,false,false,238
2014-07-15,31.209999084472656,49.11000061035156,2013-10-21,26.260000228881836,2014-05-08,false,false,239
2014-07-16,31.100000381469727,49.11000061035156,2013-10-21,26.260000228881836,2014-05-08,false,false,240
2014-07-17,31.190000534057617,49.11000061035156,2013-10-21,26.260000228881836,2014-05-08,false,false,241
2014-07-18,31.770000457763672,49.11000061035156,2013-10-21,26.260000228881836,2014-05-08,false,false,242
2014-07-21,32.040000915527344,49.11000061035156,2013-10-21,26.260000228881836,2014-05-08,false,false,243
2014-07-22,32.20000076293945,49.11000061035156,2013-10-21,26.260000228881836,2014-05-08,false,false,244
2014-07-23,31.530000686645508,49.11000061035156,2013-10-21,26.260000228881836,2014-05-08,false,false,245
2014-07-24,31.899999618530273,49.11000061035156,2013-10-21,26.260000228881836,2014-05-08,false,false,246
2014-07-25,31.239999771118164,49.11000061035156,2013-10-21,26.260000228881836,2014-05-08,false,false,247
2014-07-28,30.8799991607666,49.11000061035156,2013-10-21,26.260000228881836,2014-05-08,false,false,248
2014-07-29,31.489999771118164,49.11000061035156,2013-10-21,26.260000228881836,2014-05-08,false,false,249
2014-07-30,31.389999389648438,49.11000061035156,2013-10-21,26.260000228881836,2014-05-08,false,false,250
2014-07-31,30.510000228881836,49.11000061035156,2013-10-21,26.260000228881836,2014-05-08,false,false,251
2014-08-01,29.940000534057617,49.11000061035156,2013-10-21,26.260000228881836,2014-05-08,false,false,251
2014-08-04,30.799999237060547,49.11000061035156,2013-10-21,26.260000228881836,2014-05-08,false,false,251
2014-08-05,30.739999771118164,49.11000061035156,2013-10-21,26.260000228881836,2014-05-08,false,false,251
2014-08-06,31.75,49.11000061035156,2013-10-21,26.260000228881836,2014-05-08,false,false,251
2014-08-07,30.549999237060547,49.11000061035156,2013-10-21,26.260000228881836,2014-05-08,false,false,251
2014-08-08,31.670000076293945,49.11000061035156,2013-10-21,26.260000228881836,2014-05-08,false,false,251
2014-08-11,32.560001373291016,49.11000061035156,2013-10-21,26.260000228881836,2014-05-08,false,false,251
2014-08-12,30.309999465942383,49.11000061035156,2013-10-21,26.260000228881836,2014-05-08,false,false,251
2014-08-13,30,49.11000061035156,2013-10-21,26.260000228881836,2014-05-08,false,false,251
2014-08-14,30.06999969482422,49.11000061035156,2013-10-21,26.260000228881836,2014-05-08,false,false,251
2014-08-15,29.5,49.11000061035156,2013-10-21,26.260000228881836,2014-05-08,false,false,251
2014-08-18,29.549999237060547,49.11000061035156,2013-10-21,26.260000228881836,2014-05-08,false,false,251
2014-08-19,29.799999237060547,49.11000061035156,2013-10-21,26.260000228881836,2014-05-08,false,false,251
2014-08-20,29.729999542236328,49.11000061035156,2013-10-21,26.260000228881836,2014-05-08,false,false,251
2014-08-21,29.600000381469727,49.11000061035156,2013-10-21,26.260000228881836,2014-05-08,false,false,251
2014-08-22,30.34000015258789,49.11000061035156,2013-10-21,26.260000228881836,2014-05-08,false,false,251
2014-08-25,30.59000015258789,49.11000061035156,2013-10-21,26.260000228881836,2014-05-08,false,false,251
2014-08-26,30.68000030517578,49.11000061035156,2013-10-21,26.260000228881836,2014-05-08,false,false,251
2014-08-27,30.899999618530273,49.11000061035156,2013-10-21,26.260000228881836,2014-05-08,false,false,251
2014-08-28,31.010000228881836,49.11000061035156,2013-10-21,26.260000228881836,2014-05-08,false,false,251
2014-08-29,30.940000534057617,49.11000061035156,2013-10-21,26.260000228881836,2014-05-08,false,false,251
2014-09-02,30.8700008392334,49.11000061035156,2013-10-21,26.260000228881836,2014-05-08,false,false,251
2014-09-03,30.34000015258789,49.11000061035156,2013-10-21,26.260000228881836,2014-05-08,false,false,251
2014-09-04,30.81999969482422,49.11000061035156,2013-10-21,26.260000228881836,2014-05-08,false,false,251
2014-09-05,31.309999465942383,49.11000061035156,2013-10-21,26.260000228881836,2014-05-08,false,false,251
2014-09-08,31.479999542236328,49.11000061035156,2013-10-21,26.260000228881836,2014-05-08,false,false,251
2014-09-09,30.690000534057617,49.11000061035156,2013-10-21,26.260000228881836,2014-05-08,false,false,251
2014-09-10,30.25,49.11000061035156,2013-10-21,26.260000228881836,2014-05-08,false,false,251
2014-09-11,30.6200008392334,49.11000061035156,2013-10-21,26.260000228881836,2014-05-08,false,false,251
2014-09-12,30.770000457763672,49.11000061035156,2013-10-21,26.260000228881836,2014-05-08,false,false,251
2014-09-15,30.049999237060547,49.11000061035156,2013-10-21,26.260000228881836,2014-05-08,false,false,251
2014-09-16,30.200000762939453,49.11000061035156,2013-10-21,26.260000228881836,2014-05-08,false,false,251
2014-09-17,30.5,49.11000061035156,2013-10-21,26.260000228881836,2014-05-08,false,false,251
2014-09-18,31.290000915527344,49.11000061035156,2013-10-21,26.260000228881836,2014-05-08,false,false,251
2014-09-19,31.459999084472656,49.11000061035156,2013-10-21,26.260000228881836,2014-05-08,false,false,251
2014-09-22,30.219999313354492,49.11000061035156,2013-10-21,26.260000228881836,2014-05-08,false,false,251
2014-09-23,30.09000015258789,49.11000061035156,2013-10-21,26.260000228881836,2014-05-08,false,false,251
2014-09-24,30.139999389648438,49.11000061035156,2013-10-21,26.260000228881836,2014-05-08,false,false,251
2014-09-25,29.700000762939453,49.11000061035156,2013-10-21,26.260000228881836,2014-05-08,false,false,251
2014-09-26,29.56999969482422,49.11000061035156,2013-10-21,26.260000228881836,2014-05-08,false,false,251
2014-09-29,29.299999237060547,49.11000061035156,2013-10-21,26.260000228881836,2014-05-08,false,false,251
2014-09-30,29.06999969482422,49.11000061035156,2013-10-21,26.260000228881836,2014-05-08,false,false,251
2014-10-01,28.75,49.11000061035156,2013-10-21,26.260000228881836,2014-05-08,false,false,251
2014-10-02,29.579999923706055,49.11000061035156,2013-10-21,26.260000228881836,2014-05-08,false,false,251
2014-10-03,29.489999771118164,49.11000061035156,2013-10-21,26.260000228881836,2014-05-08,false,false,251
2014-10-06,29.520000457763672,49.11000061035156,2013-10-21,26.260000228881836,2014-05-08,false,false,251
2014-10-07,28.979999542236328,49.11000061035156,2013-10-21,26.260000228881836,2014-05-08,false,false,251
2014-10-08,29.579999923706055,49.11000061035156,2013-10-21,26.260000228881836,2014-05-08,false,false,251
2014-10-09,28.93000030517578,49.11000061035156,2013-10-21,26.260000228881836,2014-05-08,false,false,251
2014-10-10,27.670000076293945,49.11000061035156,2013-10-21,26.260000228881836,2014-05-08,false,false,251
2014-10-13,27.399999618530273,49.11000061035156,2013-10-21,26.260000228881836,2014-05-08,false,false,251
2014-10-14,28.290000915527344,49.11000061035156,2013-10-21,26.260000228881836,2014-05-08,false,false,251
2014-10-15,29.5,49.11000061035156,2013-10-21,26.260000228881836,2014-05-08,false,false,251
2014-10-16,29.399999618530273,49.11000061035156,2013-10-21,26.260000228881836,2014-05-08,false,false,251
2014-10-17,28.809999465942383,49.11000061035156,2013-10-21,26.260000228881836,2014-05-08,false,false,251
2014-10-20,29.25,49.11000061035156,2013-10-21,26.260000228881836,2014-05-08,false,false,251
2014-10-21,29.829999923706055,49.11000061035156,2013-10-21,26.260000228881836,2014-05-08,false,false,251
2014-10-22,28.809999465942383,48.040000915527344,2013-11-06,26.260000228881836,2014-05-08,false,false,251
2014-10-23,28.950000762939453,48.040000915527344,2013-11-06,26.260000228881836,2014-05-08,false,false,251
2014-10-24,28.950000762939453,48.040000915527344,2013-11-06,26.260000228881836,2014-05-08,false,false,251
2014-10-27,28.670000076293945,48.040000915527344,2013-11-06,26.260000228881836,2014-05-08,false,false,251
2014-10-28,29.149999618530273,48.040000915527344,2013-11-06,26.260000228881836,2014-05-08,false,false,251
2014-10-29,28.809999465942383,48.040000915527344,2013-11-06,26.260000228881836,2014-05-08,false,false,251
2014-10-30,28.760000228881836,48.040000915527344,2013-11-06,26.260000228881836,2014-05-08,false,false,251
2014-10-31,29.110000610351562,48.040000915527344,2013-11-06,26.260000228881836,2014-05-08,false,false,251
2014-11-03,29.59000015258789,48.040000915527344,2013-11-06,26.260000228881836,2014-05-08,false,false,251
2014-11-04,30.56999969482422,48.040000915527344,2013-11-06,26.260000228881836,2014-05-08,false,false,251
2014-11-05,30.690000534057617,48.040000915527344,2013-11-06,26.260000228881836,2014-05-08,false,false,251
2014-11-06,31.280000686645508,48.040000915527344,2013-11-06,26.260000228881836,2014-05-08,false,false,251
2014-11-07,31.700000762939453,45.689998626708984,2013-11-08,26.260000228881836,2014-05-08,false,false,251
2014-11-10,31.469999313354492,45.689998626708984,2013-11-08,26.260000228881836,2014-05-08,false,false,251
2014-11-11,29.790000915527344,44.66999816894531,2013-11-12,26.260000228881836,2014-05-08,false,false,251
2014-11-12,30.079999923706055,44.66999816894531,2013-11-12,26.260000228881836,2014-05-08,false,false,251
2014-11-13,30.229999542236328,43.650001525878906,2013-11-14,26.260000228881836,2014-05-08,false,false,251
2014-11-14,30.75,43.650001525878906,2013-11-14,26.260000228881836,2014-05-08,false,false,251
2014-11-17,30.90999984741211,40.59000015258789,2013-11-18,26.260000228881836,2014-05-08,false,false,251
2014-11-18,31.40999984741211,40.59000015258789,2013-11-18,26.260000228881836,2014-05-08,false,false,251
2014-11-19,31.43000030517578,39.630001068115234,2014-01-14,26.260000228881836,2014-05-08,false,false,251
2014-11-20,31.399999618530273,39.630001068115234,2014-01-14,26.260000228881836,2014-05-08,false,false,251
2014-11-21,32.04999923706055,39.630001068115234,2014-01-14,26.260000228881836,2014-05-08,false,false,251
2014-11-24,31.90999984741211,39.630001068115234,2014-01-14,26.260000228881836,2014-05-08,false,false,251
2014-11-25,32.0099983215332,39.630001068115234,2014-01-14,26.260000228881836,2014-05-08,false,false,251
2014-11-26,31.739999771118164,39.630001068115234,2014-01-14,26.260000228881836,2014-05-08,false,false,251
2014-11-28,31.790000915527344,39.630001068115234,2014-01-14,26.260000228881836,2014-05-08,false,false,251
2014-12-01,32,39.630001068115234,2014-01-14,26.260000228881836,2014-05-08,false,false,251
2014-12-02,31.790000915527344,39.630001068115234,2014-01-14,26.260000228881836,2014-05-08,false,false,251
2014-12-03,31.079999923706055,39.630001068115234,2014-01-14,26.260000228881836,2014-05-08,false,false,251
2014-12-04,31.190000534057617,39.630001068115234,2014-01-14,26.260000228881836,2014-05-08,false,false,251
2014-12-05,30.40999984741211,39.630001068115234,2014-01-14,26.260000228881836,2014-05-08,false,false,251
2014-12-08,30.1299991607666,39.630001068115234,2014-01-14,26.260000228881836,2014-05-08,false,false,251
2014-12-09,30.219999313354492,39.630001068115234,2014-01-14,26.260000228881836,2014-05-08,false,false,251
2014-12-10,30.010000228881836,39.630001068115234,2014-01-14,26.260000228881836,2014-05-08,false,false,251
2014-12-11,30.209999084472656,39.630001068115234,2014-01-14,26.260000228881836,2014-05-08,false,false,251
2014-12-12,30.68000030517578,39.630001068115234,2014-01-14,26.260000228881836,2014-05-08,false,false,251
2014-12-15,30.670000076293945,39.630001068115234,2014-01-14,26.260000228881836,2014-05-08,false,false,251
2014-12-16,31.010000228881836,39.630001068115234,2014-01-14,26.260000228881836,2014-05-08,false,false,251
2014-12-17,31.93000030517578,39.630001068115234,2014-01-14,26.260000228881836,2014-05-08,false,false,251
2014-12-18,31.950000762939453,39.630001068115234,2014-01-14,26.260000228881836,2014-05-08,false,false,251
2014-12-19,32.08000183105469,39.630001068115234,2014-01-14,26.260000228881836,2014-05-08,false,false,251
2014-12-22,32.40999984741211,39.630001068115234,2014-01-14,26.260000228881836,2014-05-08,false,false,251
2014-12-23,32.68000030517578,39.630001068115234,2014-01-14,26.260000228881836,2014-05-08,false,false,251
2014-12-24,32.70000076293945,39.630001068115234,2014-01-14,26.260000228881836,2014-05-08,false,false,251
2014-12-26,32.72999954223633,39.630001068115234,2014-01-14,26.260000228881836,2014-05-08,false,false,251
2014-12-29,32.959999084472656,39.630001068115234,2014-01-14,26.260000228881836,2014-05-08,false,false,251
2014-12-30,33.20000076293945,39.630001068115234,2014-01-14,26.260000228881836,2014-05-08,false,false,251
2014-12-31,33.97999954223633,39.630001068115234,2014-01-14,26.260000228881836,2014-05-08,false,false,251
2015-01-02,34.02000045776367,39.630001068115234,2014-01-14,26.260000228881836,2014-05-08,false,false,251
2015-01-05,33.209999084472656,39.630001068115234,2014-01-14,26.260000228881836,2014-05-08,false,false,251
2015-01-06,33.06999969482422,39.630001068115234,2014-01-14,26.260000228881836,2014-05-08,false,false,251
2015-01-07,33.77000045776367,39.630001068115234,2014-01-14,26.260000228881836,2014-05-08,false,false,251
2015-01-08,33.75,39.630001068115234,2014-01-14,26.260000228881836,2014-05-08,false,false,251
2015-01-09,33.95000076293945,39.630001068115234,2014-01-14,26.260000228881836,2014-05-08,false,false,251
2015-01-12,34.900001525878906,39.630001068115234,2014-01-14,26.260000228881836,2014-05-08,false,false,251
2015-01-13,34.470001220703125,39.630001068115234,2014-01-14,26.260000228881836,2014-05-08,false,false,251
2015-01-14,34.38999938964844,39.630001068115234,2014-01-14,26.260000228881836,2014-05-08,false,false,251
2015-01-15,33.939998626708984,39.54999923706055,2014-01-16,26.260000228881836,2014-05-08,false,false,251
2015-01-16,34.0099983215332,39.54999923706055,2014-01-16,26.260000228881836,2014-05-08,false,false,251
2015-01-20,34.13999938964844,39.2400016784668,2014-03-05,26.260000228881836,2014-05-08,false,false,251
2015-01-21,35.41999816894531,39.2400016784668,2014-03-05,26.260000228881836,2014-05-08,false,false,251
2015-01-22,35.45000076293945,39.2400016784668,2014-03-05,26.260000228881836,2014-05-08,false,false,251
2015-01-23,36.41999816894531,39.2400016784668,2014-03-05,26.260000228881836,2014-05-08,false,false,251
2015-01-26,36.880001068115234,39.2400016784668,2014-03-05,26.260000228881836,2014-05-08,false,false,251
2015-01-27,36.75,39.2400016784668,2014-03-05,26.260000228881836,2014-05-08,false,false,251
2015-01-28,36.31999969482422,39.2400016784668,2014-03-05,26.260000228881836,2014-05-08,false,false,251
2015-01-29,36.45000076293945,39.2400016784668,2014-03-05,26.260000228881836,2014-05-08,false,false,251
2015-01-30,36.40999984741211,39.2400016784668,2014-03-05,26.260000228881836,2014-05-08,false,false,251
2015-02-02,36.2400016784668,39.2400016784668,2014-03-05,26.260000228881836,2014-05-08,false,false,251
2015-02-03,36.349998474121094,39.2400016784668,2014-03-05,26.260000228881836,2014-05-08,false,false,251
2015-02-04,36.900001525878906,39.2400016784668,2014-03-05,26.260000228881836,2014-05-08,false,false,251
2015-02-05,37.0099983215332,39.2400016784668,2014-03-05,26.260000228881836,2014-05-08,false,false,251
2015-02-06,36.91999816894531,39.2400016784668,2014-03-05,26.260000228881836,2014-05-08,false,false,251
2015-02-09,36.68000030517578,39.2400016784668,2014-03-05,26.260000228881836,2014-05-08,false,false,251
2015-02-10,37.08000183105469,39.2400016784668,2014-03-05,26.260000228881836,2014-05-08,false,false,251
2015-02-11,37.15999984741211,39.2400016784668,2014-03-05,26.260000228881836,2014-05-08,false,false,251
2015-02-12,37.849998474121094,39.2400016784668,2014-03-05,26.260000228881836,2014-05-08,false,false,251
2015-02-13,38.380001068115234,39.2400016784668,2014-03-05,26.260000228881836,2014-05-08,false,false,251
2015-02-17,38.25,39.2400016784668,2014-03-05,26.260000228881836,2014-05-08,false,false,251
2015-02-18,38.09000015258789,39.2400016784668,2014-03-05,26.260000228881836,2014-05-08,false,false,251
2015-02-19,37.7400016784668,39.2400016784668,2014-03-05,26.260000228881836,2014-05-08,false,false,251
2015-02-20,37.47999954223633,39.2400016784668,2014-03-05,26.260000228881836,2014-05-08,false,false,251
2015-02-23,37.040000915527344,39.2400016784668,2014-03-05,26.260000228881836,2014-05-08,false,false,251
2015-02-24,36.63999938964844,39.2400016784668,2014-03-05,26.260000228881836,2014-05-08,false,false,251
2015-02-25,37.09000015258789,39.2400016784668,2014-03-05,26.260000228881836,2014-05-08,false,false,251
2015-02-26,36.0099983215332,39.2400016784668,2014-03-05,26.260000228881836,2014-05-08,false,false,251
2015-02-27,36.810001373291016,39.2400016784668,2014-03-05,26.260000228881836,2014-05-08,false,false,251
2015-03-02,35.849998474121094,39.2400016784668,2014-03-05,26.260000228881836,2014-05-08,false,false,251
2015-03-03,35.15999984741211,39.2400016784668,2014-03-05,26.260000228881836,2014-05-08,false,false,251
2015-03-04,34.72999954223633,39.2400016784668,2014-03-05,26.260000228881836,2014-05-08,false,false,251
2015-03-05,35.189998626708984,39.2400016784668,2014-03-05,26.260000228881836,2014-05-08,false,false,251
2015-03-06,35.4900016784668,38.65999984741211,2014-03-07,26.260000228881836,2014-05-08,false,false,251
2015-03-09,35.40999984741211,38.65999984741211,2014-03-07,26.260000228881836,2014-05-08,false,false,251
2015-03-10,34.7599983215332,38.5,2014-03-13,26.260000228881836,2014-05-08,false,false,251
2015-03-11,34.33000183105469,38.5,2014-03-13,26.260000228881836,2014-05-08,false,false,251
2015-03-12,34.61000061035156,38.5,2014-03-13,26.260000228881836,2014-05-08,false,false,251
2015-03-13,34.63999938964844,38.5,2014-03-13,26.260000228881836,2014-05-08,false,false,251
2015-03-16,34.52000045776367,38.380001068115234,2015-02-13,26.260000228881836,2014-05-08,false,false,251
2015-03-17,34.66999816894531,38.380001068115234,2015-02-13,26.260000228881836,2014-05-08,false,false,251
2015-03-18,34.59000015258789,38.380001068115234,2015-02-13,26.260000228881836,2014-05-08,false,false,251
2015-03-19,33.959999084472656,38.380001068115234,2015-02-13,26.260000228881836,2014-05-08,false,false,251
2015-03-20,33.9900016784668,38.380001068115234,2015-02-13,26.260000228881836,2014-05-08,false,false,251
2015-03-23,33.02000045776367,38.380001068115234,2015-02-13,26.260000228881836,2014-05-08,false,false,251
2015-03-24,33.150001525878906,38.380001068115234,2015-02-13,26.260000228881836,2014-05-08,false,false,251
2015-03-25,33.27000045776367,38.380001068115234,2015-02-13,26.260000228881836,2014-05-08,false,false,251
2015-03-26,33.09000015258789,38.380001068115234,2015-02-13,26.260000228881836,2014-05-08,false,false,251
2015-03-27,33.150001525878906,38.380001068115234,2015-02-13,26.260000228881836,2014-05-08,false,false,251
2015-03-30,33.54999923706055,38.380001068115234,2015-02-13,26.260000228881836,2014-05-08,false,false,251
2015-03-31,35.22999954223633,38.380001068115234,2015-02-13,26.260000228881836,2014-05-08,false,false,251
2015-04-01,35.09000015258789,38.380001068115234,2015-02-13,26.260000228881836,2014-05-08,false,false,251
2015-04-02,35.79999923706055,38.380001068115234,2015-02-13,26.260000228881836,2014-05-08,false,false,251
2015-04-06,35.810001373291016,38.380001068115234,2015-02-13,26.260000228881836,2014-05-08,false,false,250
2015-04-07,35.68000030517578,38.380001068115234,2015-02-13,26.260000228881836,2014-05-08,false,false,250
2015-04-08,35.09000015258789,38.380001068115234,2015-02-13,26.260000228881836,2014-05-08,false,false,250
2015-04-09,35,38.380001068115234,2015-02-13,26.260000228881836,2014-05-08,false,false,250
2015-04-10,35.029998779296875,38.380001068115234,2015-02-13,26.260000228881836,2014-05-08,false,false,250
2015-04-13,34.9900016784668,38.380001068115234,2015-02-13,26.260000228881836,2014-05-08,false,false,250
2015-04-14,34.189998626708984,38.380001068115234,2015-02-13,26.260000228881836,2014-05-08,false,false,250
2015-04-15,33.2400016784668,38.380001068115234,2015-02-13,26.260000228881836,2014-05-08,false,false,250
2015-04-16,33.20000076293945,38.380001068115234,2015-02-13,26.260000228881836,2014-05-08,false,false,250
2015-04-17,33.040000915527344,38.380001068115234,2015-02-13,26.260000228881836,2014-05-08,false,false,250
2015-04-20,32.9900016784668,38.380001068115234,2015-02-13,26.260000228881836,2014-05-08,false,false,251
2015-04-21,33.38999938964844,38.380001068115234,2015-02-13,26.260000228881836,2014-05-08,false,false,251
2015-04-22,33.33000183105469,38.380001068115234,2015-02-13,26.260000228881836,2014-05-08,false,false,251
2015-04-23,33.900001525878906,38.380001068115234,2015-02-13,26.260000228881836,2014-05-08,false,false,251
2015-04-24,33.91999816894531,38.380001068115234,2015-02-13,26.260000228881836,2014-05-08,false,false,251
2015-04-27,33.130001068115234,38.380001068115234,2015-02-13,26.260000228881836,2014-05-08,false,false,251
2015-04-28,33.88999938964844,38.380001068115234,2015-02-13,26.260000228881836,2014-05-08,false,false,251
2015-04-29,33.290000915527344,38.380001068115234,2015-02-13,26.260000228881836,2014-05-08,false,false,251
2015-04-30,31.989999771118164,38.380001068115234,2015-02-13,26.260000228881836,2014-05-08,false,false,251
2015-05-01,31.770000457763672,38.380001068115234,2015-02-13,26.260000228881836,2014-05-08,false,false,251
2015-05-04,31.25,38.380001068115234,2015-02-13,26.260000228881836,2014-05-08,false,false,251
2015-05-05,30.889999389648438,38.380001068115234,2015-02-13,26.260000228881836,2014-05-08,false,false,251
2015-05-06,31.059999465942383,38.380001068115234,2015-02-13,26.260000228881836,2014-05-08,false,false,251
2015-05-07,30.209999084472656,38.380001068115234,2015-02-13,26.260000228881836,2014-05-08,false,false,251
2015-05-08,27.229999542236328,38.380001068115234,2015-02-13,26.260000228881836,2014-05-08,false,false,251
2015-05-11,27.81999969482422,38.380001068115234,2015-02-13,26.799999237060547,2014-06-02,false,false,251
2015-05-12,28.969999313354492,38.380001068115234,2015-02-13,26.799999237060547,2014-06-02,false,false,251
2015-05-13,29.700000762939453,38.380001068115234,2015-02-13,26.799999237060547,2014-06-02,false,false,251
2015-05-14,29.84000015258789,38.380001068115234,2015-02-13,26.799999237060547,2014-06-02,false,false,251
2015-05-15,30.260000228881836,38.380001068115234,2015-02-13,26.799999237060547,2014-06-02,false,false,251
2015-05-18,30.040000915527344,38.380001068115234,2015-02-13,26.799999237060547,2014-06-02,false,false,251
2015-05-19,29.850000381469727,38.380001068115234,2015-02-13,26.799999237060547,2014-06-02,false,false,251
2015-05-20,29.899999618530273,38.380001068115234,2015-02-13,26.799999237060547,2014-06-02,false,false,251
2015-05-21,30.299999237060547,38.380001068115234,2015-02-13,26.799999237060547,2014-06-02,false,false,251
2015-05-22,30.459999084472656,38.380001068115234,2015-02-13,26.799999237060547,2014-06-02,false,false,251
2015-05-26,29.739999771118164,38.380001068115234,2015-02-13,26.799999237060547,2014-06-02,false,false,251
2015-05-27,29.709999084472656,38.380001068115234,2015-02-13,26.799999237060547,2014-06-02,false,false,251
2015-05-28,29.209999084472656,38.380001068115234,2015-02-13,26.799999237060547,2014-06-02,false,false,251
2015-05-29,29.989999771118164,38.380001068115234,2015-02-13,26.799999237060547,2014-06-02,false,false,251
2015-06-01,30.459999084472656,38.380001068115234,2015-02-13,26.799999237060547,2014-06-02,false,false,251
2015-06-02,29.989999771118164,38.380001068115234,2015-02-13,26.799999237060547,2014-06-02,false,false,251
2015-06-03,29.200000762939453,38.380001068115234,2015-02-13,27.229999542236328,2015-05-08,false,false,251
2015-06-04,29.18000030517578,38.380001068115234,2015-02-13,27.229999542236328,2015-05-08,false,false,251
2015-06-05,29.1200008392334,38.380001068115234,2015-02-13,27.229999542236328,2015-05-08,false,false,251
2015-06-08,27.579999923706055,38.380001068115234,2015-02-13,27.229999542236328,2015-05-08,false,false,251
2015-06-09,27.43000030517578,38.380001068115234,2015-02-13,27.229999542236328,2015-05-08,false,false,251
2015-06-10,27.65999984741211,38.380001068115234,2015-02-13,27.229999542236328,2015-05-08,false,false,251
2015-06-11,27.579999923706055,38.380001068115234,2015-02-13,27.229999542236328,2015-05-08,false,false,251
2015-06-12,27.520000457763672,38.380001068115234,2015-02-13,27.229999542236328,2015-05-08,false,false,251
2015-06-15,28.059999465942383,38.380001068115234,2015-02-13,27.229999542236328,2015-05-08,false,false,251
2015-06-16,28.239999771118164,38.380001068115234,2015-02-13,27.229999542236328,2015-05-08,false,false,251
2015-06-17,27.8700008392334,38.380001068115234,2015-02-13,27.229999542236328,2015-05-08,false,false,251
2015-06-18,28.010000228881836,38.380001068115234,2015-02-13,27.229999542236328,2015-05-08,false,false,251
2015-06-19,27.899999618530273,38.380001068115234,2015-02-13,27.229999542236328,2015-05-08,false,false,251
2015-06-22,28.020000457763672,38.380001068115234,2015-02-13,27.229999542236328,2015-05-08,false,false,251
2015-06-23,28.309999465942383,38.380001068115234,2015-02-13,27.229999542236328,2015-05-08,false,false,251
2015-06-24,28,38.380001068115234,2015-02-13,27.229999542236328,2015-05-08,false,false,251
2015-06-25,28,38.380001068115234,2015-02-13,27.229999542236328,2015-05-08,false,false,251
2015-06-26,27.920000076293945,38.380001068115234,2015-02-13,27.229999542236328,2015-05-08,false,false,251
2015-06-29,27.170000076293945,38.380001068115234,2015-02-13,27.170000076293945,2015-06-29,false,true,251
2015-06-30,26.979999542236328,38.380001068115234,2015-02-13,26.979999542236328,2015-06-30,false,true,251
2015-07-01,26.31999969482422,38.380001068115234,2015-02-13,26.31999969482422,2015-07-01,false,true,251
2015-07-02,26.399999618530273,38.380001068115234,2015-02-13,26.31999969482422,2015-07-01,false,false,251
2015-07-06,26.559999465942383,38.380001068115234,2015-02-13,26.31999969482422,2015-07-01,false,false,251
2015-07-07,27.049999237060547,38.380001068115234,2015-02-13,26.31999969482422,2015-07-01,false,false,251
2015-07-08,26.719999313354492,38.380001068115234,2015-02-13,26.31999969482422,2015-07-01,false,false,251
2015-07-09,26.739999771118164,38.380001068115234,2015-02-13,26.31999969482422,2015-07-01,false,false,251
2015-07-10,26.520000457763672,38.380001068115234,2015-02-13,26.31999969482422,2015-07-01,false,false,251
2015-07-13,27,38.380001068115234,2015-02-13,26.31999969482422,2015-07-01,false,false,251
2015-07-14,26.950000762939453,38.380001068115234,2015-02-13,26.31999969482422,2015-07-01,false,false,251
2015-07-15,26.770000457763672,38.380001068115234,2015-02-13,26.31999969482422,2015-07-01,false,false,251
2015-07-16,26.329999923706055,38.380001068115234,2015-02-13,26.31999969482422,2015-07-01,false,false,251
2015-07-17,26.020000457763672,38.380001068115234,2015-02-13,26.020000457763672,2015-07-17,false,true,251
2015-07-20,25.920000076293945,38.380001068115234,2015-02-13,25.920000076293945,2015-07-20,false,true,251
2015-07-21,25.770000457763672,38.380001068115234,2015-02-13,25.770000457763672,2015-07-21,false,true,251
2015-07-22,24.510000228881836,38.380001068115234,2015-02-13,24.510000228881836,2015-07-22,false,true,251
2015-07-23,24.299999237060547,38.380001068115234,2015-02-13,24.299999237060547,2015-07-23,false,true,251
2015-07-24,24.309999465942383,38.380001068115234,2015-02-13,24.299999237060547,2015-07-23,false,false,251
2015-07-27,23.950000762939453,38.380001068115234,2015-02-13,23.950000762939453,2015-07-27,false,true,251
2015-07-28,24.079999923706055,38.380001068115234,2015-02-13,23.950000762939453,2015-07-27,false,false,251
2015-07-29,24.68000030517578,38.380001068115234,2015-02-13,23.950000762939453,2015-07-27,false,false,251
2015-07-30,24.1200008392334,38.380001068115234,2015-02-13,23.950000762939453,2015-07-27,false,false,251
2015-07-31,24.520000457763672,38.380001068115234,2015-02-13,23.950000762939453,2015-07-27,false,false,251
2015-08-03,23.889999389648438,38.380001068115234,2015-02-13,23.889999389648438,2015-08-03,false,true,251
2015-08-04,24.209999084472656,38.380001068115234,2015-02-13,23.889999389648438,2015-08-03,false,false,251
2015-08-05,24.030000686645508,38.380001068115234,2015-02-13,23.889999389648438,2015-08-03,false,false,251
2015-08-06,23.5,38.380001068115234,2015-02-13,23.5,2015-08-06,false,true,251
2015-08-07,20.770000457763672,38.380001068115234,2015-02-13,20.770000457763672,2015-08-07,false,true,251
2015-08-10,21.110000610351562,38.380001068115234,2015-02-13,20.770000457763672,2015-08-07,false,false,251
2015-08-11,20.979999542236328,38.380001068115234,2015-02-13,20.770000457763672,2015-08-07,false,false,251
2015-08-12,21.299999237060547,38.380001068115234,2015-02-13,20.770000457763672,2015-08-07,false,false,251
2015-08-13,21.139999389648438,38.380001068115234,2015-02-13,20.770000457763672,2015-08-07,false,false,251
2015-08-14,21.020000457763672,38.380001068115234,2015-02-13,20.770000457763672,2015-08-07,false,false,251
2015-08-17,21.260000228881836,38.380001068115234,2015-02-13,20.770000457763672,2015-08-07,false,false,251
2015-08-18,21.190000534057617,38.380001068115234,2015-02-13,20.770000457763672,2015-08-07,false,false,251
2015-08-19,20.950000762939453,38.380001068115234,2015-02-13,20.770000457763672,2015-08-07,false,false,251
2015-08-20,21.030000686645508,38.380001068115234,2015-02-13,20.770000457763672,2015-08-07,false,false,251
2015-08-21,19.6200008392334,38.380001068115234,2015-02-13,19.6200008392334,2015-08-21,false,true,251
2015-08-24,19.59000015258789,38.380001068115234,2015-02-13,19.59000015258789,2015-08-24,false,true,251
2015-08-25,19.8700008392334,38.380001068115234,2015-02-13,19.59000015258789,2015-08-24,false,false,251
2015-08-26,19.809999465942383,38.380001068115234,2015-02-13,19.59000015258789,2015-08-24,false,false,251
2015-08-27,20.600000381469727,38.380001068115234,2015-02-13,19.59000015258789,2015-08-24,false,false,251
2015-08-28,20.440000534057617,38.380001068115234,2015-02-13,19.59000015258789,2015-08-24,false,false,251
2015-08-31,20.3700008392334,38.380001068115234,2015-02-13,19.59000015258789,2015-08-24,false,false,251
2015-09-01,20.1299991607666,38.380001068115234,2015-02-13,19.59000015258789,2015-08-24,false,false,252
2015-09-02,20.3700008392334,38.380001068115234,2015-02-13,19.59000015258789,2015-08-24,false,false,252
2015-09-03,20.65999984741211,38.380001068115234,2015-02-13,19.59000015258789,2015-08-24,false,false,252
2015-09-04,20.700000762939453,38.380001068115234,2015-02-13,19.59000015258789,2015-08-24,false,false,252
2015-09-08,21.389999389648438,38.380001068115234,2015-02-13,19.59000015258789,2015-08-24,false,false,251
2015-09-09,21.239999771118164,38.380001068115234,2015-02-13,19.59000015258789,2015-08-24,false,false,251
2015-09-10,22.299999237060547,38.380001068115234,2015-02-13,19.59000015258789,2015-08-24,false,false,251
2015-09-11,22.219999313354492,38.380001068115234,2015-02-13,19.59000015258789,2015-08-24,false,false,251
2015-09-14,22.100000381469727,38.380001068115234,2015-02-13,19.59000015258789,2015-08-24,false,false,251
2015-09-15,23.110000610351562,38.380001068115234,2015-02-13,19.59000015258789,2015-08-24,false,false,251
2015-09-16,23.889999389648438,38.380001068115234,2015-02-13,19.59000015258789,2015-08-24,false,false,251
2015-09-17,23.610000610351562,38.380001068115234,2015-02-13,19.59000015258789,2015-08-24,false,false,251
2015-09-18,22.860000610351562,38.380001068115234,2015-02-13,19.59000015258789,2015-08-24,false,false,251
2015-09-21,22.68000030517578,38.380001068115234,2015-02-13,19.59000015258789,2015-08-24,false,false,251
2015-09-22,22.469999313354492,38.380001068115234,2015-02-13,19.59000015258789,2015-08-24,false,false,251
2015-09-23,21.809999465942383,38.380001068115234,2015-02-13,19.59000015258789,2015-08-24,false,false,251
2015-09-24,21.389999389648438,38.380001068115234,2015-02-13,19.59000015258789,2015-08-24,false,false,251
2015-09-25,21.610000610351562,38.380001068115234,2015-02-13,19.59000015258789,2015-08-24,false,false,251
2015-09-28,21.309999465942383,38.380001068115234,2015-02-13,19.59000015258789,2015-08-24,false,false,251
2015-09-29,21.239999771118164,38.380001068115234,2015-02-13,19.59000015258789,2015-08-24,false,false,251
2015-09-30,21.100000381469727,38.380001068115234,2015-02-13,19.59000015258789,2015-08-24,false,false,251
2015-10-01,21.100000381469727,38.380001068115234,2015-02-13,19.59000015258789,2015-08-24,false,false,251
2015-10-02,22,38.380001068115234,2015-02-13,19.59000015258789,2015-08-24,false,false,251
2015-10-05,22.489999771118164,38.380001068115234,2015-02-13,19.59000015258789,2015-08-24,false,false,251
2015-10-06,22.020000457763672,38.380001068115234,2015-02-13,19.59000015258789,2015-08-24,false,false,251
2015-10-07,22.329999923706055,38.380001068115234,2015-02-13,19.59000015258789,2015-08-24,false,false,251
2015-10-08,22.989999771118164,38.380001068115234,2015-02-13,19.59000015258789,2015-08-24,false,false,251
2015-10-09,23.540000915527344,38.380001068115234,2015-02-13,19.59000015258789,2015-08-24,false,false,251
2015-10-12,22.940000534057617,38.380001068115234,2015-02-13,19.59000015258789,2015-08-24,false,false,251
2015-10-13,22.34000015258789,38.380001068115234,2015-02-13,19.59000015258789,2015-08-24,false,false,251
2015-10-14,21.81999969482422,38.380001068115234,2015-02-13,19.59000015258789,2015-08-24,false,false,251
2015-10-15,22.100000381469727,38.380001068115234,2015-02-13,19.59000015258789,2015-08-24,false,false,251
2015-10-16,22.600000381469727,38.380001068115234,2015-02-13,19.59000015258789,2015-08-24,false,false,251
2015-10-19,22.649999618530273,38.380001068115234,2015-02-13,19.59000015258789,2015-08-24,false,false,251
2015-10-20,22.649999618530273,38.380001068115234,2015-02-13,19.59000015258789,2015-08-24,false,false,251
2015-10-21,22.610000610351562,38.380001068115234,2015-02-13,19.59000015258789,2015-08-24,false,false,251
2015-10-22,22.600000381469727,38.380001068115234,2015-02-13,19.59000015258789,2015-08-24,false,false,251
2015-10-23,22.389999389648438,38.380001068115234,2015-02-13,19.59000015258789,2015-08-24,false,false,251
2015-10-26,20.270000457763672,38.380001068115234,2015-02-13,19.59000015258789,2015-08-24,false,false,251
2015-10-27,20.979999542236328,38.380001068115234,2015-02-13,19.59000015258789,2015-08-24,false,false,251
2015-10-28,20.889999389648438,38.380001068115234,2015-02-13,19.59000015258789,2015-08-24,false,false,251
2015-10-29,20.899999618530273,38.380001068115234,2015-02-13,19.59000015258789,2015-08-24,false,false,251
2015-10-30,20.3799991607666,38.380001068115234,2015-02-13,19.59000015258789,2015-08-24,false,false,251
2015-11-02,20.93000030517578,38.380001068115234,2015-02-13,19.59000015258789,2015-08-24,false,false,251
2015-11-03,20.8799991607666,38.380001068115234,2015-02-13,19.59000015258789,2015-08-24,false,false,251
2015-11-04,19.8799991607666,38.380001068115234,2015-02-13,19.59000015258789,2015-08-24,false,false,251
2015-11-05,23.010000228881836,38.380001068115234,2015-02-13,19.59000015258789,2015-08-24,false,false,251
2015-11-06,24.040000915527344,38.380001068115234,2015-02-13,19.59000015258789,2015-08-24,false,false,251
2015-11-09,22.979999542236328,38.380001068115234,2015-02-13,19.59000015258789,2015-08-24,false,false,251
2015-11-10,23.260000228881836,38.380001068115234,2015-02-13,19.59000015258789,2015-08-24,false,false,251
2015-11-11,22.829999923706055,38.380001068115234,2015-02-13,19.59000015258789,2015-08-24,false,false,251
2015-11-12,22.90999984741211,38.380001068115234,2015-02-13,19.59000015258789,2015-08-24,false,false,251
2015-11-13,22.93000030517578,38.380001068115234,2015-02-13,19.59000015258789,2015-08-24,false,false,251
2015-11-16,23.360000610351562,38.380001068115234,2015-02-13,19.59000015258789,2015-08-24,false,false,251
2015-11-17,23.780000686645508,38.380001068115234,2015-02-13,19.59000015258789,2015-08-24,false,false,251
2015-11-18,24.610000610351562,38.380001068115234,2015-02-13,19.59000015258789,2015-08-24,false,false,251
2015-11-19,23.690000534057617,38.380001068115234,2015-02-13,19.59000015258789,2015-08-24,false,false,251
2015-11-20,23.479999542236328,38.380001068115234,2015-02-13,19.59000015258789,2015-08-24,false,false,251
2015-11-23,23.600000381469727,38.380001068115234,2015-02-13,19.59000015258789,2015-08-24,false,false,251
2015-11-24,24.260000228881836,38.380001068115234,2015-02-13,19.59000015258789,2015-08-24,false,false,251
2015-11-25,24.829999923706055,38.380001068115234,2015-02-13,19.59000015258789,2015-08-24,false,false,251
2015-11-27,24.6299991607666,38.380001068115234,2015-02-13,19.59000015258789,2015-08-24,false,false,251
2015-11-30,24.1299991607666,38.380001068115234,2015-02-13,19.59000015258789,2015-08-24,false,false,251
2015-12-01,24.700000762939453,38.380001068115234,2015-02-13,19.59000015258789,2015-08-24,false,false,251
2015-12-02,24.260000228881836,38.380001068115234,2015-02-13,19.59000015258789,2015-08-24,false,false,251
2015-12-03,24.989999771118164,38.380001068115234,2015-02-13,19.59000015258789,2015-08-24,false,false,251
2015-12-04,25.020000457763672,38.380001068115234,2015-02-13,19.59000015258789,2015-08-24,false,false,251
2015-12-07,25.559999465942383,38.380001068115234,2015-02-13,19.59000015258789,2015-08-24,false,false,251
2015-12-08,24.940000534057617,38.380001068115234,2015-02-13,19.59000015258789,2015-08-24,false,false,251
2015-12-09,25.329999923706055,38.380001068115234,2015-02-13,19.59000015258789,2015-08-24,false,false,251
2015-12-10,25.6299991607666,38.380001068115234,2015-02-13,19.59000015258789,2015-08-24,false,false,251
2015-12-11,25.489999771118164,38.380001068115234,2015-02-13,19.59000015258789,2015-08-24,false,false,251
2015-12-14,25.40999984741211,38.380001068115234,2015-02-13,19.59000015258789,2015-08-24,false,false,251
2015-12-15,25.209999084472656,38.380001068115234,2015-02-13,19.59000015258789,2015-08-24,false,false,251
2015-12-16,25.809999465942383,38.380001068115234,2015-02-13,19.59000015258789,2015-08-24,false,false,251
2015-12-17,25.690000534057617,38.380001068115234,2015-02-13,19.59000015258789,2015-08-24,false,false,251
2015-12-18,24.989999771118164,38.380001068115234,2015-02-13,19.59000015258789,2015-08-24,false,false,251
2015-12-21,25.290000915527344,38.380001068115234,2015-02-13,19.59000015258789,2015-08-24,false,false,251
2015-12-22,26.09000015258789,38.380001068115234,2015-02-13,19.59000015258789,2015-08-24,false,false,251
2015-12-23,26.31999969482422,38.380001068115234,2015-02-13,19.59000015258789,2015-08-24,false,false,251
2015-12-24,26.5,38.380001068115234,2015-02-13,19.59000015258789,2015-08-24,false,false,251
2015-12-28,26.649999618530273,38.380001068115234,2015-02-13,19.59000015258789,2015-08-24,false,false,251
2015-12-29,26.90999984741211,38.380001068115234,2015-02-13,19.59000015258789,2015-08-24,false,false,251
2015-12-30,26.6299991607666,38.380001068115234,2015-02-13,19.59000015258789,2015-08-24,false,false,251
2015-12-31,26.59000015258789,38.380001068115234,2015-02-13,19.59000015258789,2015-08-24,false,false,251
2016-01-04,26.780000686645508,38.380001068115234,2015-02-13,19.59000015258789,2015-08-24,false,false,251
2016-01-05,26.979999542236328,38.380001068115234,2015-02-13,19.59000015258789,2015-08-24,false,false,251
2016-01-06,25.90999984741211,38.380001068115234,2015-02-13,19.59000015258789,2015-08-24,false,false,251
2016-01-07,25.799999237060547,38.380001068115234,2015-02-13,19.59000015258789,2015-08-24,false,false,251
2016-01-08,25.520000457763672,38.380001068115234,2015-02-13,19.59000015258789,2015-08-24,false,false,251
2016-01-11,25.25,38.380001068115234,2015-02-13,19.59000015258789,2015-08-24,false,false,251
2016-01-12,25.920000076293945,38.380001068115234,2015-02-13,19.59000015258789,2015-08-24,false,false,251
2016-01-13,24.959999084472656,38.380001068115234,2015-02-13,19.59000015258789,2015-08-24,false,false,251
2016-01-14,24.729999542236328,38.380001068115234,2015-02-13,19.59000015258789,2015-08-24,false,false,251
2016-01-15,23.06999969482422,38.380001068115234,2015-02-13,19.59000015258789,2015-08-24,false,false,251
2016-01-19,21.850000381469727,38.380001068115234,2015-02-13,19.59000015258789,2015-08-24,false,false,251
2016-01-20,22.530000686645508,38.380001068115234,2015-02-13,19.59000015258789,2015-08-24,false,false,251
2016-01-21,22.450000762939453,38.380001068115234,2015-02-13,19.59000015258789,2015-08-24,false,false,251
2016-01-22,22.770000457763672,38.380001068115234,2015-02-13,19.59000015258789,2015-08-24,false,false,251
2016-01-25,22.540000915527344,38.380001068115234,2015-02-13,19.59000015258789,2015-08-24,false,false,251
2016-01-26,22.09000015258789,38.380001068115234,2015-02-13,19.59000015258789,2015-08-24,false,false,251
2016-01-27,22.209999084472656,38.380001068115234,2015-02-13,19.59000015258789,2015-08-24,false,false,251
2016-01-28,22.139999389648438,38.380001068115234,2015-02-13,19.59000015258789,2015-08-24,false,false,251
2016-01-29,22.799999237060547,38.380001068115234,2015-02-13,19.59000015258789,2015-08-24,false,false,251
2016-02-01,23.719999313354492,38.380001068115234,2015-02-13,19.59000015258789,2015-08-24,false,false,251
2016-02-02,23.739999771118164,38.380001068115234,2015-02-13,19.59000015258789,2015-08-24,false,false,251
2016-02-03,23.719999313354492,38.380001068115234,2015-02-13,19.59000015258789,2015-08-24,false,false,251
2016-02-04,23.56999969482422,38.380001068115234,2015-02-13,19.59000015258789,2015-08-24,false,false,251
2016-02-05,22.959999084472656,38.380001068115234,2015-02-13,19.59000015258789,2015-08-24,false,false,251
2016-02-08,23.670000076293945,38.380001068115234,2015-02-13,19.59000015258789,2015-08-24,false,false,251
2016-02-09,22.399999618530273,38.380001068115234,2015-02-13,19.59000015258789,2015-08-24,false,false,251
2016-02-10,22,38.380001068115234,2015-02-13,19.59000015258789,2015-08-24,false,false,251
2016-02-11,22.09000015258789,38.380001068115234,2015-02-13,19.59000015258789,2015-08-24,false,false,251
2016-02-12,23.34000015258789,38.380001068115234,2015-02-13,19.59000015258789,2015-08-24,false,false,251
2016-02-16,24.100000381469727,38.380001068115234,2015-02-13,19.59000015258789,2015-08-24,false,false,251
2016-02-17,24.84000015258789,38.09000015258789,2015-02-18,19.59000015258789,2015-08-24,false,false,251
2016-02-18,24.440000534057617,38.09000015258789,2015-02-18,19.59000015258789,2015-08-24,false,false,251
2016-02-19,24.68000030517578,37.47999954223633,2015-02-20,19.59000015258789,2015-08-24,false,false,251
2016-02-22,24.770000457763672,37.47999954223633,2015-02-20,19.59000015258789,2015-08-24,false,false,251
2016-02-23,24.790000915527344,37.09000015258789,2015-02-25,19.59000015258789,2015-08-24,false,false,251
2016-02-24,25.209999084472656,37.09000015258789,2015-02-25,19.59000015258789,2015-08-24,false,false,251
2016-02-25,27.43000030517578,37.09000015258789,2015-02-25,19.59000015258789,2015-08-24,false,false,251
2016-02-26,27.899999618530273,36.810001373291016,2015-02-27,19.59000015258789,2015-08-24,false,false,251
2016-02-29,28.479999542236328,36.810001373291016,2015-02-27,19.59000015258789,2015-08-24,false,false,251
2016-03-01,28.6299991607666,35.810001373291016,2015-04-06,19.59000015258789,2015-08-24,false,false,251
2016-03-02,28.8799991607666,35.810001373291016,2015-04-06,19.59000015258789,2015-08-24,false,false,251
2016-03-03,28.670000076293945,35.810001373291016,2015-04-06,19.59000015258789,2015-08-24,false,false,251
2016-03-04,28.209999084472656,35.810001373291016,2015-04-06,19.59000015258789,2015-08-24,false,false,251
2016-03-07,28.18000030517578,35.810001373291016,2015-04-06,19.59000015258789,2015-08-24,false,false,251
2016-03-08,27.59000015258789,35.810001373291016,2015-04-06,19.59000015258789,2015-08-24,false,false,251
2016-03-09,27.700000762939453,35.810001373291016,2015-04-06,19.59000015258789,2015-08-24,false,false,251
2016-03-10,27.329999923706055,35.810001373291016,2015-04-06,19.59000015258789,2015-08-24,false,false,251
2016-03-11,27.969999313354492,35.810001373291016,2015-04-06,19.59000015258789,2015-08-24,false,false,251
2016-03-14,28.059999465942383,35.810001373291016,2015-04-06,19.59000015258789,2015-08-24,false,false,251
2016-03-15,28.290000915527344,35.810001373291016,2015-04-06,19.59000015258789,2015-08-24,false,false,251
2016-03-16,28.459999084472656,35.810001373291016,2015-04-06,19.59000015258789,2015-08-24,false,false,251
2016-03-17,28.850000381469727,35.810001373291016,2015-04-06,19.59000015258789,2015-08-24,false,false,251
2016-03-18,29.75,35.810001373291016,2015-04-06,19.59000015258789,2015-08-24,false,false,251
2016-03-21,29.469999313354492,35.810001373291016,2015-04-06,19.59000015258789,2015-08-24,false,false,251
2016-03-22,29.510000228881836,35.810001373291016,2015-04-06,19.59000015258789,2015-08-24,false,false,251
2016-03-23,28.739999771118164,35.810001373291016,2015-04-06,19.59000015258789,2015-08-24,false,false,251
2016-03-24,29,35.810001373291016,2015-04-06,19.59000015258789,2015-08-24,false,false,251
2016-03-28,28.860000610351562,35.810001373291016,2015-04-06,19.59000015258789,2015-08-24,false,false,250
2016-03-29,29.15999984741211,35.810001373291016,2015-04-06,19.59000015258789,2015-08-24,false,false,250
2016-03-30,29.229999542236328,35.810001373291016,2015-04-06,19.59000015258789,2015-08-24,false,false,250
2016-03-31,29.040000915527344,35.810001373291016,2015-04-06,19.59000015258789,2015-08-24,false,false,250
2016-04-01,28.450000762939453,35.810001373291016,2015-04-06,19.59000015258789,2015-08-24,false,false,250
2016-04-04,28.6200008392334,35.810001373291016,2015-04-06,19.59000015258789,2015-08-24,false,false,251
2016-04-05,28.229999542236328,35.810001373291016,2015-04-06,19.59000015258789,2015-08-24,false,false,251
2016-04-06,29.020000457763672,35.09000015258789,2015-04-08,19.59000015258789,2015-08-24,false,false,251
2016-04-07,29.110000610351562,35.09000015258789,2015-04-08,19.59000015258789,2015-08-24,false,false,251
2016-04-08,28.860000610351562,35.029998779296875,2015-04-10,19.59000015258789,2015-08-24,false,false,251
2016-04-11,27.690000534057617,35.029998779296875,2015-04-10,19.59000015258789,2015-08-24,false,false,251
2016-04-12,28.06999969482422,34.189998626708984,2015-04-14,19.59000015258789,2015-08-24,false,false,251
2016-04-13,28.559999465942383,34.189998626708984,2015-04-14,19.59000015258789,2015-08-24,false,false,251
2016-04-14,28.040000915527344,33.91999816894531,2015-04-24,19.59000015258789,2015-08-24,false,false,251
2016-04-15,28.200000762939453,33.91999816894531,2015-04-24,19.59000015258789,2015-08-24,false,false,251
2016-04-18,27.969999313354492,33.91999816894531,2015-04-24,19.59000015258789,2015-08-24,false,false,251
2016-04-19,27.899999618530273,33.91999816894531,2015-04-24,19.59000015258789,2015-08-24,false,false,251
2016-04-20,29.020000457763672,33.91999816894531,2015-04-24,19.59000015258789,2015-08-24,false,false,251
2016-04-21,27.690000534057617,33.91999816894531,2015-04-24,19.59000015258789,2015-08-24,false,false,251
2016-04-22,27.75,33.91999816894531,2015-04-24,19.59000015258789,2015-08-24,false,false,251
2016-04-25,28.190000534057617,33.91999816894531,2015-04-24,19.59000015258789,2015-08-24,false,false,251
2016-04-26,28.299999237060547,33.88999938964844,2015-04-28,19.59000015258789,2015-08-24,false,false,251
2016-04-27,28.329999923706055,33.88999938964844,2015-04-28,19.59000015258789,2015-08-24,false,false,251
2016-04-28,28.15999984741211,31.989999771118164,2015-04-30,19.59000015258789,2015-08-24,false,false,251
2016-04-29,28.06999969482422,31.989999771118164,2015-04-30,19.59000015258789,2015-08-24,false,false,251
2016-05-02,28.239999771118164,31.25,2015-05-04,19.59000015258789,2015-08-24,false,false,251
2016-05-03,27.270000457763672,31.25,2015-05-04,19.59000015258789,2015-08-24,false,false,251
2016-05-04,27.3799991607666,31.059999465942383,2015-05-06,19.59000015258789,2015-08-24,false,false,251
2016-05-05,25.479999542236328,31.059999465942383,2015-05-06,19.59000015258789,2015-08-24,false,false,251
2016-05-06,26.209999084472656,30.459999084472656,2015-06-01,19.59000015258789,2015-08-24,false,false,251
2016-05-09,26.649999618530273,30.459999084472656,2015-06-01,19.59000015258789,2015-08-24,false,false,251
2016-05-10,26,30.459999084472656,2015-06-01,19.59000015258789,2015-08-24,false,false,251
2016-05-11,25.8700008392334,30.459999084472656,2015-06-01,19.59000015258789,2015-08-24,false,false,251
2016-05-12,26.06999969482422,30.459999084472656,2015-06-01,19.59000015258789,2015-08-24,false,false,251
2016-05-13,25.270000457763672,30.459999084472656,2015-06-01,19.59000015258789,2015-08-24,false,false,251
2016-05-16,24.889999389648438,30.459999084472656,2015-06-01,19.59000015258789,2015-08-24,false,false,251
2016-05-17,24.450000762939453,30.459999084472656,2015-06-01,19.59000015258789,2015-08-24,false,false,251
2016-05-18,24.020000457763672,30.459999084472656,2015-06-01,19.59000015258789,2015-08-24,false,false,251
2016-05-19,24.530000686645508,30.459999084472656,2015-06-01,19.59000015258789,2015-08-24,false,false,251
2016-05-20,24.770000457763672,30.459999084472656,2015-06-01,19.59000015258789,2015-08-24,false,false,251
2016-05-23,24.479999542236328,30.459999084472656,2015-06-01,19.59000015258789,2015-08-24,false,false,251
2016-05-24,24.31999969482422,30.459999084472656,2015-06-01,19.59000015258789,2015-08-24,false,false,252
2016-05-25,24.920000076293945,30.459999084472656,2015-06-01,19.59000015258789,2015-08-24,false,false,252
2016-05-26,25.15999984741211,30.459999084472656,2015-06-01,19.59000015258789,2015-08-24,false,false,252
2016-05-27,24.850000381469727,30.459999084472656,2015-06-01,19.59000015258789,2015-08-24,false,false,252
2016-05-31,24.760000228881836,30.459999084472656,2015-06-01,19.59000015258789,2015-08-24,false,false,251
2016-06-01,25.3799991607666,29.75,2016-03-18,19.59000015258789,2015-08-24,false,false,251
2016-06-02,24.899999618530273,29.75,2016-03-18,19.59000015258789,2015-08-24,false,false,251
2016-06-03,24.440000534057617,29.75,2016-03-18,19.59000015258789,2015-08-24,false,false,251
2016-06-06,24.1200008392334,29.75,2016-03-18,19.59000015258789,2015-08-24,false,false,251
2016-06-07,24.1200008392334,29.75,2016-03-18,19.59000015258789,2015-08-24,false,false,251
2016-06-08,23.989999771118164,29.75,2016-03-18,19.59000015258789,2015-08-24,false,false,251
2016-06-09,23.920000076293945,29.75,2016-03-18,19.59000015258789,2015-08-24,false,false,251
2016-06-10,23.43000030517578,29.75,2016-03-18,19.59000015258789,2015-08-24,false,false,251
2016-06-13,22.979999542236328,29.75,2016-03-18,19.59000015258789,2015-08-24,false,false,251
2016-06-14,22.639999389648438,29.75,2016-03-18,19.59000015258789,2015-08-24,false,false,251
2016-06-15,22.639999389648438,29.75,2016-03-18,19.59000015258789,2015-08-24,false,false,251
2016-06-16,22.6200008392334,29.75,2016-03-18,19.59000015258789,2015-08-24,false,false,251
2016-06-17,22.600000381469727,29.75,2016-03-18,19.59000015258789,2015-08-24,false,false,251
2016-06-20,22.600000381469727,29.75,2016-03-18,19.59000015258789,2015-08-24,false,false,251
2016-06-21,22.139999389648438,29.75,2016-03-18,19.59000015258789,2015-08-24,false,false,251
2016-06-22,22.100000381469727,29.75,2016-03-18,19.59000015258789,2015-08-24,false,false,251
2016-06-23,22.15999984741211,29.75,2016-03-18,19.59000015258789,2015-08-24,false,false,251
2016-06-24,21.93000030517578,29.75,2016-03-18,19.59000015258789,2015-08-24,false,false,251
2016-06-27,21.6200008392334,29.75,2016-03-18,19.59000015258789,2015-08-24,false,false,251
2016-06-28,21.969999313354492,29.75,2016-03-18,19.59000015258789,2015-08-24,false,false,251
2016-06-29,22.489999771118164,29.75,2016-03-18,19.59000015258789,2015-08-24,false,false,251
2016-06-30,22.899999618530273,29.75,2016-03-18,19.59000015258789,2015-08-24,false,false,251
2016-07-01,22.729999542236328,29.75,2016-03-18,19.59000015258789,2015-08-24,false,false,251
2016-07-05,22.75,29.75,2016-03-18,19.59000015258789,2015-08-24,false,false,251
2016-07-06,23.1200008392334,29.75,2016-03-18,19.59000015258789,2015-08-24,false,false,251
2016-07-07,23.520000457763672,29.75,2016-03-18,19.59000015258789,2015-08-24,false,false,251
2016-07-08,23.950000762939453,29.75,2016-03-18,19.59000015258789,2015-08-24,false,false,251
2016-07-11,23.709999084472656,29.75,2016-03-18,19.59000015258789,2015-08-24,false,false,251
2016-07-12,23.440000534057617,29.75,2016-03-18,19.59000015258789,2015-08-24,false,false,251
2016-07-13,23.739999771118164,29.75,2016-03-18,19.59000015258789,2015-08-24,false,false,251
2016-07-14,23.709999084472656,29.75,2016-03-18,19.59000015258789,2015-08-24,false,false,251
2016-07-15,23.170000076293945,29.75,2016-03-18,19.59000015258789,2015-08-24,false,false,251
2016-07-18,23.1200008392334,29.75,2016-03-18,19.59000015258789,2015-08-24,false,false,251
2016-07-19,22.770000457763672,29.75,2016-03-18,19.59000015258789,2015-08-24,false,false,251
2016-07-20,22.81999969482422,29.75,2016-03-18,19.59000015258789,2015-08-24,false,false,251
2016-07-21,22.780000686645508,29.75,2016-03-18,19.59000015258789,2015-08-24,false,false,251
2016-07-22,23.149999618530273,29.75,2016-03-18,19.59000015258789,2015-08-24,false,false,251
2016-07-25,23.450000762939453,29.75,2016-03-18,19.59000015258789,2015-08-24,false,false,251
2016-07-26,24.170000076293945,29.75,2016-03-18,19.59000015258789,2015-08-24,false,false,251
2016-07-27,23.93000030517578,29.75,2016-03-18,19.59000015258789,2015-08-24,false,false,251
2016-07-28,23.280000686645508,29.75,2016-03-18,19.59000015258789,2015-08-24,false,false,251
2016-07-29,23.1299991607666,29.75,2016-03-18,19.59000015258789,2015-08-24,false,false,251
2016-08-01,23.239999771118164,29.75,2016-03-18,19.59000015258789,2015-08-24,false,false,251
2016-08-02,22.81999969482422,29.75,2016-03-18,19.59000015258789,2015-08-24,false,false,251
2016-08-03,23.25,29.75,2016-03-18,19.59000015258789,2015-08-24,false,false,251
2016-08-04,22.950000762939453,29.75,2016-03-18,19.59000015258789,2015-08-24,false,false,251
2016-08-05,23,29.75,2016-03-18,19.59000015258789,2015-08-24,false,false,251
2016-08-08,22.520000457763672,29.75,2016-03-18,19.59000015258789,2015-08-24,false,false,251
2016-08-09,22.43000030517578,29.75,2016-03-18,19.59000015258789,2015-08-24,false,false,251
2016-08-10,22.549999237060547,29.75,2016-03-18,19.59000015258789,2015-08-24,false,false,251
2016-08-11,22.530000686645508,29.75,2016-03-18,19.59000015258789,2015-08-24,false,false,251
2016-08-12,22.65999984741211,29.75,2016-03-18,19.59000015258789,2015-08-24,false,false,251
2016-08-15,23.049999237060547,29.75,2016-03-18,19.59000015258789,2015-08-24,false,false,251
2016-08-16,22.809999465942383,29.75,2016-03-18,19.59000015258789,2015-08-24,false,false,251
2016-08-17,22.3799991607666,29.75,2016-03-18,19.59000015258789,2015-08-24,false,false,251
2016-08-18,22.440000534057617,29.75,2016-03-18,19.59000015258789,2015-08-24,false,false,251
2016-08-19,22.479999542236328,29.75,2016-03-18,19.59000015258789,2015-08-24,false,false,251
2016-08-22,22.969999313354492,29.75,2016-03-18,19.59000015258789,2015-08-24,false,false,251
2016-08-23,23.170000076293945,29.75,2016-03-18,19.59000015258789,2015-08-24,false,false,251
2016-08-24,23.260000228881836,29.75,2016-03-18,19.809999465942383,2015-08-26,false,false,251
2016-08-25,23.219999313354492,29.75,2016-03-18,19.809999465942383,2015-08-26,false,false,251
2016-08-26,23,29.75,2016-03-18,19.8799991607666,2015-11-04,false,false,251
2016-08-29,22.950000762939453,29.75,2016-03-18,19.8799991607666,2015-11-04,false,false,251
2016-08-30,22.809999465942383,29.75,2016-03-18,19.8799991607666,2015-11-04,false,false,251
2016-08-31,22.530000686645508,29.75,2016-03-18,19.8799991607666,2015-11-04,false,false,251
2016-09-01,22.440000534057617,29.75,2016-03-18,19.8799991607666,2015-11-04,false,false,251
2016-09-02,22.709999084472656,29.75,2016-03-18,19.8799991607666,2015-11-04,false,false,251
2016-09-06,22.809999465942383,29.75,2016-03-18,19.8799991607666,2015-11-04,false,false,251
2016-09-07,19.68000030517578,29.75,2016-03-18,19.68000030517578,2016-09-07,false,true,251
2016-09-08,19.420000076293945,29.75,2016-03-18,19.420000076293945,2016-09-08,false,true,251
2016-09-09,19.600000381469727,29.75,2016-03-18,19.420000076293945,2016-09-08,false,false,251
2016-09-12,19.3700008392334,29.75,2016-03-18,19.3700008392334,2016-09-12,false,true,251
2016-09-13,19.219999313354492,29.75,2016-03-18,19.219999313354492,2016-09-13,false,true,251
2016-09-14,19.299999237060547,29.75,2016-03-18,19.219999313354492,2016-09-13,false,false,251
2016-09-15,20.020000457763672,29.75,2016-03-18,19.219999313354492,2016-09-13,false,false,251
2016-09-16,20.09000015258789,29.75,2016-03-18,19.219999313354492,2016-09-13,false,false,251
2016-09-19,20.5,29.75,2016-03-18,19.219999313354492,2016-09-13,false,false,251
2016-09-20,20.25,29.75,2016-03-18,19.219999313354492,2016-09-13,false,false,251
2016-09-21,20.389999389648438,29.75,2016-03-18,19.219999313354492,2016-09-13,false,false,251
2016-09-22,20.450000762939453,29.75,2016-03-18,19.219999313354492,2016-09-13,false,false,251
2016-09-23,20.59000015258789,29.75,2016-03-18,19.219999313354492,2016-09-13,false,false,251
2016-09-26,20.270000457763672,29.75,2016-03-18,19.219999313354492,2016-09-13,false,false,251
2016-09-27,20.149999618530273,29.75,2016-03-18,19.219999313354492,2016-09-13,false,false,251
2016-09-28,20.170000076293945,29.75,2016-03-18,19.219999313354492,2016-09-13,false,false,251
2016-09-29,19.989999771118164,29.75,2016-03-18,19.219999313354492,2016-09-13,false,false,251
2016-09-30,20.649999618530273,29.75,2016-03-18,19.219999313354492,2016-09-13,false,false,251
2016-10-03,20.780000686645508,29.75,2016-03-18,19.219999313354492,2016-09-13,false,false,251
2016-10-04,20.770000457763672,29.75,2016-03-18,19.219999313354492,2016-09-13,false,false,251
2016-10-05,20.579999923706055,29.75,2016-03-18,19.219999313354492,2016-09-13,false,false,251
2016-10-06,21.299999237060547,29.75,2016-03-18,19.219999313354492,2016-09-13,false,false,251
2016-10-07,21.139999389648438,29.75,2016-03-18,19.219999313354492,2016-09-13,false,false,251
2016-10-10,21.479999542236328,29.75,2016-03-18,19.219999313354492,2016-09-13,false,false,251
2016-10-11,21.65999984741211,29.75,2016-03-18,19.219999313354492,2016-09-13,false,false,251
2016-10-12,22.06999969482422,29.75,2016-03-18,19.219999313354492,2016-09-13,false,false,251
2016-10-13,21.75,29.75,2016-03-18,19.219999313354492,2016-09-13,false,false,251
2016-10-14,21.739999771118164,29.75,2016-03-18,19.219999313354492,2016-09-13,false,false,251
2016-10-17,21.559999465942383,29.75,2016-03-18,19.219999313354492,2016-09-13,false,false,251
2016-10-18,21.31999969482422,29.75,2016-03-18,19.219999313354492,2016-09-13,false,false,251
2016-10-19,21.31999969482422,29.75,2016-03-18,19.219999313354492,2016-09-13,false,false,251
2016-10-20,21.420000076293945,29.75,2016-03-18,19.219999313354492,2016-09-13,false,false,251
2016-10-21,21.209999084472656,29.75,2016-03-18,19.219999313354492,2016-09-13,false,false,251
2016-10-24,21.229999542236328,29.75,2016-03-18,19.219999313354492,2016-09-13,false,false,251
2016-10-25,21.549999237060547,29.75,2016-03-18,19.219999313354492,2016-09-13,false,false,251
2016-10-26,21.979999542236328,29.75,2016-03-18,19.219999313354492,2016-09-13,false,false,251
2016-10-27,22.100000381469727,29.75,2016-03-18,19.219999313354492,2016-09-13,false,false,251
2016-10-28,22.15999984741211,29.75,2016-03-18,19.219999313354492,2016-09-13,false,false,251
2016-10-31,22.149999618530273,29.75,2016-03-18,19.219999313354492,2016-09-13,false,false,251
2016-11-01,22.079999923706055,29.75,2016-03-18,19.219999313354492,2016-09-13,false,false,251
2016-11-02,22.56999969482422,29.75,2016-03-18,19.219999313354492,2016-09-13,false,false,251
2016-11-03,20.020000457763672,29.75,2016-03-18,19.219999313354492,2016-09-13,false,false,251
2016-11-04,20.479999542236328,29.75,2016-03-18,19.219999313354492,2016-09-13,false,false,251
2016-11-07,20.729999542236328,29.75,2016-03-18,19.219999313354492,2016-09-13,false,false,251
2016-11-08,20.440000534057617,29.75,2016-03-18,19.219999313354492,2016-09-13,false,false,251
2016-11-09,20.489999771118164,29.75,2016-03-18,19.219999313354492,2016-09-13,false,false,251
2016-11-10,21.149999618530273,29.75,2016-03-18,19.219999313354492,2016-09-13,false,false,251
2016-11-11,21.739999771118164,29.75,2016-03-18,19.219999313354492,2016-09-13,false,false,251
2016-11-14,22.290000915527344,29.75,2016-03-18,19.219999313354492,2016-09-13,false,false,251
2016-11-15,22.239999771118164,29.75,2016-03-18,19.219999313354492,2016-09-13,false,false,251
2016-11-16,21.790000915527344,29.75,2016-03-18,19.219999313354492,2016-09-13,false,false,251
2016-11-17,21.59000015258789,29.75,2016-03-18,19.219999313354492,2016-09-13,false,false,251
2016-11-18,21.559999465942383,29.75,2016-03-18,19.219999313354492,2016-09-13,false,false,251
2016-11-21,21.68000030517578,29.75,2016-03-18,19.219999313354492,2016-09-13,false,false,251
2016-11-22,21.639999389648438,29.75,2016-03-18,19.219999313354492,2016-09-13,false,false,251
2016-11-23,21.610000610351562,29.75,2016-03-18,19.219999313354492,2016-09-13,false,false,251
2016-11-25,21.520000457763672,29.75,2016-03-18,19.219999313354492,2016-09-13,false,false,251
2016-11-28,21.149999618530273,29.75,2016-03-18,19.219999313354492,2016-09-13,false,false,251
2016-11-29,20.479999542236328,29.75,2016-03-18,19.219999313354492,2016-09-13,false,false,251
2016-11-30,20.010000228881836,29.75,2016-03-18,19.219999313354492,2016-09-13,false,false,251
2016-12-01,20.34000015258789,29.75,2016-03-18,19.219999313354492,2016-09-13,false,false,251
2016-12-02,20.450000762939453,29.75,2016-03-18,19.219999313354492,2016-09-13,false,false,251
2016-12-05,20.6200008392334,29.75,2016-03-18,19.219999313354492,2016-09-13,false,false,251
2016-12-06,20.59000015258789,29.75,2016-03-18,19.219999313354492,2016-09-13,false,false,251
2016-12-07,20.56999969482422,29.75,2016-03-18,19.219999313354492,2016-09-13,false,false,251
2016-12-08,21.100000381469727,29.75,2016-03-18,19.219999313354492,2016-09-13,false,false,251
2016-12-09,21.010000228881836,29.75,2016-03-18,19.219999313354492,2016-09-13,false,false,251
2016-12-12,20.09000015258789,29.75,2016-03-18,19.219999313354492,2016-09-13,false,false,251
2016-12-13,20.200000762939453,29.75,2016-03-18,19.219999313354492,2016-09-13,false,false,251
2016-12-14,20.31999969482422,29.75,2016-03-18,19.219999313354492,2016-09-13,false,false,251
2016-12-15,20.600000381469727,29.75,2016-03-18,19.219999313354492,2016-09-13,false,false,251
2016-12-16,20.860000610351562,29.75,2016-03-18,19.219999313354492,2016-09-13,false,false,251
2016-12-19,20.770000457763672,29.75,2016-03-18,19.219999313354492,2016-09-13,false,false,251
2016-12-20,20.530000686645508,29.75,2016-03-18,19.219999313354492,2016-09-13,false,false,251
2016-12-21,20.610000610351562,29.75,2016-03-18,19.219999313354492,2016-09-13,false,false,251
2016-12-22,19.700000762939453,29.75,2016-03-18,19.219999313354492,2016-09-13,false,false,251
2016-12-23,19.549999237060547,29.75,2016-03-18,19.219999313354492,2016-09-13,false,false,251
2016-12-27,19.489999771118164,29.75,2016-03-18,19.219999313354492,2016-09-13,false,false,251
2016-12-28,19.479999542236328,29.75,2016-03-18,19.219999313354492,2016-09-13,false,false,251
2016-12-29,19.290000915527344,29.75,2016-03-18,19.219999313354492,2016-09-13,false,false,251
2016-12-30,18.920000076293945,29.75,2016-03-18,18.920000076293945,2016-12-30,false,true,251
2017-01-03,19.489999771118164,29.75,2016-03-18,18.920000076293945,2016-12-30,false,false,251
2017-01-04,19.489999771118164,29.75,2016-03-18,18.920000076293945,2016-12-30,false,false,251
2017-01-05,19.549999237060547,29.75,2016-03-18,18.920000076293945,2016-12-30,false,false,251
2017-01-06,19.510000228881836,29.75,2016-03-18,18.920000076293945,2016-12-30,false,false,251
2017-01-09,19.450000762939453,29.75,2016-03-18,18.920000076293945,2016-12-30,false,false,251
2017-01-10,19.469999313354492,29.75,2016-03-18,18.920000076293945,2016-12-30,false,false,251
2017-01-11,19.360000610351562,29.75,2016-03-18,18.920000076293945,2016-12-30,false,false,251
2017-01-12,19.360000610351562,29.75,2016-03-18,18.920000076293945,2016-12-30,false,false,251
2017-01-13,19.920000076293945,29.75,2016-03-18,18.920000076293945,2016-12-30,false,false,251
2017-01-17,20.219999313354492,29.75,2016-03-18,18.920000076293945,2016-12-30,false,false,251
2017-01-18,20.200000762939453,29.75,2016-03-18,18.920000076293945,2016-12-30,false,false,251
2017-01-19,19.719999313354492,29.75,2016-03-18,18.920000076293945,2016-12-30,false,false,251
2017-01-20,19.510000228881836,29.75,2016-03-18,18.920000076293945,2016-12-30,false,false,251
2017-01-23,18.8700008392334,29.75,2016-03-18,18.8700008392334,2017-01-23,false,true,251
2017-01-24,19.100000381469727,29.75,2016-03-18,18.8700008392334,2017-01-23,false,false,251
2017-01-25,19.299999237060547,29.75,2016-03-18,18.8700008392334,2017-01-23,false,false,251
2017-01-26,19.280000686645508,29.75,2016-03-18,18.8700008392334,2017-01-23,false,false,251
2017-01-27,18.719999313354492,29.75,2016-03-18,18.719999313354492,2017-01-27,false,true,251
2017-01-30,18.459999084472656,29.75,2016-03-18,18.459999084472656,2017-01-30,false,true,251
2017-01-31,18.670000076293945,29.75,2016-03-18,18.459999084472656,2017-01-30,false,false,251
2017-02-01,18.469999313354492,29.75,2016-03-18,18.459999084472656,2017-01-30,false,false,251
2017-02-02,18.860000610351562,29.75,2016-03-18,18.459999084472656,2017-01-30,false,false,251
2017-02-03,18.780000686645508,29.75,2016-03-18,18.459999084472656,2017-01-30,false,false,251
2017-02-06,18.530000686645508,29.75,2016-03-18,18.459999084472656,2017-01-30,false,false,251
2017-02-07,17.940000534057617,29.75,2016-03-18,17.940000534057617,2017-02-07,false,true,251
2017-02-08,18.110000610351562,29.75,2016-03-18,17.940000534057617,2017-02-07,false,false,251
2017-02-09,18.940000534057617,29.75,2016-03-18,17.940000534057617,2017-02-07,false,false,251
2017-02-10,19.520000457763672,29.75,2016-03-18,17.940000534057617,2017-02-07,false,false,251
2017-02-13,19.059999465942383,29.75,2016-03-18,17.940000534057617,2017-02-07,false,false,251
2017-02-14,18.889999389648438,29.75,2016-03-18,17.940000534057617,2017-02-07,false,false,252
2017-02-15,18.799999237060547,29.75,2016-03-18,17.940000534057617,2017-02-07,false,false,252
2017-02-16,18.65999984741211,29.75,2016-03-18,17.940000534057617,2017-02-07,false,false,252
2017-02-17,19.1200008392334,29.75,2016-03-18,17.940000534057617,2017-02-07,false,false,252
2017-02-21,19.31999969482422,29.75,2016-03-18,17.940000534057617,2017-02-07,false,false,251
2017-02-22,19,29.75,2016-03-18,17.940000534057617,2017-02-07,false,false,251
2017-02-23,19.1299991607666,29.75,2016-03-18,17.940000534057617,2017-02-07,false,false,251
2017-02-24,19.3700008392334,29.75,2016-03-18,17.940000534057617,2017-02-07,false,false,251
2017-02-27,19.030000686645508,29.75,2016-03-18,17.940000534057617,2017-02-07,false,false,251
2017-02-28,18.459999084472656,29.75,2016-03-18,17.940000534057617,2017-02-07,false,false,251
2017-03-01,18.459999084472656,29.75,2016-03-18,17.940000534057617,2017-02-07,false,false,251
2017-03-02,18.40999984741211,29.75,2016-03-18,17.940000534057617,2017-02-07,false,false,251
2017-03-03,18.110000610351562,29.75,2016-03-18,17.940000534057617,2017-02-07,false,false,251
2017-03-06,17.829999923706055,29.75,2016-03-18,17.829999923706055,2017-03-06,false,true,251
2017-03-07,17.6299991607666,29.75,2016-03-18,17.6299991607666,2017-03-07,false,true,251
2017-03-08,17.920000076293945,29.75,2016-03-18,17.6299991607666,2017-03-07,false,false,251
2017-03-09,17.780000686645508,29.75,2016-03-18,17.6299991607666,2017-03-07,false,false,251
2017-03-10,17.850000381469727,29.75,2016-03-18,17.6299991607666,2017-03-07,false,false,251
2017-03-13,17.940000534057617,29.75,2016-03-18,17.6299991607666,2017-03-07,false,false,251
2017-03-14,18.5,29.75,2016-03-18,17.6299991607666,2017-03-07,false,false,251
2017-03-15,18.809999465942383,29.75,2016-03-18,17.6299991607666,2017-03-07,false,false,251
2017-03-16,20.8799991607666,29.75,2016-03-18,17.6299991607666,2017-03-07,false,false,251
2017-03-17,22.020000457763672,29.75,2016-03-18,17.6299991607666,2017-03-07,false,false,251
2017-03-20,21.829999923706055,29.75,2016-03-18,17.6299991607666,2017-03-07,false,false,251
2017-03-21,22.459999084472656,29.510000228881836,2016-03-22,17.6299991607666,2017-03-07,false,false,251
2017-03-22,22.770000457763672,29.510000228881836,2016-03-22,17.6299991607666,2017-03-07,false,false,251
2017-03-23,22.770000457763672,29.229999542236328,2016-03-30,17.6299991607666,2017-03-07,false,false,251
2017-03-24,22.579999923706055,29.229999542236328,2016-03-30,17.6299991607666,2017-03-07,false,false,251
2017-03-27,22.540000915527344,29.229999542236328,2016-03-30,17.6299991607666,2017-03-07,false,false,252
2017-03-28,22.809999465942383,29.229999542236328,2016-03-30,17.6299991607666,2017-03-07,false,false,252
2017-03-29,23.520000457763672,29.229999542236328,2016-03-30,17.6299991607666,2017-03-07,false,false,252
2017-03-30,22.790000915527344,29.229999542236328,2016-03-30,17.6299991607666,2017-03-07,false,false,252
2017-03-31,23.1200008392334,29.110000610351562,2016-04-07,17.6299991607666,2017-03-07,false,false,252
2017-04-03,22.940000534057617,29.110000610351562,2016-04-07,17.6299991607666,2017-03-07,false,false,252
2017-04-04,23.059999465942383,29.110000610351562,2016-04-07,17.6299991607666,2017-03-07,false,false,252
2017-04-05,22.649999618530273,29.110000610351562,2016-04-07,17.6299991607666,2017-03-07,false,false,252
2017-04-06,22.979999542236328,29.110000610351562,2016-04-07,17.6299991607666,2017-03-07,false,false,252
2017-04-07,22.90999984741211,29.110000610351562,2016-04-07,17.6299991607666,2017-03-07,false,false,252
2017-04-10,23.15999984741211,29.020000457763672,2016-04-20,17.6299991607666,2017-03-07,false,false,252
2017-04-11,23.209999084472656,29.020000457763672,2016-04-20,17.6299991607666,2017-03-07,false,false,252
2017-04-12,22.899999618530273,29.020000457763672,2016-04-20,17.6299991607666,2017-03-07,false,false,252
2017-04-13,22.690000534057617,29.020000457763672,2016-04-20,17.6299991607666,2017-03-07,false,false,252
2017-04-17,22.940000534057617,29.020000457763672,2016-04-20,17.6299991607666,2017-03-07,false,false,251
2017-04-18,22.700000762939453,29.020000457763672,2016-04-20,17.6299991607666,2017-03-07,false,false,251
2017-04-19,22.90999984741211,29.020000457763672,2016-04-20,17.6299991607666,2017-03-07,false,false,251
2017-04-20,22.799999237060547,29.020000457763672,2016-04-20,17.6299991607666,2017-03-07,false,false,251
2017-04-21,22.739999771118164,28.329999923706055,2016-04-27,17.6299991607666,2017-03-07,false,false,251
2017-04-24,21.979999542236328,28.329999923706055,2016-04-27,17.6299991607666,2017-03-07,false,false,251
2017-04-25,22.65999984741211,28.329999923706055,2016-04-27,17.6299991607666,2017-03-07,false,false,251
2017-04-26,22.600000381469727,28.329999923706055,2016-04-27,17.6299991607666,2017-03-07,false,false,251
2017-04-27,22.709999084472656,28.329999923706055,2016-04-27,17.6299991607666,2017-03-07,false,false,251
2017-04-28,22.309999465942383,28.239999771118164,2016-05-02,17.6299991607666,2017-03-07,false,false,251
2017-05-01,22.209999084472656,28.239999771118164,2016-05-02,17.6299991607666,2017-03-07,false,false,251
2017-05-02,22.25,28.239999771118164,2016-05-02,17.6299991607666,2017-03-07,false,false,251
2017-05-03,22.75,27.3799991607666,2016-05-04,17.6299991607666,2017-03-07,false,false,251
2017-05-04,22.739999771118164,27.3799991607666,2016-05-04,17.6299991607666,2017-03-07,false,false,251
2017-05-05,23.559999465942383,26.649999618530273,2016-05-09,17.6299991607666,2017-03-07,false,false,251
2017-05-08,23.40999984741211,26.649999618530273,2016-05-09,17.6299991607666,2017-03-07,false,false,251
2017-05-09,23.31999969482422,26.649999618530273,2016-05-09,17.6299991607666,2017-03-07,false,false,251
2017-05-10,23.6299991607666,26.06999969482422,2016-05-12,17.6299991607666,2017-03-07,false,false,251
2017-05-11,24.1299991607666,26.06999969482422,2016-05-12,17.6299991607666,2017-03-07,false,false,251
2017-05-12,23.889999389648438,26.06999969482422,2016-05-12,17.6299991607666,2017-03-07,false,false,251
2017-05-15,23.969999313354492,25.3799991607666,2016-06-01,17.6299991607666,2017-03-07,false,false,251
2017-05-16,23.809999465942383,25.3799991607666,2016-06-01,17.6299991607666,2017-03-07,false,false,251
2017-05-17,23.700000762939453,25.3799991607666,2016-06-01,17.6299991607666,2017-03-07,false,false,251
2017-05-18,23.899999618530273,25.3799991607666,2016-06-01,17.6299991607666,2017-03-07,false,false,251
2017-05-19,24.06999969482422,25.3799991607666,2016-06-01,17.6299991607666,2017-03-07,false,false,251
2017-05-22,24.040000915527344,25.3799991607666,2016-06-01,17.6299991607666,2017-03-07,false,false,251
2017-05-23,23.450000762939453,25.3799991607666,2016-06-01,17.6299991607666,2017-03-07,false,false,251
2017-05-24,23.520000457763672,25.3799991607666,2016-06-01,17.6299991607666,2017-03-07,false,false,251
2017-05-25,23.770000457763672,25.3799991607666,2016-06-01,17.6299991607666,2017-03-07,false,false,251
2017-05-26,23.959999084472656,25.3799991607666,2016-06-01,17.6299991607666,2017-03-07,false,false,251
2017-05-30,23.850000381469727,25.3799991607666,2016-06-01,17.6299991607666,2017-03-07,false,false,251
2017-05-31,23.959999084472656,25.3799991607666,2016-06-01,17.6299991607666,2017-03-07,false,false,251
2017-06-01,24.420000076293945,25.3799991607666,2016-06-01,17.6299991607666,2017-03-07,false,false,251
2017-06-02,24.489999771118164,24.489999771118164,2017-06-02,17.6299991607666,2017-03-07,true,false,251
2017-06-05,24.459999084472656,24.489999771118164,2017-06-02,17.6299991607666,2017-03-07,false,false,251
2017-06-06,24.010000228881836,24.489999771118164,2017-06-02,17.6299991607666,2017-03-07,false,false,251
2017-06-07,24.040000915527344,24.489999771118164,2017-06-02,17.6299991607666,2017-03-07,false,false,251
2017-06-08,24.110000610351562,24.489999771118164,2017-06-02,17.6299991607666,2017-03-07,false,false,251
2017-06-09,24.790000915527344,24.790000915527344,2017-06-09,17.6299991607666,2017-03-07,true,false,251
2017-06-12,24.920000076293945,24.920000076293945,2017-06-12,17.6299991607666,2017-03-07,true,false,251
2017-06-13,24.81999969482422,24.920000076293945,2017-06-12,17.6299991607666,2017-03-07,false,false,251
2017-06-14,24.739999771118164,24.920000076293945,2017-06-12,17.6299991607666,2017-03-07,false,false,251
2017-06-15,22.420000076293945,24.920000076293945,2017-06-12,17.6299991607666,2017-03-07,false,false,251
2017-06-16,21.010000228881836,24.920000076293945,2017-06-12,17.6299991607666,2017-03-07,false,false,251
2017-06-19,21.739999771118164,24.920000076293945,2017-06-12,17.6299991607666,2017-03-07,false,false,251
2017-06-20,21.479999542236328,24.920000076293945,2017-06-12,17.6299991607666,2017-03-07,false,false,251
2017-06-21,21.3799991607666,24.920000076293945,2017-06-12,17.6299991607666,2017-03-07,false,false,251
2017-06-22,21.549999237060547,24.920000076293945,2017-06-12,17.6299991607666,2017-03-07,false,false,251
2017-06-23,22.010000228881836,24.920000076293945,2017-06-12,17.6299991607666,2017-03-07,false,false,251
2017-06-26,22.170000076293945,24.920000076293945,2017-06-12,17.6299991607666,2017-03-07,false,false,251
2017-06-27,21.790000915527344,24.920000076293945,2017-06-12,17.6299991607666,2017-03-07,false,false,251
2017-06-28,22.600000381469727,24.920000076293945,2017-06-12,17.6299991607666,2017-03-07,false,false,251
2017-06-29,22.639999389648438,24.920000076293945,2017-06-12,17.6299991607666,2017-03-07,false,false,251
2017-06-30,22.670000076293945,24.920000076293945,2017-06-12,17.6299991607666,2017-03-07,false,false,251
2017-07-03,22.489999771118164,24.920000076293945,2017-06-12,17.6299991607666,2017-03-07,false,false,251
2017-07-05,22.3799991607666,24.920000076293945,2017-06-12,17.6299991607666,2017-03-07,false,false,251
2017-07-06,22.540000915527344,24.920000076293945,2017-06-12,17.6299991607666,2017-03-07,false,false,251
2017-07-07,23.559999465942383,24.920000076293945,2017-06-12,17.6299991607666,2017-03-07,false,false,251
2017-07-10,23.399999618530273,24.920000076293945,2017-06-12,17.6299991607666,2017-03-07,false,false,251
2017-07-11,23.56999969482422,24.920000076293945,2017-06-12,17.6299991607666,2017-03-07,false,false,251
2017-07-12,23.40999984741211,24.920000076293945,2017-06-12,17.6299991607666,2017-03-07,false,false,251
2017-07-13,23.829999923706055,24.920000076293945,2017-06-12,17.6299991607666,2017-03-07,false,false,251
2017-07-14,24.010000228881836,24.920000076293945,2017-06-12,17.6299991607666,2017-03-07,false,false,251
2017-07-17,24.049999237060547,24.920000076293945,2017-06-12,17.6299991607666,2017-03-07,false,false,251
2017-07-18,24.1299991607666,24.920000076293945,2017-06-12,17.6299991607666,2017-03-07,false,false,251
2017-07-19,24.030000686645508,24.920000076293945,2017-06-12,17.6299991607666,2017-03-07,false,false,251
2017-07-20,24.15999984741211,24.920000076293945,2017-06-12,17.6299991607666,2017-03-07,false,false,251
2017-07-21,24.360000610351562,24.920000076293945,2017-06-12,17.6299991607666,2017-03-07,false,false,251
2017-07-24,24.290000915527344,24.920000076293945,2017-06-12,17.6299991607666,2017-03-07,false,false,251
2017-07-25,24.559999465942383,24.920000076293945,2017-06-12,17.6299991607666,2017-03-07,false,false,251
2017-07-26,24.5,24.920000076293945,2017-06-12,17.6299991607666,2017-03-07,false,false,251
2017-07-27,24.260000228881836,24.920000076293945,2017-06-12,17.6299991607666,2017-03-07,false,false,251
2017-07-28,23.93000030517578,24.920000076293945,2017-06-12,17.6299991607666,2017-03-07,false,false,251
2017-07-31,24.06999969482422,24.920000076293945,2017-06-12,17.6299991607666,2017-03-07,false,false,251
2017-08-01,24.010000228881836,24.920000076293945,2017-06-12,17.6299991607666,2017-03-07,false,false,251
2017-08-02,23.979999542236328,24.920000076293945,2017-06-12,17.6299991607666,2017-03-07,false,false,251
2017-08-03,23.56999969482422,24.920000076293945,2017-06-12,17.6299991607666,2017-03-07,false,false,251
2017-08-04,23.809999465942383,24.920000076293945,2017-06-12,17.6299991607666,2017-03-07,false,false,251
2017-08-07,24.520000457763672,24.920000076293945,2017-06-12,17.6299991607666,2017-03-07,false,false,251
2017-08-08,24.34000015258789,24.920000076293945,2017-06-12,17.6299991607666,2017-03-07,false,false,251
2017-08-09,23.889999389648438,24.920000076293945,2017-06-12,17.6299991607666,2017-03-07,false,false,251
2017-08-10,23.81999969482422,24.920000076293945,2017-06-12,17.6299991607666,2017-03-07,false,false,251
2017-08-11,24.139999389648438,24.920000076293945,2017-06-12,17.6299991607666,2017-03-07,false,false,251
2017-08-14,24.239999771118164,24.920000076293945,2017-06-12,17.6299991607666,2017-03-07,false,false,251
2017-08-15,24.139999389648438,24.920000076293945,2017-06-12,17.6299991607666,2017-03-07,false,false,251
2017-08-16,24.18000030517578,24.920000076293945,2017-06-12,17.6299991607666,2017-03-07,false,false,251
2017-08-17,24.110000610351562,24.920000076293945,2017-06-12,17.6299991607666,2017-03-07,false,false,251
2017-08-18,24.440000534057617,24.920000076293945,2017-06-12,17.6299991607666,2017-03-07,false,false,251
2017-08-21,23.8700008392334,24.920000076293945,2017-06-12,17.6299991607666,2017-03-07,false,false,251
2017-08-22,23.950000762939453,24.920000076293945,2017-06-12,17.6299991607666,2017-03-07,false,false,251
2017-08-23,23.75,24.920000076293945,2017-06-12,17.6299991607666,2017-03-07,false,false,251
2017-08-24,22.100000381469727,24.920000076293945,2017-06-12,17.6299991607666,2017-03-07,false,false,251
2017-08-25,21.84000015258789,24.920000076293945,2017-06-12,17.6299991607666,2017-03-07,false,false,251
2017-08-28,19.719999313354492,24.920000076293945,2017-06-12,17.6299991607666,2017-03-07,false,false,251
2017-08-29,19.770000457763672,24.920000076293945,2017-06-12,17.6299991607666,2017-03-07,false,false,251
2017-08-30,20.329999923706055,24.920000076293945,2017-06-12,17.6299991607666,2017-03-07,false,false,251
2017-08-31,19.940000534057617,24.920000076293945,2017-06-12,17.6299991607666,2017-03-07,false,false,251
2017-09-01,19.889999389648438,24.920000076293945,2017-06-12,17.6299991607666,2017-03-07,false,false,251
2017-09-05,19.700000762939453,24.920000076293945,2017-06-12,17.6299991607666,2017-03-07,false,false,251
2017-09-06,20.530000686645508,24.920000076293945,2017-06-12,17.6299991607666,2017-03-07,false,false,251
2017-09-07,20.479999542236328,24.920000076293945,2017-06-12,17.6299991607666,2017-03-07,false,false,251
2017-09-08,20.469999313354492,24.920000076293945,2017-06-12,17.6299991607666,2017-03-07,false,false,251
2017-09-11,19.420000076293945,24.920000076293945,2017-06-12,17.6299991607666,2017-03-07,false,false,251
2017-09-12,19.559999465942383,24.920000076293945,2017-06-12,17.6299991607666,2017-03-07,false,false,251
2017-09-13,19.799999237060547,24.920000076293945,2017-06-12,17.6299991607666,2017-03-07,false,false,251
2017-09-14,18.93000030517578,24.920000076293945,2017-06-12,17.6299991607666,2017-03-07,false,false,251
2017-09-15,19,24.920000076293945,2017-06-12,17.6299991607666,2017-03-07,false,false,251
2017-09-18,18.770000457763672,24.920000076293945,2017-06-12,17.6299991607666,2017-03-07,false,false,251
2017-09-19,19.010000228881836,24.920000076293945,2017-06-12,17.6299991607666,2017-03-07,false,false,251
2017-09-20,18.899999618530273,24.920000076293945,2017-06-12,17.6299991607666,2017-03-07,false,false,251
2017-09-21,18.829999923706055,24.920000076293945,2017-06-12,17.6299991607666,2017-03-07,false,false,251
2017-09-22,18.75,24.920000076293945,2017-06-12,17.6299991607666,2017-03-07,false,false,251
2017-09-25,18.709999084472656,24.920000076293945,2017-06-12,17.6299991607666,2017-03-07,false,false,251
2017-09-26,19.260000228881836,24.920000076293945,2017-06-12,17.6299991607666,2017-03-07,false,false,251
2017-09-27,18.700000762939453,24.920000076293945,2017-06-12,17.6299991607666,2017-03-07,false,false,251
2017-09-28,18.8700008392334,24.920000076293945,2017-06-12,17.6299991607666,2017-03-07,false,false,251
2017-09-29,18.770000457763672,24.920000076293945,2017-06-12,17.6299991607666,2017-03-07,false,false,251
2017-10-02,18.6299991607666,24.920000076293945,2017-06-12,17.6299991607666,2017-03-07,false,false,251
2017-10-03,18.530000686645508,24.920000076293945,2017-06-12,17.6299991607666,2017-03-07,false,false,251
2017-10-04,18.639999389648438,24.920000076293945,2017-06-12,17.6299991607666,2017-03-07,false,false,251
2017-10-05,18.530000686645508,24.920000076293945,2017-06-12,17.6299991607666,2017-03-07,false,false,251
2017-10-06,18.81999969482422,24.920000076293945,2017-06-12,17.6299991607666,2017-03-07,false,false,251
2017-10-09,18.1200008392334,24.920000076293945,2017-06-12,17.6299991607666,2017-03-07,false,false,251
2017-10-10,18.489999771118164,24.920000076293945,2017-06-12,17.6299991607666,2017-03-07,false,false,251
2017-10-11,18.270000457763672,24.920000076293945,2017-06-12,17.6299991607666,2017-03-07,false,false,251
2017-10-12,18.6299991607666,24.920000076293945,2017-06-12,17.6299991607666,2017-03-07,false,false,251
2017-10-13,19.260000228881836,24.920000076293945,2017-06-12,17.6299991607666,2017-03-07,false,false,251
2017-10-16,18.75,24.920000076293945,2017-06-12,17.6299991607666,2017-03-07,false,false,251
2017-10-17,18.65999984741211,24.920000076293945,2017-06-12,17.6299991607666,2017-03-07,false,false,251
2017-10-18,18.979999542236328,24.920000076293945,2017-06-12,17.6299991607666,2017-03-07,false,false,251
2017-10-19,19.010000228881836,24.920000076293945,2017-06-12,17.6299991607666,2017-03-07,false,false,251
2017-10-20,19,24.920000076293945,2017-06-12,17.6299991607666,2017-03-07,false,false,251
2017-10-23,18.809999465942383,24.920000076293945,2017-06-12,17.6299991607666,2017-03-07,false,false,251
2017-10-24,18.860000610351562,24.920000076293945,2017-06-12,17.6299991607666,2017-03-07,false,false,251
2017-10-25,18.799999237060547,24.920000076293945,2017-06-12,17.6299991607666,2017-03-07,false,false,251
2017-10-26,18.100000381469727,24.920000076293945,2017-06-12,17.6299991607666,2017-03-07,false,false,251
2017-10-27,17.93000030517578,24.920000076293945,2017-06-12,17.6299991607666,2017-03-07,false,false,251
2017-10-30,18.469999313354492,24.920000076293945,2017-06-12,17.6299991607666,2017-03-07,false,false,251
2017-10-31,18.489999771118164,24.920000076293945,2017-06-12,17.6299991607666,2017-03-07,false,false,251
2017-11-01,18.8700008392334,24.920000076293945,2017-06-12,17.6299991607666,2017-03-07,false,false,251
2017-11-02,20.479999542236328,24.920000076293945,2017-06-12,17.6299991607666,2017-03-07,false,false,251
2017-11-03,20.3700008392334,24.920000076293945,2017-06-12,17.6299991607666,2017-03-07,false,false,251
2017-11-06,20.770000457763672,24.920000076293945,2017-06-12,17.6299991607666,2017-03-07,false,false,251
2017-11-07,20.25,24.920000076293945,2017-06-12,17.6299991607666,2017-03-07,false,false,251
2017-11-08,20.3799991607666,24.920000076293945,2017-06-12,17.6299991607666,2017-03-07,false,false,251
2017-11-09,20.799999237060547,24.920000076293945,2017-06-12,17.6299991607666,2017-03-07,false,false,251
2017-11-10,20.799999237060547,24.920000076293945,2017-06-12,17.6299991607666,2017-03-07,false,false,251
2017-11-13,20.850000381469727,24.920000076293945,2017-06-12,17.6299991607666,2017-03-07,false,false,251
2017-11-14,20.59000015258789,24.920000076293945,2017-06-12,17.6299991607666,2017-03-07,false,false,251
2017-11-15,20.219999313354492,24.920000076293945,2017-06-12,17.6299991607666,2017-03-07,false,false,251
2017-11-16,20.3700008392334,24.920000076293945,2017-06-12,17.6299991607666,2017-03-07,false,false,251
2017-11-17,20.690000534057617,24.920000076293945,2017-06-12,17.6299991607666,2017-03-07,false,false,251
2017-11-20,21.309999465942383,24.920000076293945,2017-06-12,17.6299991607666,2017-03-07,false,false,251
2017-11-21,21.670000076293945,24.920000076293945,2017-06-12,17.6299991607666,2017-03-07,false,false,251
2017-11-22,22.049999237060547,24.920000076293945,2017-06-12,17.6299991607666,2017-03-07,false,false,251
2017-11-24,21.760000228881836,24.920000076293945,2017-06-12,17.6299991607666,2017-03-07,false,false,251
2017-11-27,22.09000015258789,24.920000076293945,2017-06-12,17.6299991607666,2017-03-07,false,false,251
2017-11-28,22.520000457763672,24.920000076293945,2017-06-12,17.6299991607666,2017-03-07,false,false,251
2017-11-29,23.06999969482422,24.920000076293945,2017-06-12,17.6299991607666,2017-03-07,false,false,251
2017-11-30,23.3799991607666,24.920000076293945,2017-06-12,17.6299991607666,2017-03-07,false,false,251
2017-12-01,23.65999984741211,24.920000076293945,2017-06-12,17.6299991607666,2017-03-07,false,false,251
2017-12-04,24.020000457763672,24.920000076293945,2017-06-12,17.6299991607666,2017-03-07,false,false,251
2017-12-05,23.719999313354492,24.920000076293945,2017-06-12,17.6299991607666,2017-03-07,false,false,251
2017-12-06,23.739999771118164,24.920000076293945,2017-06-12,17.6299991607666,2017-03-07,false,false,251
2017-12-07,23.790000915527344,24.920000076293945,2017-06-12,17.6299991607666,2017-03-07,false,false,251
2017-12-08,23.790000915527344,24.920000076293945,2017-06-12,17.6299991607666,2017-03-07,false,false,251
2017-12-11,23.799999237060547,24.920000076293945,2017-06-12,17.6299991607666,2017-03-07,false,false,251
2017-12-12,23.610000610351562,24.920000076293945,2017-06-12,17.6299991607666,2017-03-07,false,false,251
2017-12-13,23.68000030517578,24.920000076293945,2017-06-12,17.6299991607666,2017-03-07,false,false,251
2017-12-14,23.68000030517578,24.920000076293945,2017-06-12,17.6299991607666,2017-03-07,false,false,251
2017-12-15,24.1200008392334,24.920000076293945,2017-06-12,17.6299991607666,2017-03-07,false,false,251
2017-12-18,24.270000457763672,24.920000076293945,2017-06-12,17.6299991607666,2017-03-07,false,false,251
2017-12-19,24.1200008392334,24.920000076293945,2017-06-12,17.6299991607666,2017-03-07,false,false,251
2017-12-20,24.56999969482422,24.920000076293945,2017-06-12,17.6299991607666,2017-03-07,false,false,251
2017-12-21,24.780000686645508,24.920000076293945,2017-06-12,17.6299991607666,2017-03-07,false,false,251
2017-12-22,24.850000381469727,24.920000076293945,2017-06-12,17.6299991607666,2017-03-07,false,false,251
2017-12-26,24.729999542236328,24.920000076293945,2017-06-12,17.6299991607666,2017-03-07,false,false,251
2017-12-27,24.510000228881836,24.920000076293945,2017-06-12,17.6299991607666,2017-03-07,false,false,251
2017-12-28,24.450000762939453,24.920000076293945,2017-06-12,17.6299991607666,2017-03-07,false,false,251
2017-12-29,24.350000381469727,24.920000076293945,2017-06-12,17.6299991607666,2017-03-07,false,false,251
2018-01-02,24.90999984741211,24.920000076293945,2017-06-12,17.6299991607666,2017-03-07,false,false,251
2018-01-03,24.579999923706055,24.920000076293945,2017-06-12,17.6299991607666,2017-03-07,false,false,251
2018-01-04,24.229999542236328,24.920000076293945,2017-06-12,17.6299991607666,2017-03-07,false,false,251
2018-01-05,24.290000915527344,24.920000076293945,2017-06-12,17.6299991607666,2017-03-07,false,false,251
2018-01-08,24.770000457763672,24.920000076293945,2017-06-12,17.6299991607666,2017-03-07,false,false,251
2018-01-09,24.389999389648438,24.920000076293945,2017-06-12,17.6299991607666,2017-03-07,false,false,251
2018-01-10,24.40999984741211,24.920000076293945,2017-06-12,17.6299991607666,2017-03-07,false,false,251
2018-01-11,24.860000610351562,24.920000076293945,2017-06-12,17.6299991607666,2017-03-07,false,false,251
2018-01-12,25.469999313354492,25.469999313354492,2018-01-12,17.6299991607666,2017-03-07,true,false,251
2018-01-16,25.75,25.75,2018-01-16,17.6299991607666,2017-03-07,true,false,251
2018-01-17,25.959999084472656,25.959999084472656,2018-01-17,17.6299991607666,2017-03-07,true,false,251
2018-01-18,25.950000762939453,25.959999084472656,2018-01-17,17.6299991607666,2017-03-07,false,false,251
2018-01-19,26.649999618530273,26.649999618530273,2018-01-19,17.6299991607666,2017-03-07,true,false,251
2018-01-22,27.059999465942383,27.059999465942383,2018-01-22,17.6299991607666,2017-03-07,true,false,251
2018-01-23,27.639999389648438,27.639999389648438,2018-01-23,17.6299991607666,2017-03-07,true,false,251
2018-01-24,27.670000076293945,27.670000076293945,2018-01-24,17.6299991607666,2017-03-07,true,false,251
2018-01-25,27.889999389648438,27.889999389648438,2018-01-25,17.6299991607666,2017-03-07,true,false,251
2018-01-26,28.020000457763672,28.020000457763672,2018-01-26,17.6299991607666,2017-03-07,true,false,251
2018-01-29,27.979999542236328,28.020000457763672,2018-01-26,17.6299991607666,2017-03-07,false,false,251
2018-01-30,27.940000534057617,28.020000457763672,2018-01-26,17.6299991607666,2017-03-07,false,false,251
2018-01-31,27.93000030517578,28.020000457763672,2018-01-26,17.6299991607666,2017-03-07,false,false,251
2018-02-01,27.68000030517578,28.020000457763672,2018-01-26,17.6299991607666,2017-03-07,false,false,251
2018-02-02,26.969999313354492,28.020000457763672,2018-01-26,17.6299991607666,2017-03-07,false,false,251
2018-02-05,25.93000030517578,28.020000457763672,2018-01-26,17.6299991607666,2017-03-07,false,false,251
2018-02-06,26.709999084472656,28.020000457763672,2018-01-26,17.6299991607666,2017-03-07,false,false,251
2018-02-07,26.6200008392334,28.020000457763672,2018-01-26,17.6299991607666,2017-03-07,false,false,251
2018-02-08,26.049999237060547,28.020000457763672,2018-01-26,17.6299991607666,2017-03-07,false,false,251
2018-02-09,26.350000381469727,28.020000457763672,2018-01-26,17.6299991607666,2017-03-07,false,false,251
2018-02-12,26.200000762939453,28.020000457763672,2018-01-26,17.6299991607666,2017-03-07,false,false,251
2018-02-13,26.65999984741211,28.020000457763672,2018-01-26,17.6299991607666,2017-03-07,false,false,251
2018-02-14,26.940000534057617,28.020000457763672,2018-01-26,17.6299991607666,2017-03-07,false,false,251
2018-02-15,26.950000762939453,28.020000457763672,2018-01-26,17.6299991607666,2017-03-07,false,false,251
2018-02-16,27.020000457763672,28.020000457763672,2018-01-26,17.6299991607666,2017-03-07,false,false,251
2018-02-20,26,28.020000457763672,2018-01-26,17.6299991607666,2017-03-07,false,false,251
2018-02-21,26.1200008392334,28.020000457763672,2018-01-26,17.6299991607666,2017-03-07,false,false,251
2018-02-22,25.510000228881836,28.020000457763672,2018-01-26,17.6299991607666,2017-03-07,false,false,251
2018-02-23,25.09000015258789,28.020000457763672,2018-01-26,17.6299991607666,2017-03-07,false,false,251
2018-02-26,25.989999771118164,28.020000457763672,2018-01-26,17.6299991607666,2017-03-07,false,false,251
2018-02-27,25.81999969482422,28.020000457763672,2018-01-26,17.6299991607666,2017-03-07,false,false,251
2018-02-28,25.760000228881836,28.020000457763672,2018-01-26,17.6299991607666,2017-03-07,false,false,251
2018-03-01,25.829999923706055,28.020000457763672,2018-01-26,17.6299991607666,2017-03-07,false,false,251
2018-03-02,25.639999389648438,28.020000457763672,2018-01-26,17.6299991607666,2017-03-07,false,false,251
2018-03-05,25.18000030517578,28.020000457763672,2018-01-26,17.6299991607666,2017-03-07,false,false,251
2018-03-06,25.899999618530273,28.020000457763672,2018-01-26,17.6299991607666,2017-03-07,false,false,251
2018-03-07,25.209999084472656,28.020000457763672,2018-01-26,17.6299991607666,2017-03-07,false,false,251
2018-03-08,24.110000610351562,28.020000457763672,2018-01-26,17.780000686645508,2017-03-09,false,false,251
2018-03-09,25.229999542236328,28.020000457763672,2018-01-26,17.780000686645508,2017-03-09,false,false,251
2018-03-12,25.139999389648438,28.020000457763672,2018-01-26,17.93000030517578,2017-10-27,false,false,251
2018-03-13,25.270000457763672,28.020000457763672,2018-01-26,17.93000030517578,2017-10-27,false,false,251
2018-03-14,24.34000015258789,28.020000457763672,2018-01-26,17.93000030517578,2017-10-27,false,false,251
2018-03-15,24.170000076293945,28.020000457763672,2018-01-26,17.93000030517578,2017-10-27,false,false,251
2018-03-16,24.479999542236328,28.020000457763672,2018-01-26,17.93000030517578,2017-10-27,false,false,251
2018-03-19,24.3799991607666,28.020000457763672,2018-01-26,17.93000030517578,2017-10-27,false,false,251
2018-03-20,24.510000228881836,28.020000457763672,2018-01-26,17.93000030517578,2017-10-27,false,false,251
2018-03-21,24.420000076293945,28.020000457763672,2018-01-26,17.93000030517578,2017-10-27,false,false,251
2018-03-22,23.860000610351562,28.020000457763672,2018-01-26,17.93000030517578,2017-10-27,false,false,251
2018-03-23,23.170000076293945,28.020000457763672,2018-01-26,17.93000030517578,2017-10-27,false,false,251
2018-03-26,23.360000610351562,28.020000457763672,2018-01-26,17.93000030517578,2017-10-27,false,false,251
2018-03-27,23.329999923706055,28.020000457763672,2018-01-26,17.93000030517578,2017-10-27,false,false,251
2018-03-28,23.43000030517578,28.020000457763672,2018-01-26,17.93000030517578,2017-10-27,false,false,251
2018-03-29,23.469999313354492,28.020000457763672,2018-01-26,17.93000030517578,2017-10-27,false,false,251
2018-04-02,22.799999237060547,28.020000457763672,2018-01-26,17.93000030517578,2017-10-27,false,false,250
2018-04-03,23.350000381469727,28.020000457763672,2018-01-26,17.93000030517578,2017-10-27,false,false,250
2018-04-04,23.780000686645508,28.020000457763672,2018-01-26,17.93000030517578,2017-10-27,false,false,250
2018-04-05,23.729999542236328,28.020000457763672,2018-01-26,17.93000030517578,2017-10-27,false,false,250
2018-04-06,23.809999465942383,28.020000457763672,2018-01-26,17.93000030517578,2017-10-27,false,false,250
2018-04-09,23.600000381469727,28.020000457763672,2018-01-26,17.93000030517578,2017-10-27,false,false,250
2018-04-10,23.889999389648438,28.020000457763672,2018-01-26,17.93000030517578,2017-10-27,false,false,250
2018-04-11,23.809999465942383,28.020000457763672,2018-01-26,17.93000030517578,2017-10-27,false,false,250
2018-04-12,24.15999984741211,28.020000457763672,2018-01-26,17.93000030517578,2017-10-27,false,false,250
2018-04-13,23.739999771118164,28.020000457763672,2018-01-26,17.93000030517578,2017-10-27,false,false,250
2018-04-16,24.59000015258789,28.020000457763672,2018-01-26,17.93000030517578,2017-10-27,false,false,251
2018-04-17,24.799999237060547,28.020000457763672,2018-01-26,17.93000030517578,2017-10-27,false,false,251
2018-04-18,24.579999923706055,28.020000457763672,2018-01-26,17.93000030517578,2017-10-27,false,false,251
2018-04-19,24.440000534057617,28.020000457763672,2018-01-26,17.93000030517578,2017-10-27,false,false,251
2018-04-20,24.399999618530273,28.020000457763672,2018-01-26,17.93000030517578,2017-10-27,false,false,251
2018-04-23,24.139999389648438,28.020000457763672,2018-01-26,17.93000030517578,2017-10-27,false,false,251
2018-04-24,24.440000534057617,28.020000457763672,2018-01-26,17.93000030517578,2017-10-27,false,false,251
2018-04-25,24.549999237060547,28.020000457763672,2018-01-26,17.93000030517578,2017-10-27,false,false,251
2018-04-26,24.610000610351562,28.020000457763672,2018-01-26,17.93000030517578,2017-10-27,false,false,251
2018-04-27,24.770000457763672,28.020000457763672,2018-01-26,17.93000030517578,2017-10-27,false,false,251
2018-04-30,25.030000686645508,28.020000457763672,2018-01-26,17.93000030517578,2017-10-27,false,false,251
2018-05-01,24.270000457763672,28.020000457763672,2018-01-26,17.93000030517578,2017-10-27,false,false,251
2018-05-02,24.389999389648438,28.020000457763672,2018-01-26,17.93000030517578,2017-10-27,false,false,251
2018-05-03,21.149999618530273,28.020000457763672,2018-01-26,17.93000030517578,2017-10-27,false,false,251
2018-05-04,21.65999984741211,28.020000457763672,2018-01-26,17.93000030517578,2017-10-27,false,false,251
2018-05-07,21.649999618530273,28.020000457763672,2018-01-26,17.93000030517578,2017-10-27,false,false,251
2018-05-08,21.68000030517578,28.020000457763672,2018-01-26,17.93000030517578,2017-10-27,false,false,251
2018-05-09,22.030000686645508,28.020000457763672,2018-01-26,17.93000030517578,2017-10-27,false,false,251
2018-05-10,21.950000762939453,28.020000457763672,2018-01-26,17.93000030517578,2017-10-27,false,false,251
2018-05-11,21.959999084472656,28.020000457763672,2018-01-26,17.93000030517578,2017-10-27,false,false,251
2018-05-14,22.139999389648438,28.020000457763672,2018-01-26,17.93000030517578,2017-10-27,false,false,251
2018-05-15,22.020000457763672,28.020000457763672,2018-01-26,17.93000030517578,2017-10-27,false,false,251
2018-05-16,22.350000381469727,28.020000457763672,2018-01-26,17.93000030517578,2017-10-27,false,false,251
2018-05-17,22.299999237060547,28.020000457763672,2018-01-26,17.93000030517578,2017-10-27,false,false,251
2018-05-18,21.790000915527344,28.020000457763672,2018-01-26,17.93000030517578,2017-10-27,false,false,251
2018-05-21,21.959999084472656,28.020000457763672,2018-01-26,17.93000030517578,2017-10-27,false,false,251
2018-05-22,21.899999618530273,28.020000457763672,2018-01-26,17.93000030517578,2017-10-27,false,false,251
2018-05-23,21.780000686645508,28.020000457763672,2018-01-26,17.93000030517578,2017-10-27,false,false,251
2018-05-24,21.829999923706055,28.020000457763672,2018-01-26,17.93000030517578,2017-10-27,false,false,251
2018-05-25,21.850000381469727,28.020000457763672,2018-01-26,17.93000030517578,2017-10-27,false,false,251
2018-05-29,21.56999969482422,28.020000457763672,2018-01-26,17.93000030517578,2017-10-27,false,false,251
2018-05-30,21.889999389648438,28.020000457763672,2018-01-26,17.93000030517578,2017-10-27,false,false,251
2018-05-31,21.700000762939453,28.020000457763672,2018-01-26,17.93000030517578,2017-10-27,false,false,251
2018-06-01,21.610000610351562,28.020000457763672,2018-01-26,17.93000030517578,2017-10-27,false,false,251
2018-06-04,21.760000228881836,28.020000457763672,2018-01-26,17.93000030517578,2017-10-27,false,false,251
2018-06-05,21.530000686645508,28.020000457763672,2018-01-26,17.93000030517578,2017-10-27,false,false,251
2018-06-06,21.399999618530273,28.020000457763672,2018-01-26,17.93000030517578,2017-10-27,false,false,251
2018-06-07,21.18000030517578,28.020000457763672,2018-01-26,17.93000030517578,2017-10-27,false,false,251
2018-06-08,21.350000381469727,28.020000457763672,2018-01-26,17.93000030517578,2017-10-27,false,false,251
2018-06-11,21.5,28.020000457763672,2018-01-26,17.93000030517578,2017-10-27,false,false,251
2018-06-12,21.3700008392334,28.020000457763672,2018-01-26,17.93000030517578,2017-10-27,false,false,251
2018-06-13,21.389999389648438,28.020000457763672,2018-01-26,17.93000030517578,2017-10-27,false,false,251
2018-06-14,21.40999984741211,28.020000457763672,2018-01-26,17.93000030517578,2017-10-27,false,false,251
2018-06-15,20.989999771118164,28.020000457763672,2018-01-26,17.93000030517578,2017-10-27,false,false,251
2018-06-18,20.829999923706055,28.020000457763672,2018-01-26,17.93000030517578,2017-10-27,false,false,251
2018-06-19,21.040000915527344,28.020000457763672,2018-01-26,17.93000030517578,2017-10-27,false,false,251
2018-06-20,21.579999923706055,28.020000457763672,2018-01-26,17.93000030517578,2017-10-27,false,false,251
2018-06-21,22.540000915527344,28.020000457763672,2018-01-26,17.93000030517578,2017-10-27,false,false,251
2018-06-22,22.440000534057617,28.020000457763672,2018-01-26,17.93000030517578,2017-10-27,false,false,251
2018-06-25,22.020000457763672,28.020000457763672,2018-01-26,17.93000030517578,2017-10-27,false,false,251
2018-06-26,22.229999542236328,28.020000457763672,2018-01-26,17.93000030517578,2017-10-27,false,false,251
2018-06-27,22.260000228881836,28.020000457763672,2018-01-26,17.93000030517578,2017-10-27,false,false,251
2018-06-28,22.3799991607666,28.020000457763672,2018-01-26,17.93000030517578,2017-10-27,false,false,251
2018-06-29,22.06999969482422,28.020000457763672,2018-01-26,17.93000030517578,2017-10-27,false,false,251
2018-07-02,22.06999969482422,28.020000457763672,2018-01-26,17.93000030517578,2017-10-27,false,false,251
2018-07-03,22.040000915527344,28.020000457763672,2018-01-26,17.93000030517578,2017-10-27,false,false,251
2018-07-05,22.43000030517578,28.020000457763672,2018-01-26,17.93000030517578,2017-10-27,false,false,251
2018-07-06,22.8700008392334,28.020000457763672,2018-01-26,17.93000030517578,2017-10-27,false,false,251
2018-07-09,23.030000686645508,28.020000457763672,2018-01-26,17.93000030517578,2017-10-27,false,false,251
2018-07-10,22.459999084472656,28.020000457763672,2018-01-26,17.93000030517578,2017-10-27,false,false,251
2018-07-11,21.969999313354492,28.020000457763672,2018-01-26,17.93000030517578,2017-10-27,false,false,251
2018-07-12,22.030000686645508,28.020000457763672,2018-01-26,17.93000030517578,2017-10-27,false,false,251
2018-07-13,22.290000915527344,28.020000457763672,2018-01-26,17.93000030517578,2017-10-27,false,false,251
2018-07-16,22.469999313354492,28.020000457763672,2018-01-26,17.93000030517578,2017-10-27,false,false,251
2018-07-17,22.670000076293945,28.020000457763672,2018-01-26,17.93000030517578,2017-10-27,false,false,251
2018-07-18,22.200000762939453,28.020000457763672,2018-01-26,17.93000030517578,2017-10-27,false,false,251
2018-07-19,22.329999923706055,28.020000457763672,2018-01-26,17.93000030517578,2017-10-27,false,false,251
2018-07-20,22.149999618530273,28.020000457763672,2018-01-26,17.93000030517578,2017-10-27,false,false,251
2018-07-23,21.799999237060547,28.020000457763672,2018-01-26,17.93000030517578,2017-10-27,false,false,251
2018-07-24,21.399999618530273,28.020000457763672,2018-01-26,17.93000030517578,2017-10-27,false,false,251
2018-07-25,21.190000534057617,28.020000457763672,2018-01-26,17.93000030517578,2017-10-27,false,false,251
2018-07-26,21.219999313354492,28.020000457763672,2018-01-26,17.93000030517578,2017-10-27,false,false,251
2018-07-27,21.1299991607666,28.020000457763672,2018-01-26,17.93000030517578,2017-10-27,false,false,251
2018-07-30,21.209999084472656,28.020000457763672,2018-01-26,17.93000030517578,2017-10-27,false,false,251
2018-07-31,21.489999771118164,28.020000457763672,2018-01-26,17.93000030517578,2017-10-27,false,false,251
2018-08-01,21.200000762939453,28.020000457763672,2018-01-26,17.93000030517578,2017-10-27,false,false,251
2018-08-02,23.829999923706055,28.020000457763672,2018-01-26,17.93000030517578,2017-10-27,false,false,251
2018-08-03,23.350000381469727,28.020000457763672,2018-01-26,17.93000030517578,2017-10-27,false,false,251
2018-08-06,23.559999465942383,28.020000457763672,2018-01-26,17.93000030517578,2017-10-27,false,false,251
2018-08-07,23.459999084472656,28.020000457763672,2018-01-26,17.93000030517578,2017-10-27,false,false,251
2018-08-08,23.329999923706055,28.020000457763672,2018-01-26,17.93000030517578,2017-10-27,false,false,251
2018-08-09,23.079999923706055,28.020000457763672,2018-01-26,17.93000030517578,2017-10-27,false,false,251
2018-08-10,23.690000534057617,28.020000457763672,2018-01-26,17.93000030517578,2017-10-27,false,false,251
2018-08-13,23.479999542236328,28.020000457763672,2018-01-26,17.93000030517578,2017-10-27,false,false,251
2018-08-14,24.219999313354492,28.020000457763672,2018-01-26,17.93000030517578,2017-10-27,false,false,251
2018-08-15,23.899999618530273,28.020000457763672,2018-01-26,17.93000030517578,2017-10-27,false,false,251
2018-08-16,23.959999084472656,28.020000457763672,2018-01-26,17.93000030517578,2017-10-27,false,false,251
2018-08-17,24.239999771118164,28.020000457763672,2018-01-26,17.93000030517578,2017-10-27,false,false,251
2018-08-20,24.540000915527344,28.020000457763672,2018-01-26,17.93000030517578,2017-10-27,false,false,251
2018-08-21,24.260000228881836,28.020000457763672,2018-01-26,17.93000030517578,2017-10-27,false,false,251
2018-08-22,24.450000762939453,28.020000457763672,2018-01-26,17.93000030517578,2017-10-27,false,false,251
2018-08-23,24.75,28.020000457763672,2018-01-26,17.93000030517578,2017-10-27,false,false,251
2018-08-24,25,28.020000457763672,2018-01-26,17.93000030517578,2017-10-27,false,false,251
2018-08-27,25.1200008392334,28.020000457763672,2018-01-26,17.93000030517578,2017-10-27,false,false,251
2018-08-28,25.329999923706055,28.020000457763672,2018-01-26,17.93000030517578,2017-10-27,false,false,251
2018-08-29,25.190000534057617,28.020000457763672,2018-01-26,17.93000030517578,2017-10-27,false,false,251
2018-08-30,25.329999923706055,28.020000457763672,2018-01-26,17.93000030517578,2017-10-27,false,false,251
2018-08-31,26.469999313354492,28.020000457763672,2018-01-26,17.93000030517578,2017-10-27,false,false,251
2018-09-04,27.469999313354492,28.020000457763672,2018-01-26,17.93000030517578,2017-10-27,false,false,251
2018-09-05,27.31999969482422,28.020000457763672,2018-01-26,17.93000030517578,2017-10-27,false,false,251
2018-09-06,27.450000762939453,28.020000457763672,2018-01-26,17.93000030517578,2017-10-27,false,false,251
2018-09-07,28.520000457763672,28.520000457763672,2018-09-07,17.93000030517578,2017-10-27,true,false,251
2018-09-10,29.110000610351562,29.110000610351562,2018-09-10,17.93000030517578,2017-10-27,true,false,251
2018-09-11,28.459999084472656,29.110000610351562,2018-09-10,17.93000030517578,2017-10-27,false,false,251
2018-09-12,28.270000457763672,29.110000610351562,2018-09-10,17.93000030517578,2017-10-27,false,false,251
2018-09-13,27.829999923706055,29.110000610351562,2018-09-10,17.93000030517578,2017-10-27,false,false,251
2018-09-14,28.219999313354492,29.110000610351562,2018-09-10,17.93000030517578,2017-10-27,false,false,251
2018-09-17,28.15999984741211,29.110000610351562,2018-09-10,17.93000030517578,2017-10-27,false,false,251
2018-09-18,27.600000381469727,29.110000610351562,2018-09-10,17.93000030517578,2017-10-27,false,false,251
2018-09-19,27.239999771118164,29.110000610351562,2018-09-10,17.93000030517578,2017-10-27,false,false,251
2018-09-20,27.520000457763672,29.110000610351562,2018-09-10,17.93000030517578,2017-10-27,false,false,251
2018-09-21,27.540000915527344,29.110000610351562,2018-09-10,17.93000030517578,2017-10-27,false,false,251
2018-09-24,27.68000030517578,29.110000610351562,2018-09-10,17.93000030517578,2017-10-27,false,false,251
2018-09-25,27.56999969482422,29.110000610351562,2018-09-10,17.93000030517578,2017-10-27,false,false,251
2018-09-26,27.6200008392334,29.110000610351562,2018-09-10,17.93000030517578,2017-10-27,false,false,251
2018-09-27,27.309999465942383,29.110000610351562,2018-09-10,17.93000030517578,2017-10-27,false,false,251
2018-09-28,27.40999984741211,29.110000610351562,2018-09-10,17.93000030517578,2017-10-27,false,false,251
2018-10-01,27.239999771118164,29.110000610351562,2018-09-10,17.93000030517578,2017-10-27,false,false,251
2018-10-02,26.8700008392334,29.110000610351562,2018-09-10,17.93000030517578,2017-10-27,false,false,251
2018-10-03,26.989999771118164,29.110000610351562,2018-09-10,17.93000030517578,2017-10-27,false,false,251
2018-10-04,26.43000030517578,29.110000610351562,2018-09-10,17.93000030517578,2017-10-27,false,false,251
2018-10-05,26.889999389648438,29.110000610351562,2018-09-10,17.93000030517578,2017-10-27,false,false,251
2018-10-08,26.84000015258789,29.110000610351562,2018-09-10,17.93000030517578,2017-10-27,false,false,251
2018-10-09,26.729999542236328,29.110000610351562,2018-09-10,17.93000030517578,2017-10-27,false,false,251
2018-10-10,27.100000381469727,29.110000610351562,2018-09-10,17.93000030517578,2017-10-27,false,false,251
2018-10-11,26.520000457763672,29.110000610351562,2018-09-10,17.93000030517578,2017-10-27,false,false,251
2018-10-12,26.969999313354492,29.110000610351562,2018-09-10,17.93000030517578,2017-10-27,false,false,251
2018-10-15,27.329999923706055,29.110000610351562,2018-09-10,17.93000030517578,2017-10-27,false,false,251
2018-10-16,27.600000381469727,29.110000610351562,2018-09-10,17.93000030517578,2017-10-27,false,false,251
2018-10-17,27.3700008392334,29.110000610351562,2018-09-10,17.93000030517578,2017-10-27,false,false,251
2018-10-18,27.719999313354492,29.110000610351562,2018-09-10,17.93000030517578,2017-10-27,false,false,251
2018-10-19,27.459999084472656,29.110000610351562,2018-09-10,17.93000030517578,2017-10-27,false,false,251
2018-10-22,27.40999984741211,29.110000610351562,2018-09-10,17.93000030517578,2017-10-27,false,false,251
2018-10-23,27.649999618530273,29.110000610351562,2018-09-10,17.93000030517578,2017-10-27,false,false,251
2018-10-24,26.940000534057617,29.110000610351562,2018-09-10,17.93000030517578,2017-10-27,false,false,251
2018-10-25,26.989999771118164,29.110000610351562,2018-09-10,17.93000030517578,2017-10-27,false,false,251
2018-10-26,26.989999771118164,29.110000610351562,2018-09-10,17.93000030517578,2017-10-27,false,false,251
2018-10-29,27.350000381469727,29.110000610351562,2018-09-10,17.93000030517578,2017-10-27,false,false,251
2018-10-30,27.6200008392334,29.110000610351562,2018-09-10,18.489999771118164,2017-10-31,false,false,251
2018-10-31,26.889999389648438,29.110000610351562,2018-09-10,18.489999771118164,2017-10-31,false,false,251
2018-11-01,27.010000228881836,29.110000610351562,2018-09-10,20.219999313354492,2017-11-15,false,false,251
2018-11-02,26.5,29.110000610351562,2018-09-10,20.219999313354492,2017-11-15,false,false,251
2018-11-05,26.290000915527344,29.110000610351562,2018-09-10,20.219999313354492,2017-11-15,false,false,251
2018-11-06,26.209999084472656,29.110000610351562,2018-09-10,20.219999313354492,2017-11-15,false,false,251
2018-11-07,26.6200008392334,29.110000610351562,2018-09-10,20.219999313354492,2017-11-15,false,false,251
2018-11-08,27.15999984741211,29.110000610351562,2018-09-10,20.219999313354492,2017-11-15,false,false,251
2018-11-09,27.010000228881836,29.110000610351562,2018-09-10,20.219999313354492,2017-11-15,false,false,251
2018-11-12,27.450000762939453,29.110000610351562,2018-09-10,20.219999313354492,2017-11-15,false,false,251
2018-11-13,27.739999771118164,29.110000610351562,2018-09-10,20.219999313354492,2017-11-15,false,false,251
2018-11-14,28.559999465942383,29.110000610351562,2018-09-10,20.219999313354492,2017-11-15,false,false,251
2018-11-15,27.5,29.110000610351562,2018-09-10,20.219999313354492,2017-11-15,false,false,251
2018-11-16,27.670000076293945,29.110000610351562,2018-09-10,20.690000534057617,2017-11-17,false,false,251
2018-11-19,27.610000610351562,29.110000610351562,2018-09-10,20.690000534057617,2017-11-17,false,false,251
2018-11-20,27.93000030517578,29.110000610351562,2018-09-10,20.829999923706055,2018-06-18,false,false,251
2018-11-21,26.81999969482422,29.110000610351562,2018-09-10,20.829999923706055,2018-06-18,false,false,251
2018-11-23,27.420000076293945,29.110000610351562,2018-09-10,20.829999923706055,2018-06-18,false,false,251
2018-11-26,26.440000534057617,29.110000610351562,2018-09-10,20.829999923706055,2018-06-18,false,false,251
2018-11-27,26.700000762939453,29.110000610351562,2018-09-10,20.829999923706055,2018-06-18,false,false,251
2018-11-28,26.6299991607666,29.110000610351562,2018-09-10,20.829999923706055,2018-06-18,false,false,251
2018-11-29,27.030000686645508,29.110000610351562,2018-09-10,20.829999923706055,2018-06-18,false,false,251
2018-11-30,23.020000457763672,29.110000610351562,2018-09-10,20.829999923706055,2018-06-18,false,false,251
2018-12-03,25.1200008392334,29.110000610351562,2018-09-10,20.829999923706055,2018-06-18,false,false,251
2018-12-04,24.149999618530273,29.110000610351562,2018-09-10,20.829999923706055,2018-06-18,false,false,251
2018-12-06,25.09000015258789,29.110000610351562,2018-09-10,20.829999923706055,2018-06-18,false,false,250
2018-12-07,24.450000762939453,29.110000610351562,2018-09-10,20.829999923706055,2018-06-18,false,false,250
2018-12-10,23.989999771118164,29.110000610351562,2018-09-10,20.829999923706055,2018-06-18,false,false,250
2018-12-11,24.190000534057617,29.110000610351562,2018-09-10,20.829999923706055,2018-06-18,false,false,250
2018-12-12,23.889999389648438,29.110000610351562,2018-09-10,20.829999923706055,2018-06-18,false,false,250
2018-12-13,24.079999923706055,29.110000610351562,2018-09-10,20.829999923706055,2018-06-18,false,false,250
2018-12-14,23.959999084472656,29.110000610351562,2018-09-10,20.829999923706055,2018-06-18,false,false,250
2018-12-17,23.5,29.110000610351562,2018-09-10,20.829999923706055,2018-06-18,false,false,250
2018-12-18,23.520000457763672,29.110000610351562,2018-09-10,20.829999923706055,2018-06-18,false,false,250
2018-12-19,23.260000228881836,29.110000610351562,2018-09-10,20.829999923706055,2018-06-18,false,false,250
2018-12-20,22.8799991607666,29.110000610351562,2018-09-10,20.829999923706055,2018-06-18,false,false,250
2018-12-21,23.06999969482422,29.110000610351562,2018-09-10,20.829999923706055,2018-06-18,false,false,250
2018-12-24,22.649999618530273,29.110000610351562,2018-09-10,20.829999923706055,2018-06-18,false,false,250
2018-12-26,23.209999084472656,29.110000610351562,2018-09-10,20.829999923706055,2018-06-18,false,false,250
2018-12-27,22.989999771118164,29.110000610351562,2018-09-10,20.829999923706055,2018-06-18,false,false,250
2018-12-28,23.190000534057617,29.110000610351562,2018-09-10,20.829999923706055,2018-06-18,false,false,250
2018-12-31,23.510000228881836,29.110000610351562,2018-09-10,20.829999923706055,2018-06-18,false,false,250
2019-01-02,23.489999771118164,29.110000610351562,2018-09-10,20.829999923706055,2018-06-18,false,false,250
2019-01-03,23.760000228881836,29.110000610351562,2018-09-10,20.829999923706055,2018-06-18,false,false,250
2019-01-04,23.84000015258789,29.110000610351562,2018-09-10,20.829999923706055,2018-06-18,false,false,250
2019-01-07,24.049999237060547,29.110000610351562,2018-09-10,20.829999923706055,2018-06-18,false,false,250
2019-01-08,24.43000030517578,29.110000610351562,2018-09-10,20.829999923706055,2018-06-18,false,false,250
2019-01-09,24.299999237060547,29.110000610351562,2018-09-10,20.829999923706055,2018-06-18,false,false,250
2019-01-10,24.139999389648438,29.110000610351562,2018-09-10,20.829999923706055,2018-06-18,false,false,250
2019-01-11,24.040000915527344,29.110000610351562,2018-09-10,20.829999923706055,2018-06-18,false,false,250
2019-01-14,23.93000030517578,29.110000610351562,2018-09-10,20.829999923706055,2018-06-18,false,false,250
2019-01-15,24.350000381469727,29.110000610351562,2018-09-10,20.829999923706055,2018-06-18,false,false,251
2019-01-16,24.84000015258789,29.110000610351562,2018-09-10,20.829999923706055,2018-06-18,false,false,251
2019-01-17,24.84000015258789,29.110000610351562,2018-09-10,20.829999923706055,2018-06-18,false,false,251
2019-01-18,24.950000762939453,29.110000610351562,2018-09-10,20.829999923706055,2018-06-18,false,false,251
2019-01-22,24.68000030517578,29.110000610351562,2018-09-10,20.829999923706055,2018-06-18,false,false,250
2019-01-23,24.6299991607666,29.110000610351562,2018-09-10,20.829999923706055,2018-06-18,false,false,250
2019-01-24,24.3700008392334,29.110000610351562,2018-09-10,20.829999923706055,2018-06-18,false,false,250
2019-01-25,24.149999618530273,29.110000610351562,2018-09-10,20.829999923706055,2018-06-18,false,false,250
2019-01-28,23.770000457763672,29.110000610351562,2018-09-10,20.829999923706055,2018-06-18,false,false,250
2019-01-29,24.190000534057617,29.110000610351562,2018-09-10,20.829999923706055,2018-06-18,false,false,250
2019-01-30,23.989999771118164,29.110000610351562,2018-09-10,20.829999923706055,2018-06-18,false,false,250
2019-01-31,23.979999542236328,29.110000610351562,2018-09-10,20.829999923706055,2018-06-18,false,false,250
2019-02-01,23.469999313354492,29.110000610351562,2018-09-10,20.829999923706055,2018-06-18,false,false,250
2019-02-04,23.700000762939453,29.110000610351562,2018-09-10,20.829999923706055,2018-06-18,false,false,250
2019-02-05,24.100000381469727,29.110000610351562,2018-09-10,20.829999923706055,2018-06-18,false,false,250
2019-02-06,23.920000076293945,29.110000610351562,2018-09-10,20.829999923706055,2018-06-18,false,false,250
2019-02-07,23.75,29.110000610351562,2018-09-10,20.829999923706055,2018-06-18,false,false,250
2019-02-08,23.520000457763672,29.110000610351562,2018-09-10,20.829999923706055,2018-06-18,false,false,250
2019-02-11,23.700000762939453,29.110000610351562,2018-09-10,20.829999923706055,2018-06-18,false,false,250
2019-02-12,23.81999969482422,29.110000610351562,2018-09-10,20.829999923706055,2018-06-18,false,false,250
2019-02-13,23.979999542236328,29.110000610351562,2018-09-10,20.829999923706055,2018-06-18,false,false,250
2019-02-14,23.940000534057617,29.110000610351562,2018-09-10,20.829999923706055,2018-06-18,false,false,250
2019-02-15,24.549999237060547,29.110000610351562,2018-09-10,20.829999923706055,2018-06-18,false,false,250
2019-02-19,24.899999618530273,29.110000610351562,2018-09-10,20.829999923706055,2018-06-18,false,false,250
2019-02-20,24.139999389648438,29.110000610351562,2018-09-10,20.829999923706055,2018-06-18,false,false,250
2019-02-21,23.290000915527344,29.110000610351562,2018-09-10,20.829999923706055,2018-06-18,false,false,250
2019-02-22,23.479999542236328,29.110000610351562,2018-09-10,20.829999923706055,2018-06-18,false,false,250
2019-02-25,23.690000534057617,29.110000610351562,2018-09-10,20.829999923706055,2018-06-18,false,false,250
2019-02-26,23.31999969482422,29.110000610351562,2018-09-10,20.829999923706055,2018-06-18,false,false,250
2019-02-27,23.290000915527344,29.110000610351562,2018-09-10,20.829999923706055,2018-06-18,false,false,250
2019-02-28,23.31999969482422,29.110000610351562,2018-09-10,20.829999923706055,2018-06-18,false,false,250
2019-03-01,23.200000762939453,29.110000610351562,2018-09-10,20.829999923706055,2018-06-18,false,false,250
2019-03-04,23.1200008392334,29.110000610351562,2018-09-10,20.829999923706055,2018-06-18,false,false,250
2019-03-05,23.1200008392334,29.110000610351562,2018-09-10,20.829999923706055,2018-06-18,false,false,250
2019-03-06,23.030000686645508,29.110000610351562,2018-09-10,20.829999923706055,2018-06-18,false,false,250
2019-03-07,22.850000381469727,29.110000610351562,2018-09-10,20.829999923706055,2018-06-18,false,false,250
2019-03-08,22.110000610351562,29.110000610351562,2018-09-10,20.829999923706055,2018-06-18,false,false,250
2019-03-11,22.219999313354492,29.110000610351562,2018-09-10,20.829999923706055,2018-06-18,false,false,250
2019-03-12,21.950000762939453,29.110000610351562,2018-09-10,20.829999923706055,2018-06-18,false,false,250
2019-03-13,22.280000686645508,29.110000610351562,2018-09-10,20.829999923706055,2018-06-18,false,false,250
2019-03-14,22.309999465942383,29.110000610351562,2018-09-10,20.829999923706055,2018-06-18,false,false,250
2019-03-15,22.389999389648438,29.110000610351562,2018-09-10,20.829999923706055,2018-06-18,false,false,250
2019-03-18,22.530000686645508,29.110000610351562,2018-09-10,20.829999923706055,2018-06-18,false,false,250
2019-03-19,22.139999389648438,29.110000610351562,2018-09-10,20.829999923706055,2018-06-18,false,false,250
2019-03-20,22.059999465942383,29.110000610351562,2018-09-10,20.829999923706055,2018-06-18,false,false,250
2019-03-21,22.510000228881836,29.110000610351562,2018-09-10,20.829999923706055,2018-06-18,false,false,250
2019-03-22,22.610000610351562,29.110000610351562,2018-09-10,20.829999923706055,2018-06-18,false,false,250
2019-03-25,22.6200008392334,29.110000610351562,2018-09-10,20.829999923706055,2018-06-18,false,false,250
2019-03-26,22.559999465942383,29.110000610351562,2018-09-10,20.829999923706055,2018-06-18,false,false,250
2019-03-27,21.739999771118164,29.110000610351562,2018-09-10,20.829999923706055,2018-06-18,false,false,250
2019-03-28,21.709999084472656,29.110000610351562,2018-09-10,20.829999923706055,2018-06-18,false,false,250
2019-03-29,21.540000915527344,29.110000610351562,2018-09-10,20.829999923706055,2018-06-18,false,false,250
2019-04-01,21.670000076293945,29.110000610351562,2018-09-10,20.829999923706055,2018-06-18,false,false,251
2019-04-02,21.09000015258789,29.110000610351562,2018-09-10,20.829999923706055,2018-06-18,false,false,251
2019-04-03,20.920000076293945,29.110000610351562,2018-09-10,20.829999923706055,2018-06-18,false,false,251
2019-04-04,21.280000686645508,29.110000610351562,2018-09-10,20.829999923706055,2018-06-18,false,false,251
2019-04-05,21.479999542236328,29.110000610351562,2018-09-10,20.829999923706055,2018-06-18,false,false,251
2019-04-08,21.3799991607666,29.110000610351562,2018-09-10,20.829999923706055,2018-06-18,false,false,251
2019-04-09,21.25,29.110000610351562,2018-09-10,20.829999923706055,2018-06-18,false,false,251
2019-04-10,21.549999237060547,29.110000610351562,2018-09-10,20.829999923706055,2018-06-18,false,false,251
2019-04-11,21.59000015258789,29.110000610351562,2018-09-10,20.829999923706055,2018-06-18,false,false,251
2019-04-12,21.329999923706055,29.110000610351562,2018-09-10,20.829999923706055,2018-06-18,false,false,251
2019-04-15,21.360000610351562,29.110000610351562,2018-09-10,20.829999923706055,2018-06-18,false,false,251
2019-04-16,21.200000762939453,29.110000610351562,2018-09-10,20.829999923706055,2018-06-18,false,false,251
2019-04-17,21.559999465942383,29.110000610351562,2018-09-10,20.829999923706055,2018-06-18,false,false,251
2019-04-18,21.56999969482422,29.110000610351562,2018-09-10,20.829999923706055,2018-06-18,false,false,251
2019-04-22,21.020000457763672,29.110000610351562,2018-09-10,20.829999923706055,2018-06-18,false,false,250
2019-04-23,20.780000686645508,29.110000610351562,2018-09-10,20.780000686645508,2019-04-23,false,true,250
2019-04-24,21.329999923706055,29.110000610351562,2018-09-10,20.780000686645508,2019-04-23,false,false,250
2019-04-25,21.15999984741211,29.110000610351562,2018-09-10,20.780000686645508,2019-04-23,false,false,250
2019-04-26,21.020000457763672,29.110000610351562,2018-09-10,20.780000686645508,2019-04-23,false,false,250
2019-04-29,21.56999969482422,29.110000610351562,2018-09-10,20.780000686645508,2019-04-23,false,false,250
2019-04-30,21.420000076293945,29.110000610351562,2018-09-10,20.780000686645508,2019-04-23,false,false,250
2019-05-01,21.290000915527344,29.110000610351562,2018-09-10,20.780000686645508,2019-04-23,false,false,250
2019-05-02,22.440000534057617,29.110000610351562,2018-09-10,20.780000686645508,2019-04-23,false,false,250
2019-05-03,22.1299991607666,29.110000610351562,2018-09-10,20.780000686645508,2019-04-23,false,false,250
2019-05-06,22.510000228881836,29.110000610351562,2018-09-10,20.780000686645508,2019-04-23,false,false,250
2019-05-07,22.280000686645508,29.110000610351562,2018-09-10,20.780000686645508,2019-04-23,false,false,250
2019-05-08,22.170000076293945,29.110000610351562,2018-09-10,20.780000686645508,2019-04-23,false,false,250
2019-05-09,22.479999542236328,29.110000610351562,2018-09-10,20.780000686645508,2019-04-23,false,false,250
2019-05-10,22.469999313354492,29.110000610351562,2018-09-10,20.780000686645508,2019-04-23,false,false,250
2019-05-13,21.700000762939453,29.110000610351562,2018-09-10,20.780000686645508,2019-04-23,false,false,250
2019-05-14,21.489999771118164,29.110000610351562,2018-09-10,20.780000686645508,2019-04-23,false,false,250
2019-05-15,21.40999984741211,29.110000610351562,2018-09-10,20.780000686645508,2019-04-23,false,false,250
2019-05-16,21.100000381469727,29.110000610351562,2018-09-10,20.780000686645508,2019-04-23,false,false,250
2019-05-17,20.979999542236328,29.110000610351562,2018-09-10,20.780000686645508,2019-04-23,false,false,250
2019-05-20,20.739999771118164,29.110000610351562,2018-09-10,20.739999771118164,2019-05-20,false,true,250
2019-05-21,20.860000610351562,29.110000610351562,2018-09-10,20.739999771118164,2019-05-20,false,false,250
2019-05-22,20.540000915527344,29.110000610351562,2018-09-10,20.540000915527344,2019-05-22,false,true,250
2019-05-23,20.450000762939453,29.110000610351562,2018-09-10,20.450000762939453,2019-05-23,false,true,250
2019-05-24,20.549999237060547,29.110000610351562,2018-09-10,20.450000762939453,2019-05-23,false,false,250
2019-05-28,20.559999465942383,29.110000610351562,2018-09-10,20.450000762939453,2019-05-23,false,false,250
2019-05-29,20.290000915527344,29.110000610351562,2018-09-10,20.290000915527344,2019-05-29,false,true,250
2019-05-30,20.040000915527344,29.110000610351562,2018-09-10,20.040000915527344,2019-05-30,false,true,250
2019-05-31,20.049999237060547,29.110000610351562,2018-09-10,20.040000915527344,2019-05-30,false,false,250
2019-06-03,20.1299991607666,29.110000610351562,2018-09-10,20.040000915527344,2019-05-30,false,false,250
2019-06-04,20.18000030517578,29.110000610351562,2018-09-10,20.040000915527344,2019-05-30,false,false,250
2019-06-05,20.219999313354492,29.110000610351562,2018-09-10,20.040000915527344,2019-05-30,false,false,250
2019-06-06,20.25,29.110000610351562,2018-09-10,20.040000915527344,2019-05-30,false,false,250
2019-06-07,20.440000534057617,29.110000610351562,2018-09-10,20.040000915527344,2019-05-30,false,false,250
2019-06-10,20.790000915527344,29.110000610351562,2018-09-10,20.040000915527344,2019-05-30,false,false,250
2019-06-11,20.809999465942383,29.110000610351562,2018-09-10,20.040000915527344,2019-05-30,false,false,250
2019-06-12,20.739999771118164,29.110000610351562,2018-09-10,20.040000915527344,2019-05-30,false,false,250
2019-06-13,20.809999465942383,29.110000610351562,2018-09-10,20.040000915527344,2019-05-30,false,false,250
2019-06-14,20.989999771118164,29.110000610351562,2018-09-10,20.040000915527344,2019-05-30,false,false,250
2019-06-17,20.34000015258789,29.110000610351562,2018-09-10,20.040000915527344,2019-05-30,false,false,250
2019-06-18,20.1200008392334,29.110000610351562,2018-09-10,20.040000915527344,2019-05-30,false,false,250
2019-06-19,19.399999618530273,29.110000610351562,2018-09-10,19.399999618530273,2019-06-19,false,true,250
2019-06-20,19.530000686645508,29.110000610351562,2018-09-10,19.399999618530273,2019-06-19,false,false,250
2019-06-21,18.8799991607666,29.110000610351562,2018-09-10,18.8799991607666,2019-06-21,false,true,250
2019-06-24,18.639999389648438,29.110000610351562,2018-09-10,18.639999389648438,2019-06-24,false,true,250
2019-06-25,18.469999313354492,29.110000610351562,2018-09-10,18.469999313354492,2019-06-25,false,true,250
2019-06-26,18.440000534057617,29.110000610351562,2018-09-10,18.440000534057617,2019-06-26,false,true,250
2019-06-27,18.530000686645508,29.110000610351562,2018-09-10,18.440000534057617,2019-06-26,false,false,250
2019-06-28,18.889999389648438,29.110000610351562,2018-09-10,18.440000534057617,2019-06-26,false,false,250
2019-07-01,18.459999084472656,29.110000610351562,2018-09-10,18.440000534057617,2019-06-26,false,false,250
2019-07-02,18.540000915527344,29.110000610351562,2018-09-10,18.440000534057617,2019-06-26,false,false,250
2019-07-03,18.489999771118164,29.110000610351562,2018-09-10,18.440000534057617,2019-06-26,false,false,250
2019-07-05,18.850000381469727,29.110000610351562,2018-09-10,18.440000534057617,2019-06-26,false,false,250
2019-07-08,18.829999923706055,29.110000610351562,2018-09-10,18.440000534057617,2019-06-26,false,false,250
2019-07-09,18.75,29.110000610351562,2018-09-10,18.440000534057617,2019-06-26,false,false,250
2019-07-10,18.790000915527344,29.110000610351562,2018-09-10,18.440000534057617,2019-06-26,false,false,250
2019-07-11,18.729999542236328,29.110000610351562,2018-09-10,18.440000534057617,2019-06-26,false,false,250
2019-07-12,18.760000228881836,29.110000610351562,2018-09-10,18.440000534057617,2019-06-26,false,false,250
2019-07-15,18.670000076293945,29.110000610351562,2018-09-10,18.440000534057617,2019-06-26,false,false,250
2019-07-16,18.469999313354492,29.110000610351562,2018-09-10,18.440000534057617,2019-06-26,false,false,250
2019-07-17,18.229999542236328,29.110000610351562,2018-09-10,18.229999542236328,2019-07-17,false,true,250
2019-07-18,18.25,29.110000610351562,2018-09-10,18.229999542236328,2019-07-17,false,false,250
2019-07-19,18.170000076293945,29.110000610351562,2018-09-10,18.170000076293945,2019-07-19,false,true,250
2019-07-22,17.290000915527344,29.110000610351562,2018-09-10,17.290000915527344,2019-07-22,false,true,250
2019-07-23,17.219999313354492,29.110000610351562,2018-09-10,17.219999313354492,2019-07-23,false,true,250
2019-07-24,17.469999313354492,29.110000610351562,2018-09-10,17.219999313354492,2019-07-23,false,false,250
2019-07-25,17,29.110000610351562,2018-09-10,17,2019-07-25,false,true,250
2019-07-26,17.489999771118164,29.110000610351562,2018-09-10,17,2019-07-25,false,false,250
2019-07-29,17.170000076293945,29.110000610351562,2018-09-10,17,2019-07-25,false,false,250
2019-07-30,17.299999237060547,29.110000610351562,2018-09-10,17,2019-07-25,false,false,250
2019-07-31,16.93000030517578,29.110000610351562,2018-09-10,16.93000030517578,2019-07-31,false,true,250
2019-08-01,18.170000076293945,29.110000610351562,2018-09-10,16.93000030517578,2019-07-31,false,false,250
2019-08-02,17.739999771118164,29.110000610351562,2018-09-10,16.93000030517578,2019-07-31,false,false,250
2019-08-05,17.709999084472656,29.110000610351562,2018-09-10,16.93000030517578,2019-07-31,false,false,250
2019-08-06,17.780000686645508,29.110000610351562,2018-09-10,16.93000030517578,2019-07-31,false,false,250
2019-08-07,17.809999465942383,29.110000610351562,2018-09-10,16.93000030517578,2019-07-31,false,false,250
2019-08-08,17.989999771118164,29.110000610351562,2018-09-10,16.93000030517578,2019-07-31,false,false,250
2019-08-09,17.75,29.110000610351562,2018-09-10,16.93000030517578,2019-07-31,false,false,250
2019-08-12,17.540000915527344,29.110000610351562,2018-09-10,16.93000030517578,2019-07-31,false,false,250
2019-08-13,17.709999084472656,29.110000610351562,2018-09-10,16.93000030517578,2019-07-31,false,false,250
2019-08-14,17.100000381469727,29.110000610351562,2018-09-10,16.93000030517578,2019-07-31,false,false,250
2019-08-15,17.739999771118164,29.110000610351562,2018-09-10,16.93000030517578,2019-07-31,false,false,250
2019-08-16,17.899999618530273,29.110000610351562,2018-09-10,16.93000030517578,2019-07-31,false,false,250
2019-08-19,18.020000457763672,29.110000610351562,2018-09-10,16.93000030517578,2019-07-31,false,false,250
2019-08-20,17.75,29.110000610351562,2018-09-10,16.93000030517578,2019-07-31,false,false,250
2019-08-21,17.81999969482422,29.110000610351562,2018-09-10,16.93000030517578,2019-07-31,false,false,250
2019-08-22,17.979999542236328,29.110000610351562,2018-09-10,16.93000030517578,2019-07-31,false,false,250
2019-08-23,17.920000076293945,29.110000610351562,2018-09-10,16.93000030517578,2019-07-31,false,false,250
2019-08-26,18.040000915527344,29.110000610351562,2018-09-10,16.93000030517578,2019-07-31,false,false,250
2019-08-27,17.549999237060547,29.110000610351562,2018-09-10,16.93000030517578,2019-07-31,false,false,250
2019-08-28,17.829999923706055,29.110000610351562,2018-09-10,16.93000030517578,2019-07-31,false,false,250
2019-08-29,18.100000381469727,29.110000610351562,2018-09-10,16.93000030517578,2019-07-31,false,false,250
2019-08-30,17.950000762939453,29.110000610351562,2018-09-10,16.93000030517578,2019-07-31,false,false,250
2019-09-03,17.770000457763672,29.110000610351562,2018-09-10,16.93000030517578,2019-07-31,false,false,250
2019-09-04,18.389999389648438,29.110000610351562,2018-09-10,16.93000030517578,2019-07-31,false,false,250
2019-09-05,18.399999618530273,29.110000610351562,2018-09-10,16.93000030517578,2019-07-31,false,false,250
2019-09-06,18.489999771118164,29.110000610351562,2018-09-10,16.93000030517578,2019-07-31,false,false,250
2019-09-09,18.860000610351562,29.110000610351562,2018-09-10,16.93000030517578,2019-07-31,false,false,250
2019-09-10,19.90999984741211,29.110000610351562,2018-09-10,16.93000030517578,2019-07-31,false,false,250
2019-09-11,19.950000762939453,28.559999465942383,2018-11-14,16.93000030517578,2019-07-31,false,false,250
2019-09-12,19.739999771118164,28.559999465942383,2018-11-14,16.93000030517578,2019-07-31,false,false,250
2019-09-13,20.079999923706055,28.559999465942383,2018-11-14,16.93000030517578,2019-07-31,false,false,250
2019-09-16,20.1200008392334,28.559999465942383,2018-11-14,16.93000030517578,2019-07-31,false,false,250
2019-09-17,19.889999389648438,28.559999465942383,2018-11-14,16.93000030517578,2019-07-31,false,false,250
2019-09-18,19.520000457763672,28.559999465942383,2018-11-14,16.93000030517578,2019-07-31,false,false,250
2019-09-19,19.389999389648438,28.559999465942383,2018-11-14,16.93000030517578,2019-07-31,false,false,250
2019-09-20,19.239999771118164,28.559999465942383,2018-11-14,16.93000030517578,2019-07-31,false,false,250
2019-09-23,19.219999313354492,28.559999465942383,2018-11-14,16.93000030517578,2019-07-31,false,false,250
2019-09-24,19.260000228881836,28.559999465942383,2018-11-14,16.93000030517578,2019-07-31,false,false,250
2019-09-25,19.489999771118164,28.559999465942383,2018-11-14,16.93000030517578,2019-07-31,false,false,250
2019-09-26,19.229999542236328,28.559999465942383,2018-11-14,16.93000030517578,2019-07-31,false,false,250
2019-09-27,19.200000762939453,28.559999465942383,2018-11-14,16.93000030517578,2019-07-31,false,false,250
2019-09-30,19.34000015258789,28.559999465942383,2018-11-14,16.93000030517578,2019-07-31,false,false,250
2019-10-01,19.18000030517578,28.559999465942383,2018-11-14,16.93000030517578,2019-07-31,false,false,250
2019-10-02,18.389999389648438,28.559999465942383,2018-11-14,16.93000030517578,2019-07-31,false,false,250
2019-10-03,18.399999618530273,28.559999465942383,2018-11-14,16.93000030517578,2019-07-31,false,false,250
2019-10-04,18.299999237060547,28.559999465942383,2018-11-14,16.93000030517578,2019-07-31,false,false,250
2019-10-07,18.5,28.559999465942383,2018-11-14,16.93000030517578,2019-07-31,false,false,250
2019-10-08,18.40999984741211,28.559999465942383,2018-11-14,16.93000030517578,2019-07-31,false,false,250
2019-10-09,18.1299991607666,28.559999465942383,2018-11-14,16.93000030517578,2019-07-31,false,false,250
2019-10-10,17.989999771118164,28.559999465942383,2018-11-14,16.93000030517578,2019-07-31,false,false,250
2019-10-11,18.110000610351562,28.559999465942383,2018-11-14,16.93000030517578,2019-07-31,false,false,250
2019-10-14,18.030000686645508,28.559999465942383,2018-11-14,16.93000030517578,2019-07-31,false,false,250
2019-10-15,18.149999618530273,28.559999465942383,2018-11-14,16.93000030517578,2019-07-31,false,false,250
2019-10-16,18.350000381469727,28.559999465942383,2018-11-14,16.93000030517578,2019-07-31,false,false,250
2019-10-17,18.43000030517578,28.559999465942383,2018-11-14,16.93000030517578,2019-07-31,false,false,250
2019-10-18,18.290000915527344,28.559999465942383,2018-11-14,16.93000030517578,2019-07-31,false,false,250
2019-10-21,18.360000610351562,28.559999465942383,2018-11-14,16.93000030517578,2019-07-31,false,false,250
2019-10-22,19.100000381469727,28.559999465942383,2018-11-14,16.93000030517578,2019-07-31,false,false,250
2019-10-23,19.049999237060547,28.559999465942383,2018-11-14,16.93000030517578,2019-07-31,false,false,250
2019-10-24,18.709999084472656,28.559999465942383,2018-11-14,16.93000030517578,2019-07-31,false,false,250
2019-10-25,18.940000534057617,28.559999465942383,2018-11-14,16.93000030517578,2019-07-31,false,false,250
2019-10-28,19.260000228881836,28.559999465942383,2018-11-14,16.93000030517578,2019-07-31,false,false,250
2019-10-29,18.989999771118164,28.559999465942383,2018-11-14,16.93000030517578,2019-07-31,false,false,250
2019-10-30,18.75,28.559999465942383,2018-11-14,16.93000030517578,2019-07-31,false,false,250
2019-10-31,19.40999984741211,28.559999465942383,2018-11-14,16.93000030517578,2019-07-31,false,false,250
2019-11-01,19.479999542236328,28.559999465942383,2018-11-14,16.93000030517578,2019-07-31,false,false,250
2019-11-04,20.1299991607666,28.559999465942383,2018-11-14,16.93000030517578,2019-07-31,false,false,250
2019-11-05,20.350000381469727,28.559999465942383,2018-11-14,16.93000030517578,2019-07-31,false,false,250
2019-11-06,19.920000076293945,28.559999465942383,2018-11-14,16.93000030517578,2019-07-31,false,false,250
2019-11-07,19.75,28.559999465942383,2018-11-14,16.93000030517578,2019-07-31,false,false,250
2019-11-08,19.829999923706055,28.559999465942383,2018-11-14,16.93000030517578,2019-07-31,false,false,250
2019-11-11,19.649999618530273,28.559999465942383,2018-11-14,16.93000030517578,2019-07-31,false,false,250
2019-11-12,19.81999969482422,28.559999465942383,2018-11-14,16.93000030517578,2019-07-31,false,false,250
2019-11-13,19.8700008392334,28.559999465942383,2018-11-14,16.93000030517578,2019-07-31,false,false,250
2019-11-14,19.899999618530273,28.559999465942383,2018-11-14,16.93000030517578,2019-07-31,false,false,250
2019-11-15,19.860000610351562,27.93000030517578,2018-11-20,16.93000030517578,2019-07-31,false,false,250
2019-11-18,19.940000534057617,27.93000030517578,2018-11-20,16.93000030517578,2019-07-31,false,false,250
2019-11-19,19.780000686645508,27.93000030517578,2018-11-20,16.93000030517578,2019-07-31,false,false,250
2019-11-20,19.6299991607666,27.93000030517578,2018-11-20,16.93000030517578,2019-07-31,false,false,250
2019-11-21,19.459999084472656,27.420000076293945,2018-11-23,16.93000030517578,2019-07-31,false,false,250
2019-11-22,19.65999984741211,27.420000076293945,2018-11-23,16.93000030517578,2019-07-31,false,false,251
2019-11-25,19.420000076293945,27.420000076293945,2018-11-23,16.93000030517578,2019-07-31,false,false,251
2019-11-26,19.229999542236328,27.030000686645508,2018-11-29,16.93000030517578,2019-07-31,false,false,251
2019-11-27,19.450000762939453,27.030000686645508,2018-11-29,16.93000030517578,2019-07-31,false,false,251
2019-11-29,19.799999237060547,27.030000686645508,2018-11-29,16.93000030517578,2019-07-31,false,false,250
2019-12-02,20.139999389648438,25.1200008392334,2018-12-03,16.93000030517578,2019-07-31,false,false,250
2019-12-03,20.219999313354492,25.1200008392334,2018-12-03,16.93000030517578,2019-07-31,false,false,250
2019-12-04,20.100000381469727,25.09000015258789,2018-12-06,16.93000030517578,2019-07-31,false,false,250
2019-12-05,19.8799991607666,25.09000015258789,2018-12-06,16.93000030517578,2019-07-31,false,false,251
2019-12-06,20.1200008392334,25.09000015258789,2018-12-06,16.93000030517578,2019-07-31,false,false,251
2019-12-09,20.3700008392334,24.950000762939453,2019-01-18,16.93000030517578,2019-07-31,false,false,251
2019-12-10,20.040000915527344,24.950000762939453,2019-01-18,16.93000030517578,2019-07-31,false,false,251
2019-12-11,19.729999542236328,24.950000762939453,2019-01-18,16.93000030517578,2019-07-31,false,false,251
2019-12-12,19.979999542236328,24.950000762939453,2019-01-18,16.93000030517578,2019-07-31,false,false,251
2019-12-13,19.6200008392334,24.950000762939453,2019-01-18,16.93000030517578,2019-07-31,false,false,251
2019-12-16,19.760000228881836,24.950000762939453,2019-01-18,16.93000030517578,2019-07-31,false,false,251
2019-12-17,19.989999771118164,24.950000762939453,2019-01-18,16.93000030517578,2019-07-31,false,false,251
2019-12-18,19.920000076293945,24.950000762939453,2019-01-18,16.93000030517578,2019-07-31,false,false,251
2019-12-19,19.899999618530273,24.950000762939453,2019-01-18,16.93000030517578,2019-07-31,false,false,251
2019-12-20,19.739999771118164,24.950000762939453,2019-01-18,16.93000030517578,2019-07-31,false,false,251
2019-12-23,19.700000762939453,24.950000762939453,2019-01-18,16.93000030517578,2019-07-31,false,false,251
2019-12-24,19.829999923706055,24.950000762939453,2019-01-18,16.93000030517578,2019-07-31,false,false,251
2019-12-26,19.709999084472656,24.950000762939453,2019-01-18,16.93000030517578,2019-07-31,false,false,251
2019-12-27,19.510000228881836,24.950000762939453,2019-01-18,16.93000030517578,2019-07-31,false,false,251
2019-12-30,19.540000915527344,24.950000762939453,2019-01-18,16.93000030517578,2019-07-31,false,false,251
2019-12-31,19.350000381469727,24.950000762939453,2019-01-18,16.93000030517578,2019-07-31,false,false,251
2020-01-02,18.59000015258789,24.950000762939453,2019-01-18,16.93000030517578,2019-07-31,false,false,251
2020-01-03,18.5,24.950000762939453,2019-01-18,16.93000030517578,2019-07-31,false,false,251
2020-01-06,18.68000030517578,24.950000762939453,2019-01-18,16.93000030517578,2019-07-31,false,false,251
2020-01-07,18.34000015258789,24.950000762939453,2019-01-18,16.93000030517578,2019-07-31,false,false,251
2020-01-08,18.31999969482422,24.950000762939453,2019-01-18,16.93000030517578,2019-07-31,false,false,251
2020-01-09,18.020000457763672,24.950000762939453,2019-01-18,16.93000030517578,2019-07-31,false,false,251
2020-01-10,17.75,24.950000762939453,2019-01-18,16.93000030517578,2019-07-31,false,false,251
2020-01-13,17.34000015258789,24.950000762939453,2019-01-18,16.93000030517578,2019-07-31,false,false,251
2020-01-14,17.700000762939453,24.950000762939453,2019-01-18,16.93000030517578,2019-07-31,false,false,251
2020-01-15,17.81999969482422,24.950000762939453,2019-01-18,16.93000030517578,2019-07-31,false,false,251
2020-01-16,17.850000381469727,24.950000762939453,2019-01-18,16.93000030517578,2019-07-31,false,false,251
2020-01-17,17.59000015258789,24.950000762939453,2019-01-18,16.93000030517578,2019-07-31,false,false,251
2020-01-21,17.350000381469727,24.950000762939453,2019-01-18,16.93000030517578,2019-07-31,false,false,251
2020-01-22,17.309999465942383,24.899999618530273,2019-02-19,16.93000030517578,2019-07-31,false,false,251
2020-01-23,17.290000915527344,24.899999618530273,2019-02-19,16.93000030517578,2019-07-31,false,false,251
2020-01-24,17.030000686645508,24.899999618530273,2019-02-19,16.93000030517578,2019-07-31,false,false,251
2020-01-27,16.579999923706055,24.899999618530273,2019-02-19,16.579999923706055,2020-01-27,false,true,251
2020-01-28,16.34000015258789,24.899999618530273,2019-02-19,16.34000015258789,2020-01-28,false,true,251
2020-01-29,15.710000038146973,24.899999618530273,2019-02-19,15.710000038146973,2020-01-29,false,true,251
2020-01-30,15.789999961853027,24.899999618530273,2019-02-19,15.710000038146973,2020-01-29,false,false,251
2020-01-31,15.630000114440918,24.899999618530273,2019-02-19,15.630000114440918,2020-01-31,false,true,251
2020-02-03,14.829999923706055,24.899999618530273,2019-02-19,14.829999923706055,2020-02-03,false,true,251
2020-02-04,14.520000457763672,24.899999618530273,2019-02-19,14.520000457763672,2020-02-04,false,true,251
2020-02-05,15.359999656677246,24.899999618530273,2019-02-19,14.520000457763672,2020-02-04,false,false,251
2020-02-06,15.119999885559082,24.899999618530273,2019-02-19,14.520000457763672,2020-02-04,false,false,251
2020-02-07,14.930000305175781,24.899999618530273,2019-02-19,14.520000457763672,2020-02-04,false,false,251
2020-02-10,14.779999732971191,24.899999618530273,2019-02-19,14.520000457763672,2020-02-04,false,false,251
2020-02-11,15.149999618530273,24.899999618530273,2019-02-19,14.520000457763672,2020-02-04,false,false,251
2020-02-12,15.430000305175781,24.899999618530273,2019-02-19,14.520000457763672,2020-02-04,false,false,251
2020-02-13,15.449999809265137,24.899999618530273,2019-02-19,14.520000457763672,2020-02-04,false,false,251
2020-02-14,15.449999809265137,24.899999618530273,2019-02-19,14.520000457763672,2020-02-04,false,false,251
2020-02-18,15.970000267028809,24.899999618530273,2019-02-19,14.520000457763672,2020-02-04,false,false,251
2020-02-19,15.859999656677246,24.899999618530273,2019-02-19,14.520000457763672,2020-02-04,false,false,251
2020-02-20,16.049999237060547,23.690000534057617,2019-02-25,14.520000457763672,2020-02-04,false,false,251
2020-02-21,17.989999771118164,23.690000534057617,2019-02-25,14.520000457763672,2020-02-04,false,false,251
2020-02-24,17.360000610351562,23.690000534057617,2019-02-25,14.520000457763672,2020-02-04,false,false,251
2020-02-25,16.75,23.690000534057617,2019-02-25,14.520000457763672,2020-02-04,false,false,251
2020-02-26,16.110000610351562,23.31999969482422,2019-02-28,14.520000457763672,2020-02-04,false,false,251
2020-02-27,16.450000762939453,23.31999969482422,2019-02-28,14.520000457763672,2020-02-04,false,false,251
2020-02-28,15.979999542236328,23.31999969482422,2019-02-28,14.520000457763672,2020-02-04,false,false,251
2020-03-02,16.6200008392334,23.1200008392334,2019-03-05,14.520000457763672,2020-02-04,false,false,251
2020-03-03,16.450000762939453,23.1200008392334,2019-03-05,14.520000457763672,2020-02-04,false,false,251
2020-03-04,16.81999969482422,23.1200008392334,2019-03-05,14.520000457763672,2020-02-04,false,false,251
2020-03-05,17.25,22.850000381469727,2019-03-07,14.520000457763672,2020-02-04,false,false,251
2020-03-06,17.229999542236328,22.850000381469727,2019-03-07,14.520000457763672,2020-02-04,false,false,251
2020-03-09,16.469999313354492,22.6200008392334,2019-03-25,14.520000457763672,2020-02-04,false,false,251
2020-03-10,16.719999313354492,22.6200008392334,2019-03-25,14.520000457763672,2020-02-04,false,false,251
2020-03-11,16.06999969482422,22.6200008392334,2019-03-25,14.520000457763672,2020-02-04,false,false,251
2020-03-12,13.319999694824219,22.6200008392334,2019-03-25,13.319999694824219,2020-03-12,false,true,251
2020-03-13,14.550000190734863,22.6200008392334,2019-03-25,13.319999694824219,2020-03-12,false,false,251
2020-03-16,16.360000610351562,22.6200008392334,2019-03-25,13.319999694824219,2020-03-12,false,false,251
2020-03-17,18.93000030517578,22.6200008392334,2019-03-25,13.319999694824219,2020-03-12,false,false,251
2020-03-18,17.690000534057617,22.6200008392334,2019-03-25,13.319999694824219,2020-03-12,false,false,251
2020-03-19,17.6200008392334,22.6200008392334,2019-03-25,13.319999694824219,2020-03-12,false,false,251
2020-03-20,17.600000381469727,22.6200008392334,2019-03-25,13.319999694824219,2020-03-12,false,false,251
2020-03-23,16.579999923706055,22.6200008392334,2019-03-25,13.319999694824219,2020-03-12,false,false,251
2020-03-24,17.59000015258789,22.6200008392334,2019-03-25,13.319999694824219,2020-03-12,false,false,251
2020-03-25,17.139999389648438,22.510000228881836,2019-05-06,13.319999694824219,2020-03-12,false,false,251
2020-03-26,18.3700008392334,22.510000228881836,2019-05-06,13.319999694824219,2020-03-12,false,false,251
2020-03-27,17.969999313354492,22.510000228881836,2019-05-06,13.319999694824219,2020-03-12,false,false,251
2020-03-30,18.600000381469727,22.510000228881836,2019-05-06,13.319999694824219,2020-03-12,false,false,251
2020-03-31,18.59000015258789,22.510000228881836,2019-05-06,13.319999694824219,2020-03-12,false,false,251
2020-04-01,18.68000030517578,22.510000228881836,2019-05-06,13.319999694824219,2020-03-12,false,false,251
2020-04-02,18.969999313354492,22.510000228881836,2019-05-06,13.319999694824219,2020-03-12,false,false,251
2020-04-03,19.020000457763672,22.510000228881836,2019-05-06,13.319999694824219,2020-03-12,false,false,251
2020-04-06,19.389999389648438,22.510000228881836,2019-05-06,13.319999694824219,2020-03-12,false,false,251
2020-04-07,19.260000228881836,22.510000228881836,2019-05-06,13.319999694824219,2020-03-12,false,false,251
2020-04-08,19.229999542236328,22.510000228881836,2019-05-06,13.319999694824219,2020-03-12,false,false,251
2020-04-09,19,22.510000228881836,2019-05-06,13.319999694824219,2020-03-12,false,false,251
2020-04-13,18.809999465942383,22.510000228881836,2019-05-06,13.319999694824219,2020-03-12,false,false,250
2020-04-14,19.06999969482422,22.510000228881836,2019-05-06,13.319999694824219,2020-03-12,false,false,250
2020-04-15,18.979999542236328,22.510000228881836,2019-05-06,13.319999694824219,2020-03-12,false,false,250
2020-04-16,20.350000381469727,22.510000228881836,2019-05-06,13.319999694824219,2020-03-12,false,false,250
2020-04-17,20.440000534057617,22.510000228881836,2019-05-06,13.319999694824219,2020-03-12,false,false,250
2020-04-20,20.059999465942383,22.510000228881836,2019-05-06,13.319999694824219,2020-03-12,false,false,251
2020-04-21,20.469999313354492,22.510000228881836,2019-05-06,13.319999694824219,2020-03-12,false,false,251
2020-04-22,20.920000076293945,22.510000228881836,2019-05-06,13.319999694824219,2020-03-12,false,false,251
2020-04-23,21.399999618530273,22.510000228881836,2019-05-06,13.319999694824219,2020-03-12,false,false,251
2020-04-24,21.690000534057617,22.510000228881836,2019-05-06,13.319999694824219,2020-03-12,false,false,251
2020-04-27,21.3799991607666,22.510000228881836,2019-05-06,13.319999694824219,2020-03-12,false,false,251
2020-04-28,21.270000457763672,22.510000228881836,2019-05-06,13.319999694824219,2020-03-12,false,false,251
2020-04-29,20.75,22.510000228881836,2019-05-06,13.319999694824219,2020-03-12,false,false,251
2020-04-30,20.780000686645508,22.510000228881836,2019-05-06,13.319999694824219,2020-03-12,false,false,251
2020-05-01,21.030000686645508,22.510000228881836,2019-05-06,13.319999694824219,2020-03-12,false,false,251
2020-05-04,21.760000228881836,22.510000228881836,2019-05-06,13.319999694824219,2020-03-12,false,false,251
2020-05-05,22.260000228881836,22.510000228881836,2019-05-06,13.319999694824219,2020-03-12,false,false,251
2020-05-06,23.889999389648438,23.889999389648438,2020-05-06,13.319999694824219,2020-03-12,true,false,251
2020-05-07,24.239999771118164,24.239999771118164,2020-05-07,13.319999694824219,2020-03-12,true,false,251
2020-05-08,25.18000030517578,25.18000030517578,2020-05-08,13.319999694824219,2020-03-12,true,false,251
2020-05-11,26.520000457763672,26.520000457763672,2020-05-11,13.319999694824219,2020-03-12,true,false,251
2020-05-12,25.579999923706055,26.520000457763672,2020-05-11,13.319999694824219,2020-03-12,false,false,251
2020-05-13,25.600000381469727,26.520000457763672,2020-05-11,13.319999694824219,2020-03-12,false,false,251
2020-05-14,24.6299991607666,26.520000457763672,2020-05-11,13.319999694824219,2020-03-12,false,false,251
2020-05-15,24.860000610351562,26.520000457763672,2020-05-11,13.319999694824219,2020-03-12,false,false,251
2020-05-18,25.139999389648438,26.520000457763672,2020-05-11,13.319999694824219,2020-03-12,false,false,251
2020-05-19,25.299999237060547,26.520000457763672,2020-05-11,13.319999694824219,2020-03-12,false,false,251
2020-05-20,25.309999465942383,26.520000457763672,2020-05-11,13.319999694824219,2020-03-12,false,false,251
2020-05-21,24.510000228881836,26.520000457763672,2020-05-11,13.319999694824219,2020-03-12,false,false,251
2020-05-22,24.290000915527344,26.520000457763672,2020-05-11,13.319999694824219,2020-03-12,false,false,251
2020-05-26,24.440000534057617,26.520000457763672,2020-05-11,13.319999694824219,2020-03-12,false,false,251
2020-05-27,24.81999969482422,26.520000457763672,2020-05-11,13.319999694824219,2020-03-12,false,false,251
2020-05-28,24.760000228881836,26.520000457763672,2020-05-11,13.319999694824219,2020-03-12,false,false,251
2020-05-29,25.1299991607666,26.520000457763672,2020-05-11,13.319999694824219,2020-03-12,false,false,251
2020-06-01,25.479999542236328,26.520000457763672,2020-05-11,13.319999694824219,2020-03-12,false,false,251
2020-06-02,25.770000457763672,26.520000457763672,2020-05-11,13.319999694824219,2020-03-12,false,false,251
2020-06-03,25.6200008392334,26.520000457763672,2020-05-11,13.319999694824219,2020-03-12,false,false,251
2020-06-04,24.93000030517578,26.520000457763672,2020-05-11,13.319999694824219,2020-03-12,false,false,251
2020-06-05,24.950000762939453,26.520000457763672,2020-05-11,13.319999694824219,2020-03-12,false,false,251
2020-06-08,24.829999923706055,26.520000457763672,2020-05-11,13.319999694824219,2020-03-12,false,false,251
2020-06-09,24.8799991607666,26.520000457763672,2020-05-11,13.319999694824219,2020-03-12,false,false,251
2020-06-10,24.309999465942383,26.520000457763672,2020-05-11,13.319999694824219,2020-03-12,false,false,251
2020-06-11,23.860000610351562,26.520000457763672,2020-05-11,13.319999694824219,2020-03-12,false,false,251
2020-06-12,23.010000228881836,26.520000457763672,2020-05-11,13.319999694824219,2020-03-12,false,false,251
2020-06-15,22.8799991607666,26.520000457763672,2020-05-11,13.319999694824219,2020-03-12,false,false,251
2020-06-16,23.559999465942383,26.520000457763672,2020-05-11,13.319999694824219,2020-03-12,false,false,251
2020-06-17,23.34000015258789,26.520000457763672,2020-05-11,13.319999694824219,2020-03-12,false,false,251
2020-06-18,22.299999237060547,26.520000457763672,2020-05-11,13.319999694824219,2020-03-12,false,false,251
2020-06-19,22.309999465942383,26.520000457763672,2020-05-11,13.319999694824219,2020-03-12,false,false,251
2020-06-22,23.3700008392334,26.520000457763672,2020-05-11,13.319999694824219,2020-03-12,false,false,251
2020-06-23,23.229999542236328,26.520000457763672,2020-05-11,13.319999694824219,2020-03-12,false,false,251
2020-06-24,23.600000381469727,26.520000457763672,2020-05-11,13.319999694824219,2020-03-12,false,false,251
2020-06-25,24.229999542236328,26.520000457763672,2020-05-11,13.319999694824219,2020-03-12,false,false,251
2020-06-26,24.719999313354492,26.520000457763672,2020-05-11,13.319999694824219,2020-03-12,false,false,251
2020-06-29,25.90999984741211,26.520000457763672,2020-05-11,13.319999694824219,2020-03-12,false,false,251
2020-06-30,25.59000015258789,26.520000457763672,2020-05-11,13.319999694824219,2020-03-12,false,false,251
2020-07-01,24.93000030517578,26.520000457763672,2020-05-11,13.319999694824219,2020-03-12,false,false,251
2020-07-02,24.899999618530273,26.520000457763672,2020-05-11,13.319999694824219,2020-03-12,false,false,251
2020-07-06,25.899999618530273,26.520000457763672,2020-05-11,13.319999694824219,2020-03-12,false,false,251
2020-07-07,26.15999984741211,26.520000457763672,2020-05-11,13.319999694824219,2020-03-12,false,false,251
2020-07-08,24.8799991607666,26.520000457763672,2020-05-11,13.319999694824219,2020-03-12,false,false,251
2020-07-09,24.520000457763672,26.520000457763672,2020-05-11,13.319999694824219,2020-03-12,false,false,251
2020-07-10,24.350000381469727,26.520000457763672,2020-05-11,13.319999694824219,2020-03-12,false,false,251
2020-07-13,24.299999237060547,26.520000457763672,2020-05-11,13.319999694824219,2020-03-12,false,false,251
2020-07-14,25.649999618530273,26.520000457763672,2020-05-11,13.319999694824219,2020-03-12,false,false,251
2020-07-15,25.920000076293945,26.520000457763672,2020-05-11,13.319999694824219,2020-03-12,false,false,251
2020-07-16,25.670000076293945,26.520000457763672,2020-05-11,13.319999694824219,2020-03-12,false,false,251
2020-07-17,25.639999389648438,26.520000457763672,2020-05-11,13.319999694824219,2020-03-12,false,false,251
2020-07-20,25.579999923706055,26.520000457763672,2020-05-11,13.319999694824219,2020-03-12,false,false,251
2020-07-21,27.40999984741211,27.40999984741211,2020-07-21,13.319999694824219,2020-03-12,true,false,251
2020-07-22,27.309999465942383,27.40999984741211,2020-07-21,13.319999694824219,2020-03-12,false,false,251
2020-07-23,27.040000915527344,27.40999984741211,2020-07-21,13.319999694824219,2020-03-12,false,false,251
2020-07-24,26.610000610351562,27.40999984741211,2020-07-21,13.319999694824219,2020-03-12,false,false,251
2020-07-27,26.90999984741211,27.40999984741211,2020-07-21,13.319999694824219,2020-03-12,false,false,251
2020-07-28,27.020000457763672,27.40999984741211,2020-07-21,13.319999694824219,2020-03-12,false,false,251
2020-07-29,27.149999618530273,27.40999984741211,2020-07-21,13.319999694824219,2020-03-12,false,false,251
2020-07-30,26.5,27.40999984741211,2020-07-21,13.319999694824219,2020-03-12,false,false,251
2020-07-31,26.3799991607666,27.40999984741211,2020-07-21,13.319999694824219,2020-03-12,false,false,251
2020-08-03,25.239999771118164,27.40999984741211,2020-07-21,13.319999694824219,2020-03-12,false,false,251
2020-08-04,25.280000686645508,27.40999984741211,2020-07-21,13.319999694824219,2020-03-12,false,false,251
2020-08-05,24.8799991607666,27.40999984741211,2020-07-21,13.319999694824219,2020-03-12,false,false,251
2020-08-06,24.65999984741211,27.40999984741211,2020-07-21,13.319999694824219,2020-03-12,false,false,251
2020-08-07,25.030000686645508,27.40999984741211,2020-07-21,13.319999694824219,2020-03-12,false,false,251
2020-08-10,24.770000457763672,27.40999984741211,2020-07-21,13.319999694824219,2020-03-12,false,false,251
2020-08-11,23.709999084472656,27.40999984741211,2020-07-21,13.319999694824219,2020-03-12,false,false,251
2020-08-12,23.860000610351562,27.40999984741211,2020-07-21,13.319999694824219,2020-03-12,false,false,251
2020-08-13,24.469999313354492,27.40999984741211,2020-07-21,13.319999694824219,2020-03-12,false,false,251
2020-08-14,24.5,27.40999984741211,2020-07-21,13.319999694824219,2020-03-12,false,false,251
2020-08-17,24.350000381469727,27.40999984741211,2020-07-21,13.319999694824219,2020-03-12,false,false,251
2020-08-18,24.1299991607666,27.40999984741211,2020-07-21,13.319999694824219,2020-03-12,false,false,251
2020-08-19,24.190000534057617,27.40999984741211,2020-07-21,13.319999694824219,2020-03-12,false,false,251
2020-08-20,24.31999969482422,27.40999984741211,2020-07-21,13.319999694824219,2020-03-12,false,false,251
2020-08-21,23.479999542236328,27.40999984741211,2020-07-21,13.319999694824219,2020-03-12,false,false,251
2020-08-24,23.979999542236328,27.40999984741211,2020-07-21,13.319999694824219,2020-03-12,false,false,251
2020-08-25,24.309999465942383,27.40999984741211,2020-07-21,13.319999694824219,2020-03-12,false,false,251
2020-08-26,24.299999237060547,27.40999984741211,2020-07-21,13.319999694824219,2020-03-12,false,false,251
2020-08-27,24.549999237060547,27.40999984741211,2020-07-21,13.319999694824219,2020-03-12,false,false,251
2020-08-28,23.959999084472656,27.40999984741211,2020-07-21,13.319999694824219,2020-03-12,false,false,251
2020-08-31,23.350000381469727,27.40999984741211,2020-07-21,13.319999694824219,2020-03-12,false,false,251
2020-09-01,23.5,27.40999984741211,2020-07-21,13.319999694824219,2020-03-12,false,false,252
2020-09-02,23.959999084472656,27.40999984741211,2020-07-21,13.319999694824219,2020-03-12,false,false,252
2020-09-03,23.190000534057617,27.40999984741211,2020-07-21,13.319999694824219,2020-03-12,false,false,252
2020-09-04,22.639999389648438,27.40999984741211,2020-07-21,13.319999694824219,2020-03-12,false,false,252
2020-09-08,21.81999969482422,27.40999984741211,2020-07-21,13.319999694824219,2020-03-12,false,false,251
2020-09-09,22.18000030517578,27.40999984741211,2020-07-21,13.319999694824219,2020-03-12,false,false,251
2020-09-10,21.3799991607666,27.40999984741211,2020-07-21,13.319999694824219,2020-03-12,false,false,251
2020-09-11,21.6200008392334,27.40999984741211,2020-07-21,13.319999694824219,2020-03-12,false,false,251
2020-09-14,21.06999969482422,27.40999984741211,2020-07-21,13.319999694824219,2020-03-12,false,false,251
2020-09-15,20.610000610351562,27.40999984741211,2020-07-21,13.319999694824219,2020-03-12,false,false,251
2020-09-16,20.309999465942383,27.40999984741211,2020-07-21,13.319999694824219,2020-03-12,false,false,251
2020-09-17,21.1200008392334,27.40999984741211,2020-07-21,13.319999694824219,2020-03-12,false,false,251
2020-09-18,20.670000076293945,27.40999984741211,2020-07-21,13.319999694824219,2020-03-12,false,false,251
2020-09-21,20.610000610351562,27.40999984741211,2020-07-21,13.319999694824219,2020-03-12,false,false,251
2020-09-22,20.690000534057617,27.40999984741211,2020-07-21,13.319999694824219,2020-03-12,false,false,251
2020-09-23,20.639999389648438,27.40999984741211,2020-07-21,13.319999694824219,2020-03-12,false,false,251
2020-09-24,20.950000762939453,27.40999984741211,2020-07-21,13.319999694824219,2020-03-12,false,false,251
2020-09-25,20.969999313354492,27.40999984741211,2020-07-21,13.319999694824219,2020-03-12,false,false,251
2020-09-28,21.18000030517578,27.40999984741211,2020-07-21,13.319999694824219,2020-03-12,false,false,251
2020-09-29,21.1200008392334,27.40999984741211,2020-07-21,13.319999694824219,2020-03-12,false,false,251
2020-09-30,20.93000030517578,27.40999984741211,2020-07-21,13.319999694824219,2020-03-12,false,false,251
2020-10-01,21.15999984741211,27.40999984741211,2020-07-21,13.319999694824219,2020-03-12,false,false,251
2020-10-02,20.690000534057617,27.40999984741211,2020-07-21,13.319999694824219,2020-03-12,false,false,251
2020-10-05,21.34000015258789,27.40999984741211,2020-07-21,13.319999694824219,2020-03-12,false,false,251
2020-10-06,21.09000015258789,27.40999984741211,2020-07-21,13.319999694824219,2020-03-12,false,false,251
2020-10-07,21.170000076293945,27.40999984741211,2020-07-21,13.319999694824219,2020-03-12,false,false,251
2020-10-08,21.290000915527344,27.40999984741211,2020-07-21,13.319999694824219,2020-03-12,false,false,251
2020-10-09,21.790000915527344,27.40999984741211,2020-07-21,13.319999694824219,2020-03-12,false,false,251
2020-10-12,21.56999969482422,27.40999984741211,2020-07-21,13.319999694824219,2020-03-12,false,false,251
2020-10-13,21.90999984741211,27.40999984741211,2020-07-21,13.319999694824219,2020-03-12,false,false,251
2020-10-14,21.65999984741211,27.40999984741211,2020-07-21,13.319999694824219,2020-03-12,false,false,251
2020-10-15,21.799999237060547,27.40999984741211,2020-07-21,13.319999694824219,2020-03-12,false,false,251
2020-10-16,21.8799991607666,27.40999984741211,2020-07-21,13.319999694824219,2020-03-12,false,false,251
2020-10-19,21.389999389648438,27.40999984741211,2020-07-21,13.319999694824219,2020-03-12,false,false,251
2020-10-20,21.31999969482422,27.40999984741211,2020-07-21,13.319999694824219,2020-03-12,false,false,251
2020-10-21,21.40999984741211,27.40999984741211,2020-07-21,13.319999694824219,2020-03-12,false,false,251
2020-10-22,20.850000381469727,27.40999984741211,2020-07-21,13.319999694824219,2020-03-12,false,false,251
2020-10-23,20.670000076293945,27.40999984741211,2020-07-21,13.319999694824219,2020-03-12,false,false,251
2020-10-26,20.81999969482422,27.40999984741211,2020-07-21,13.319999694824219,2020-03-12,false,false,251
2020-10-27,20.399999618530273,27.40999984741211,2020-07-21,13.319999694824219,2020-03-12,false,false,251
2020-10-28,20.329999923706055,27.40999984741211,2020-07-21,13.319999694824219,2020-03-12,false,false,251
2020-10-29,19.479999542236328,27.40999984741211,2020-07-21,13.319999694824219,2020-03-12,false,false,251
2020-10-30,19.049999237060547,27.40999984741211,2020-07-21,13.319999694824219,2020-03-12,false,false,251
2020-11-02,18.59000015258789,27.40999984741211,2020-07-21,13.319999694824219,2020-03-12,false,false,251
2020-11-03,19.799999237060547,27.40999984741211,2020-07-21,13.319999694824219,2020-03-12,false,false,251
2020-11-04,19.809999465942383,27.40999984741211,2020-07-21,13.319999694824219,2020-03-12,false,false,251
2020-11-05,20.25,27.40999984741211,2020-07-21,13.319999694824219,2020-03-12,false,false,251
2020-11-06,20.31999969482422,27.40999984741211,2020-07-21,13.319999694824219,2020-03-12,false,false,251
2020-11-09,19.559999465942383,27.40999984741211,2020-07-21,13.319999694824219,2020-03-12,false,false,251
2020-11-10,20.010000228881836,27.40999984741211,2020-07-21,13.319999694824219,2020-03-12,false,false,251
2020-11-11,20.15999984741211,27.40999984741211,2020-07-21,13.319999694824219,2020-03-12,false,false,251
2020-11-12,20.229999542236328,27.40999984741211,2020-07-21,13.319999694824219,2020-03-12,false,false,251
2020-11-13,20.40999984741211,27.40999984741211,2020-07-21,13.319999694824219,2020-03-12,false,false,251
2020-11-16,20.350000381469727,27.40999984741211,2020-07-21,13.319999694824219,2020-03-12,false,false,251
2020-11-17,20.31999969482422,27.40999984741211,2020-07-21,13.319999694824219,2020-03-12,false,false,251
2020-11-18,19.729999542236328,27.40999984741211,2020-07-21,13.319999694824219,2020-03-12,false,false,251
2020-11-19,20.280000686645508,27.40999984741211,2020-07-21,13.319999694824219,2020-03-12,false,false,251
2020-11-20,20.040000915527344,27.40999984741211,2020-07-21,13.319999694824219,2020-03-12,false,false,251
2020-11-23,20.829999923706055,27.40999984741211,2020-07-21,13.319999694824219,2020-03-12,false,false,251
2020-11-24,20.780000686645508,27.40999984741211,2020-07-21,13.319999694824219,2020-03-12,false,false,251
2020-11-25,20.299999237060547,27.40999984741211,2020-07-21,13.319999694824219,2020-03-12,false,false,251
2020-11-27,20.59000015258789,27.40999984741211,2020-07-21,13.319999694824219,2020-03-12,false,false,251
2020-11-30,21.170000076293945,27.40999984741211,2020-07-21,13.319999694824219,2020-03-12,false,false,251
2020-12-01,21.280000686645508,27.40999984741211,2020-07-21,13.319999694824219,2020-03-12,false,false,251
2020-12-02,20.719999313354492,27.40999984741211,2020-07-21,13.319999694824219,2020-03-12,false,false,251
2020-12-03,20.010000228881836,27.40999984741211,2020-07-21,13.319999694824219,2020-03-12,false,false,251
2020-12-04,19.889999389648438,27.40999984741211,2020-07-21,13.319999694824219,2020-03-12,false,false,251
2020-12-07,19.93000030517578,27.40999984741211,2020-07-21,13.319999694824219,2020-03-12,false,false,251
2020-12-08,20.100000381469727,27.40999984741211,2020-07-21,13.319999694824219,2020-03-12,false,false,251
2020-12-09,20.030000686645508,27.40999984741211,2020-07-21,13.319999694824219,2020-03-12,false,false,251
2020-12-10,20.110000610351562,27.40999984741211,2020-07-21,13.319999694824219,2020-03-12,false,false,251
2020-12-11,19.690000534057617,27.40999984741211,2020-07-21,13.319999694824219,2020-03-12,false,false,251
2020-12-14,19.440000534057617,27.40999984741211,2020-07-21,13.319999694824219,2020-03-12,false,false,251
2020-12-15,19.799999237060547,27.40999984741211,2020-07-21,13.319999694824219,2020-03-12,false,false,251
2020-12-16,19.940000534057617,27.40999984741211,2020-07-21,13.319999694824219,2020-03-12,false,false,251
2020-12-17,20.329999923706055,27.40999984741211,2020-07-21,13.319999694824219,2020-03-12,false,false,251
2020-12-18,20.540000915527344,27.40999984741211,2020-07-21,13.319999694824219,2020-03-12,false,false,251
2020-12-21,20.1299991607666,27.40999984741211,2020-07-21,13.319999694824219,2020-03-12,false,false,251
2020-12-22,20.209999084472656,27.40999984741211,2020-07-21,13.319999694824219,2020-03-12,false,false,251
2020-12-23,20.469999313354492,27.40999984741211,2020-07-21,13.319999694824219,2020-03-12,false,false,251
2020-12-24,20.290000915527344,27.40999984741211,2020-07-21,13.319999694824219,2020-03-12,false,false,252
2020-12-28,20.56999969482422,27.40999984741211,2020-07-21,13.319999694824219,2020-03-12,false,false,251
2020-12-29,20.530000686645508,27.40999984741211,2020-07-21,13.319999694824219,2020-03-12,false,false,251
2020-12-30,20.1200008392334,27.40999984741211,2020-07-21,13.319999694824219,2020-03-12,false,false,251
2020-12-31,20.100000381469727,27.40999984741211,2020-07-21,13.319999694824219,2020-03-12,false,false,252
2021-01-04,20.229999542236328,27.40999984741211,2020-07-21,13.319999694824219,2020-03-12,false,false,251
2021-01-05,20.18000030517578,27.40999984741211,2020-07-21,13.319999694824219,2020-03-12,false,false,251
2021-01-06,20.260000228881836,27.40999984741211,2020-07-21,13.319999694824219,2020-03-12,false,false,251
2021-01-07,19.6299991607666,27.40999984741211,2020-07-21,13.319999694824219,2020-03-12,false,false,251
2021-01-08,19.420000076293945,27.40999984741211,2020-07-21,13.319999694824219,2020-03-12,false,false,251
2021-01-11,19.479999542236328,27.40999984741211,2020-07-21,13.319999694824219,2020-03-12,false,false,251
2021-01-12,19.690000534057617,27.40999984741211,2020-07-21,13.319999694824219,2020-03-12,false,false,251
2021-01-13,20.190000534057617,27.40999984741211,2020-07-21,13.319999694824219,2020-03-12,false,false,251
2021-01-14,20.469999313354492,27.40999984741211,2020-07-21,13.319999694824219,2020-03-12,false,false,251
2021-01-15,20.920000076293945,27.40999984741211,2020-07-21,13.319999694824219,2020-03-12,false,false,251
2021-01-19,21.190000534057617,27.40999984741211,2020-07-21,13.319999694824219,2020-03-12,false,false,251
2021-01-20,21.010000228881836,27.40999984741211,2020-07-21,13.319999694824219,2020-03-12,false,false,251
2021-01-21,21.09000015258789,27.40999984741211,2020-07-21,13.319999694824219,2020-03-12,false,false,251
2021-01-22,21.40999984741211,27.40999984741211,2020-07-21,13.319999694824219,2020-03-12,false,false,251
2021-01-25,22.270000457763672,27.40999984741211,2020-07-21,13.319999694824219,2020-03-12,false,false,251
2021-01-26,23.90999984741211,27.40999984741211,2020-07-21,13.319999694824219,2020-03-12,false,false,251
2021-01-27,24.610000610351562,27.40999984741211,2020-07-21,13.319999694824219,2020-03-12,false,false,251
2021-01-28,22.559999465942383,27.40999984741211,2020-07-21,13.319999694824219,2020-03-12,false,false,251
2021-01-29,22.649999618530273,27.40999984741211,2020-07-21,13.319999694824219,2020-03-12,false,false,251
2021-02-01,22.270000457763672,27.40999984741211,2020-07-21,13.319999694824219,2020-03-12,false,false,251
2021-02-02,21.610000610351562,27.40999984741211,2020-07-21,13.319999694824219,2020-03-12,false,false,251
2021-02-03,21.940000534057617,27.40999984741211,2020-07-21,13.319999694824219,2020-03-12,false,false,251
2021-02-04,22.239999771118164,27.40999984741211,2020-07-21,13.319999694824219,2020-03-12,false,false,251
2021-02-05,22.309999465942383,27.40999984741211,2020-07-21,13.319999694824219,2020-03-12,false,false,251
2021-02-08,22.530000686645508,27.40999984741211,2020-07-21,13.319999694824219,2020-03-12,false,false,251
2021-02-09,22.8799991607666,27.40999984741211,2020-07-21,13.319999694824219,2020-03-12,false,false,251
2021-02-10,22.59000015258789,27.40999984741211,2020-07-21,13.319999694824219,2020-03-12,false,false,251
2021-02-11,22.450000762939453,27.40999984741211,2020-07-21,13.319999694824219,2020-03-12,false,false,251
2021-02-12,21.969999313354492,27.40999984741211,2020-07-21,13.319999694824219,2020-03-12,false,false,251
2021-02-16,21.790000915527344,27.40999984741211,2020-07-21,13.319999694824219,2020-03-12,false,false,251
2021-02-17,21.739999771118164,27.40999984741211,2020-07-21,13.319999694824219,2020-03-12,false,false,251
2021-02-18,21.690000534057617,27.40999984741211,2020-07-21,13.319999694824219,2020-03-12,false,false,251
2021-02-19,21.8799991607666,27.40999984741211,2020-07-21,13.319999694824219,2020-03-12,false,false,251
2021-02-22,21.6299991607666,27.40999984741211,2020-07-21,13.319999694824219,2020-03-12,false,false,251
2021-02-23,21.809999465942383,27.40999984741211,2020-07-21,13.319999694824219,2020-03-12,false,false,251
2021-02-24,21.479999542236328,27.40999984741211,2020-07-21,13.319999694824219,2020-03-12,false,false,251
2021-02-25,20.520000457763672,27.40999984741211,2020-07-21,13.319999694824219,2020-03-12,false,false,251
2021-02-26,21.110000610351562,27.40999984741211,2020-07-21,13.319999694824219,2020-03-12,false,false,251
2021-03-01,21.780000686645508,27.40999984741211,2020-07-21,13.319999694824219,2020-03-12,false,false,251
2021-03-02,21.770000457763672,27.40999984741211,2020-07-21,13.319999694824219,2020-03-12,false,false,251
2021-03-03,23,27.40999984741211,2020-07-21,13.319999694824219,2020-03-12,false,false,251
2021-03-04,24.079999923706055,27.40999984741211,2020-07-21,13.319999694824219,2020-03-12,false,false,251
2021-03-05,23.6200008392334,27.40999984741211,2020-07-21,13.319999694824219,2020-03-12,false,false,251
2021-03-08,23.860000610351562,27.40999984741211,2020-07-21,13.319999694824219,2020-03-12,false,false,251
2021-03-09,23.229999542236328,27.40999984741211,2020-07-21,13.319999694824219,2020-03-12,false,false,251
2021-03-10,24.100000381469727,27.40999984741211,2020-07-21,13.319999694824219,2020-03-12,false,false,251
2021-03-11,24.350000381469727,27.40999984741211,2020-07-21,13.319999694824219,2020-03-12,false,false,251
2021-03-12,24.43000030517578,27.40999984741211,2020-07-21,13.319999694824219,2020-03-12,false,false,251
2021-03-15,24.809999465942383,27.40999984741211,2020-07-21,16.360000610351562,2020-03-16,false,false,251
2021-03-16,24.420000076293945,27.40999984741211,2020-07-21,16.360000610351562,2020-03-16,false,false,251
2021-03-17,24.25,27.40999984741211,2020-07-21,16.579999923706055,2020-03-23,false,false,251
2021-03-18,24.049999237060547,27.40999984741211,2020-07-21,16.579999923706055,2020-03-23,false,false,251
2021-03-19,24.030000686645508,27.40999984741211,2020-07-21,16.579999923706055,2020-03-23,false,false,251
2021-03-22,25.18000030517578,27.40999984741211,2020-07-21,16.579999923706055,2020-03-23,false,false,251
2021-03-23,25.8700008392334,27.40999984741211,2020-07-21,16.579999923706055,2020-03-23,false,false,251
2021-03-24,25.280000686645508,27.40999984741211,2020-07-21,17.139999389648438,2020-03-25,false,false,251
2021-03-25,26.299999237060547,27.40999984741211,2020-07-21,17.139999389648438,2020-03-25,false,false,251
2021-03-26,27.959999084472656,27.959999084472656,2021-03-26,17.969999313354492,2020-03-27,true,false,251
2021-03-29,28,28,2021-03-29,17.969999313354492,2020-03-27,true,false,251
2021-03-30,28.1299991607666,28.1299991607666,2021-03-30,18.59000015258789,2020-11-02,true,false,251
2021-03-31,26.6200008392334,28.1299991607666,2021-03-30,18.59000015258789,2020-11-02,false,false,251
2021-04-01,26.420000076293945,28.1299991607666,2021-03-30,18.59000015258789,2020-11-02,false,false,251
2021-04-05,26.739999771118164,28.1299991607666,2021-03-30,18.59000015258789,2020-11-02,false,false,250
2021-04-06,26.489999771118164,28.1299991607666,2021-03-30,18.59000015258789,2020-11-02,false,false,250
2021-04-07,26.530000686645508,28.1299991607666,2021-03-30,18.59000015258789,2020-11-02,false,false,250
2021-04-08,25.979999542236328,28.1299991607666,2021-03-30,18.59000015258789,2020-11-02,false,false,250
2021-04-09,26.100000381469727,28.1299991607666,2021-03-30,18.59000015258789,2020-11-02,false,false,250
2021-04-12,27.270000457763672,28.1299991607666,2021-03-30,18.59000015258789,2020-11-02,false,false,251
2021-04-13,27.260000228881836,28.1299991607666,2021-03-30,18.59000015258789,2020-11-02,false,false,251
2021-04-14,26.420000076293945,28.1299991607666,2021-03-30,18.59000015258789,2020-11-02,false,false,251
2021-04-15,26.739999771118164,28.1299991607666,2021-03-30,18.59000015258789,2020-11-02,false,false,251
2021-04-16,27,28.1299991607666,2021-03-30,18.59000015258789,2020-11-02,false,false,251
2021-04-19,26.860000610351562,28.1299991607666,2021-03-30,18.59000015258789,2020-11-02,false,false,251
2021-04-20,27,28.1299991607666,2021-03-30,18.59000015258789,2020-11-02,false,false,251
2021-04-21,27.030000686645508,28.1299991607666,2021-03-30,18.59000015258789,2020-11-02,false,false,251
2021-04-22,26.549999237060547,28.1299991607666,2021-03-30,18.59000015258789,2020-11-02,false,false,251
2021-04-23,26.520000457763672,28.1299991607666,2021-03-30,18.59000015258789,2020-11-02,false,false,251
2021-04-26,25.56999969482422,28.1299991607666,2021-03-30,18.59000015258789,2020-11-02,false,false,251
2021-04-27,25.799999237060547,28.1299991607666,2021-03-30,18.59000015258789,2020-11-02,false,false,251
2021-04-28,26.190000534057617,28.1299991607666,2021-03-30,18.59000015258789,2020-11-02,false,false,251
2021-04-29,26.209999084472656,28.1299991607666,2021-03-30,18.59000015258789,2020-11-02,false,false,251
2021-04-30,25.610000610351562,28.1299991607666,2021-03-30,18.59000015258789,2020-11-02,false,false,251
2021-05-03,26.530000686645508,28.1299991607666,2021-03-30,18.59000015258789,2020-11-02,false,false,251
2021-05-04,26.09000015258789,28.1299991607666,2021-03-30,18.59000015258789,2020-11-02,false,false,251
2021-05-05,25.8700008392334,28.1299991607666,2021-03-30,18.59000015258789,2020-11-02,false,false,251
2021-05-06,26.3700008392334,28.1299991607666,2021-03-30,18.59000015258789,2020-11-02,false,false,251
2021-05-07,25.809999465942383,28.1299991607666,2021-03-30,18.59000015258789,2020-11-02,false,false,251
2021-05-10,26.920000076293945,28.1299991607666,2021-03-30,18.59000015258789,2020-11-02,false,false,251
2021-05-11,26.950000762939453,28.1299991607666,2021-03-30,18.59000015258789,2020-11-02,false,false,251
2021-05-12,25.719999313354492,28.1299991607666,2021-03-30,18.59000015258789,2020-11-02,false,false,251
2021-05-13,25.889999389648438,28.1299991607666,2021-03-30,18.59000015258789,2020-11-02,false,false,251
2021-05-14,26.3700008392334,28.1299991607666,2021-03-30,18.59000015258789,2020-11-02,false,false,251
2021-05-17,26.360000610351562,28.1299991607666,2021-03-30,18.59000015258789,2020-11-02,false,false,251
2021-05-18,26.299999237060547,28.1299991607666,2021-03-30,18.59000015258789,2020-11-02,false,false,251
2021-05-19,25.420000076293945,28.1299991607666,2021-03-30,18.59000015258789,2020-11-02,false,false,251
2021-05-20,25.479999542236328,28.1299991607666,2021-03-30,18.59000015258789,2020-11-02,false,false,251
2021-05-21,25.799999237060547,28.1299991607666,2021-03-30,18.59000015258789,2020-11-02,false,false,251
2021-05-24,25.56999969482422,28.1299991607666,2021-03-30,18.59000015258789,2020-11-02,false,false,251
2021-05-25,25.690000534057617,28.1299991607666,2021-03-30,18.59000015258789,2020-11-02,false,false,252
2021-05-26,25.760000228881836,28.1299991607666,2021-03-30,18.59000015258789,2020-11-02,false,false,252
2021-05-27,26.059999465942383,28.1299991607666,2021-03-30,18.59000015258789,2020-11-02,false,false,252
2021-05-28,26.600000381469727,28.1299991607666,2021-03-30,18.59000015258789,2020-11-02,false,false,252
2021-06-01,26.600000381469727,28.1299991607666,2021-03-30,18.59000015258789,2020-11-02,false,false,251
2021-06-02,27.389999389648438,28.1299991607666,2021-03-30,18.59000015258789,2020-11-02,false,false,251
2021-06-03,27.559999465942383,28.1299991607666,2021-03-30,18.59000015258789,2020-11-02,false,false,251
2021-06-04,27.579999923706055,28.1299991607666,2021-03-30,18.59000015258789,2020-11-02,false,false,251
2021-06-07,27.770000457763672,28.1299991607666,2021-03-30,18.59000015258789,2020-11-02,false,false,251
2021-06-08,27.959999084472656,28.1299991607666,2021-03-30,18.59000015258789,2020-11-02,false,false,251
2021-06-09,27.670000076293945,28.1299991607666,2021-03-30,18.59000015258789,2020-11-02,false,false,251
2021-06-10,29,29,2021-06-10,18.59000015258789,2020-11-02,true,false,251
2021-06-11,29,29,2021-06-11,18.59000015258789,2020-11-02,true,false,251
2021-06-14,28.75,29,2021-06-11,18.59000015258789,2020-11-02,false,false,251
2021-06-15,28.299999237060547,29,2021-06-11,18.59000015258789,2020-11-02,false,false,251
2021-06-16,27.56999969482422,29,2021-06-11,18.59000015258789,2020-11-02,false,false,251
2021-06-17,27.889999389648438,29,2021-06-11,18.59000015258789,2020-11-02,false,false,251
2021-06-18,27.56999969482422,29,2021-06-11,18.59000015258789,2020-11-02,false,false,251
2021-06-21,28.1299991607666,29,2021-06-11,18.59000015258789,2020-11-02,false,false,251
2021-06-22,27.850000381469727,29,2021-06-11,18.59000015258789,2020-11-02,false,false,251
2021-06-23,26.979999542236328,29,2021-06-11,18.59000015258789,2020-11-02,false,false,251
2021-06-24,26.31999969482422,29,2021-06-11,18.59000015258789,2020-11-02,false,false,251
2021-06-25,26.3799991607666,29,2021-06-11,18.59000015258789,2020-11-02,false,false,251
2021-06-28,26.469999313354492,29,2021-06-11,18.59000015258789,2020-11-02,false,false,251
2021-06-29,25.329999923706055,29,2021-06-11,18.59000015258789,2020-11-02,false,false,251
2021-06-30,24.850000381469727,29,2021-06-11,18.59000015258789,2020-11-02,false,false,251
2021-07-01,25.399999618530273,29,2021-06-11,18.59000015258789,2020-11-02,false,false,251
2021-07-02,25.489999771118164,29,2021-06-11,18.59000015258789,2020-11-02,false,false,251
2021-07-06,25.280000686645508,29,2021-06-11,18.59000015258789,2020-11-02,false,false,251
2021-07-07,25.790000915527344,29,2021-06-11,18.59000015258789,2020-11-02,false,false,251
2021-07-08,25.75,29,2021-06-11,18.59000015258789,2020-11-02,false,false,251
2021-07-09,26.540000915527344,29,2021-06-11,18.59000015258789,2020-11-02,false,false,251
2021-07-12,26.219999313354492,29,2021-06-11,18.59000015258789,2020-11-02,false,false,251
2021-07-13,25.649999618530273,29,2021-06-11,18.59000015258789,2020-11-02,false,false,251
2021-07-14,25.450000762939453,29,2021-06-11,18.59000015258789,2020-11-02,false,false,251
2021-07-15,25.459999084472656,29,2021-06-11,18.59000015258789,2020-11-02,false,false,251
2021-07-16,25.709999084472656,29,2021-06-11,18.59000015258789,2020-11-02,false,false,251
2021-07-19,25.850000381469727,29,2021-06-11,18.59000015258789,2020-11-02,false,false,251
2021-07-20,25.670000076293945,29,2021-06-11,18.59000015258789,2020-11-02,false,false,251
2021-07-21,25.200000762939453,29,2021-06-11,18.59000015258789,2020-11-02,false,false,251
2021-07-22,24.700000762939453,29,2021-06-11,18.59000015258789,2020-11-02,false,false,251
2021-07-23,24.739999771118164,29,2021-06-11,18.59000015258789,2020-11-02,false,false,251
2021-07-26,24.579999923706055,29,2021-06-11,18.59000015258789,2020-11-02,false,false,251
2021-07-27,24.690000534057617,29,2021-06-11,18.59000015258789,2020-11-02,false,false,251
2021-07-28,24.829999923706055,29,2021-06-11,18.59000015258789,2020-11-02,false,false,251
2021-07-29,24.950000762939453,29,2021-06-11,18.59000015258789,2020-11-02,false,false,251
2021-07-30,24.579999923706055,29,2021-06-11,18.59000015258789,2020-11-02,false,false,251
2021-08-02,24.479999542236328,29,2021-06-11,18.59000015258789,2020-11-02,false,false,251
2021-08-03,24.43000030517578,29,2021-06-11,18.59000015258789,2020-11-02,false,false,251
2021-08-04,23.65999984741211,29,2021-06-11,18.59000015258789,2020-11-02,false,false,251
2021-08-05,24.420000076293945,29,2021-06-11,18.59000015258789,2020-11-02,false,false,251
2021-08-06,23.799999237060547,29,2021-06-11,18.59000015258789,2020-11-02,false,false,251
2021-08-09,24.260000228881836,29,2021-06-11,18.59000015258789,2020-11-02,false,false,251
2021-08-10,24.670000076293945,29,2021-06-11,18.59000015258789,2020-11-02,false,false,251
2021-08-11,24.709999084472656,29,2021-06-11,18.59000015258789,2020-11-02,false,false,251
2021-08-12,24.600000381469727,29,2021-06-11,18.59000015258789,2020-11-02,false,false,251
2021-08-13,24.260000228881836,29,2021-06-11,18.59000015258789,2020-11-02,false,false,251
2021-08-16,24.229999542236328,29,2021-06-11,18.59000015258789,2020-11-02,false,false,251
2021-08-17,24.84000015258789,29,2021-06-11,18.59000015258789,2020-11-02,false,false,251
2021-08-18,25.020000457763672,29,2021-06-11,18.59000015258789,2020-11-02,false,false,251
2021-08-19,24.56999969482422,29,2021-06-11,18.59000015258789,2020-11-02,false,false,251
2021-08-20,24.950000762939453,29,2021-06-11,18.59000015258789,2020-11-02,false,false,251
2021-08-23,24.770000457763672,29,2021-06-11,18.59000015258789,2020-11-02,false,false,251
2021-08-24,24.290000915527344,29,2021-06-11,18.59000015258789,2020-11-02,false,false,251
2021-08-25,24.3700008392334,29,2021-06-11,18.59000015258789,2020-11-02,false,false,251
2021-08-26,24.549999237060547,29,2021-06-11,18.59000015258789,2020-11-02,false,false,251
2021-08-27,24.709999084472656,29,2021-06-11,18.59000015258789,2020-11-02,false,false,251
2021-08-30,24.649999618530273,29,2021-06-11,18.59000015258789,2020-11-02,false,false,251
2021-08-31,24.899999618530273,29,2021-06-11,18.59000015258789,2020-11-02,false,false,251
2021-09-01,24.270000457763672,29,2021-06-11,18.59000015258789,2020-11-02,false,false,251
2021-09-02,24.8799991607666,29,2021-06-11,18.59000015258789,2020-11-02,false,false,251
2021-09-03,24.549999237060547,29,2021-06-11,18.59000015258789,2020-11-02,false,false,251
2021-09-07,23.799999237060547,29,2021-06-11,18.59000015258789,2020-11-02,false,false,251
2021-09-08,23.290000915527344,29,2021-06-11,18.59000015258789,2020-11-02,false,false,251
2021-09-09,23.3799991607666,29,2021-06-11,18.59000015258789,2020-11-02,false,false,251
2021-09-10,23.149999618530273,29,2021-06-11,18.59000015258789,2020-11-02,false,false,251
2021-09-13,22.979999542236328,29,2021-06-11,18.59000015258789,2020-11-02,false,false,251
2021-09-14,22.6200008392334,29,2021-06-11,18.59000015258789,2020-11-02,false,false,251
2021-09-15,22.59000015258789,29,2021-06-11,18.59000015258789,2020-11-02,false,false,251
2021-09-16,22.809999465942383,29,2021-06-11,18.59000015258789,2020-11-02,false,false,251
2021-09-17,22.75,29,2021-06-11,18.59000015258789,2020-11-02,false,false,251
2021-09-20,22.40999984741211,29,2021-06-11,18.59000015258789,2020-11-02,false,false,251
2021-09-21,22.639999389648438,29,2021-06-11,18.59000015258789,2020-11-02,false,false,251
2021-09-22,22.440000534057617,29,2021-06-11,18.59000015258789,2020-11-02,false,false,251
2021-09-23,22.770000457763672,29,2021-06-11,18.59000015258789,2020-11-02,false,false,251
2021-09-24,22.43000030517578,29,2021-06-11,18.59000015258789,2020-11-02,false,false,251
2021-09-27,23.040000915527344,29,2021-06-11,18.59000015258789,2020-11-02,false,false,251
2021-09-28,23,29,2021-06-11,18.59000015258789,2020-11-02,false,false,251
2021-09-29,23.56999969482422,29,2021-06-11,18.59000015258789,2020-11-02,false,false,251
2021-09-30,23.170000076293945,29,2021-06-11,18.59000015258789,2020-11-02,false,false,251
2021-10-01,21.989999771118164,29,2021-06-11,18.59000015258789,2020-11-02,false,false,251
2021-10-04,22.6299991607666,29,2021-06-11,18.59000015258789,2020-11-02,false,false,251
2021-10-05,22.149999618530273,29,2021-06-11,18.59000015258789,2020-11-02,false,false,251
2021-10-06,22.229999542236328,29,2021-06-11,18.59000015258789,2020-11-02,false,false,251
2021-10-07,22.200000762939453,29,2021-06-11,18.59000015258789,2020-11-02,false,false,251
2021-10-08,22.329999923706055,29,2021-06-11,18.59000015258789,2020-11-02,false,false,251
2021-10-11,22.43000030517578,29,2021-06-11,18.59000015258789,2020-11-02,false,false,251
2021-10-12,22.639999389648438,29,2021-06-11,18.59000015258789,2020-11-02,false,false,251
2021-10-13,22.530000686645508,29,2021-06-11,18.59000015258789,2020-11-02,false,false,251
2021-10-14,22.489999771118164,29,2021-06-11,18.59000015258789,2020-11-02,false,false,251
2021-10-15,22.110000610351562,29,2021-06-11,18.59000015258789,2020-11-02,false,false,251
2021-10-18,22.420000076293945,29,2021-06-11,18.59000015258789,2020-11-02,false,false,251
2021-10-19,22.239999771118164,29,2021-06-11,18.59000015258789,2020-11-02,false,false,251
2021-10-20,22.260000228881836,29,2021-06-11,18.59000015258789,2020-11-02,false,false,251
2021-10-21,22.1299991607666,29,2021-06-11,18.59000015258789,2020-11-02,false,false,251
2021-10-22,22.420000076293945,29,2021-06-11,18.59000015258789,2020-11-02,false,false,251
2021-10-25,22.170000076293945,29,2021-06-11,18.59000015258789,2020-11-02,false,false,251
2021-10-26,22.010000228881836,29,2021-06-11,18.59000015258789,2020-11-02,false,false,251
2021-10-27,21.760000228881836,29,2021-06-11,18.59000015258789,2020-11-02,false,false,251
2021-10-28,22.030000686645508,29,2021-06-11,18.59000015258789,2020-11-02,false,false,251
2021-10-29,22.139999389648438,29,2021-06-11,18.59000015258789,2020-11-02,false,false,251
2021-11-01,22.290000915527344,29,2021-06-11,18.59000015258789,2020-11-02,false,false,251
2021-11-02,22.200000762939453,29,2021-06-11,18.59000015258789,2020-11-02,false,false,251
2021-11-03,23.3700008392334,29,2021-06-11,19.420000076293945,2021-01-08,false,false,251
2021-11-04,23.049999237060547,29,2021-06-11,19.420000076293945,2021-01-08,false,false,251
2021-11-05,24.1299991607666,29,2021-06-11,19.420000076293945,2021-01-08,false,false,251
2021-11-08,24.3700008392334,29,2021-06-11,19.420000076293945,2021-01-08,false,false,251
2021-11-09,24.329999923706055,29,2021-06-11,19.420000076293945,2021-01-08,false,false,251
2021-11-10,24.059999465942383,29,2021-06-11,19.420000076293945,2021-01-08,false,false,251
2021-11-11,24.110000610351562,29,2021-06-11,19.420000076293945,2021-01-08,false,false,251
2021-11-12,24.1200008392334,29,2021-06-11,19.420000076293945,2021-01-08,false,false,251
2021-11-15,24.610000610351562,29,2021-06-11,19.420000076293945,2021-01-08,false,false,251
2021-11-16,24.959999084472656,29,2021-06-11,19.420000076293945,2021-01-08,false,false,251
2021-11-17,25.049999237060547,29,2021-06-11,19.420000076293945,2021-01-08,false,false,251
2021-11-18,25.25,29,2021-06-11,19.420000076293945,2021-01-08,false,false,251
2021-11-19,25.81999969482422,29,2021-06-11,19.420000076293945,2021-01-08,false,false,251
2021-11-22,27.350000381469727,29,2021-06-11,19.420000076293945,2021-01-08,false,false,251
2021-11-23,27.06999969482422,29,2021-06-11,19.420000076293945,2021-01-08,false,false,251
2021-11-24,26.790000915527344,29,2021-06-11,19.420000076293945,2021-01-08,false,false,251
2021-11-26,26.889999389648438,29,2021-06-11,19.420000076293945,2021-01-08,false,false,251
2021-11-29,27.09000015258789,29,2021-06-11,19.420000076293945,2021-01-08,false,false,251
2021-11-30,26.459999084472656,29,2021-06-11,19.420000076293945,2021-01-08,false,false,251
2021-12-01,26.309999465942383,29,2021-06-11,19.420000076293945,2021-01-08,false,false,251
2021-12-02,26.6200008392334,29,2021-06-11,19.420000076293945,2021-01-08,false,false,251
2021-12-03,26.420000076293945,29,2021-06-11,19.420000076293945,2021-01-08,false,false,251
2021-12-06,26.93000030517578,29,2021-06-11,19.420000076293945,2021-01-08,false,false,251
2021-12-07,26.549999237060547,29,2021-06-11,19.420000076293945,2021-01-08,false,false,251
2021-12-08,26.010000228881836,29,2021-06-11,19.420000076293945,2021-01-08,false,false,251
2021-12-09,26.34000015258789,29,2021-06-11,19.420000076293945,2021-01-08,false,false,251
2021-12-10,26.790000915527344,29,2021-06-11,19.420000076293945,2021-01-08,false,false,251
2021-12-13,27.43000030517578,29,2021-06-11,19.420000076293945,2021-01-08,false,false,251
2021-12-14,27.6200008392334,29,2021-06-11,19.420000076293945,2021-01-08,false,false,251
2021-12-15,28.049999237060547,29,2021-06-11,19.420000076293945,2021-01-08,false,false,251
2021-12-16,28.280000686645508,29,2021-06-11,19.420000076293945,2021-01-08,false,false,251
2021-12-17,28.309999465942383,29,2021-06-11,19.420000076293945,2021-01-08,false,false,251
2021-12-20,28.520000457763672,29,2021-06-11,19.420000076293945,2021-01-08,false,false,251
2021-12-21,27.75,29,2021-06-11,19.420000076293945,2021-01-08,false,false,251
2021-12-22,27.799999237060547,29,2021-06-11,19.420000076293945,2021-01-08,false,false,251
2021-12-23,27.979999542236328,29,2021-06-11,19.420000076293945,2021-01-08,false,false,251
2021-12-27,28.5,29,2021-06-11,19.420000076293945,2021-01-08,false,false,251
2021-12-28,29.489999771118164,29.489999771118164,2021-12-28,19.420000076293945,2021-01-08,true,false,251
2021-12-29,30.049999237060547,30.049999237060547,2021-12-29,19.420000076293945,2021-01-08,true,false,251
2021-12-30,29.8799991607666,30.049999237060547,2021-12-29,19.420000076293945,2021-01-08,false,false,251
2021-12-31,29.68000030517578,30.049999237060547,2021-12-29,19.420000076293945,2021-01-08,false,false,251
2022-01-03,29.770000457763672,30.049999237060547,2021-12-29,19.420000076293945,2021-01-08,false,false,252
2022-01-04,29.940000534057617,30.049999237060547,2021-12-29,19.420000076293945,2021-01-08,false,false,252
2022-01-05,29.079999923706055,30.049999237060547,2021-12-29,19.420000076293945,2021-01-08,false,false,252
2022-01-06,29.350000381469727,30.049999237060547,2021-12-29,19.420000076293945,2021-01-08,false,false,252
2022-01-07,30.209999084472656,30.209999084472656,2022-01-07,19.420000076293945,2021-01-08,true,false,252
2022-01-10,30.829999923706055,30.829999923706055,2022-01-10,19.420000076293945,2021-01-08,true,false,252
2022-01-11,28.739999771118164,30.829999923706055,2022-01-10,19.690000534057617,2021-01-12,false,false,252
2022-01-12,28.84000015258789,30.829999923706055,2022-01-10,19.690000534057617,2021-01-12,false,false,252
2022-01-13,29.450000762939453,30.829999923706055,2022-01-10,20.469999313354492,2021-01-14,false,false,252
2022-01-14,29.239999771118164,30.829999923706055,2022-01-10,20.469999313354492,2021-01-14,false,false,252
2022-01-18,29.639999389648438,30.829999923706055,2022-01-10,20.520000457763672,2021-02-25,false,false,252
2022-01-19,29.170000076293945,30.829999923706055,2022-01-10,20.520000457763672,2021-02-25,false,false,252
2022-01-20,28.3700008392334,30.829999923706055,2022-01-10,20.520000457763672,2021-02-25,false,false,252
2022-01-21,28.56999969482422,30.829999923706055,2022-01-10,20.520000457763672,2021-02-25,false,false,252
2022-01-24,29.270000457763672,30.829999923706055,2022-01-10,20.520000457763672,2021-02-25,false,false,252
2022-01-25,27.81999969482422,30.829999923706055,2022-01-10,20.520000457763672,2021-02-25,false,false,252
2022-01-26,27.670000076293945,30.829999923706055,2022-01-10,20.520000457763672,2021-02-25,false,false,252
2022-01-27,28.270000457763672,30.829999923706055,2022-01-10,20.520000457763672,2021-02-25,false,false,252
2022-01-28,26.889999389648438,30.829999923706055,2022-01-10,20.520000457763672,2021-02-25,false,false,252
2022-01-31,27.139999389648438,30.829999923706055,2022-01-10,20.520000457763672,2021-02-25,false,false,252
2022-02-01,27.1200008392334,30.829999923706055,2022-01-10,20.520000457763672,2021-02-25,false,false,252
2022-02-02,28.09000015258789,30.829999923706055,2022-01-10,20.520000457763672,2021-02-25,false,false,252
2022-02-03,28.43000030517578,30.829999923706055,2022-01-10,20.520000457763672,2021-02-25,false,false,252
2022-02-04,28.809999465942383,30.829999923706055,2022-01-10,20.520000457763672,2021-02-25,false,false,252
2022-02-07,28.739999771118164,30.829999923706055,2022-01-10,20.520000457763672,2021-02-25,false,false,252
2022-02-08,29.420000076293945,30.829999923706055,2022-01-10,20.520000457763672,2021-02-25,false,false,252
2022-02-09,29.059999465942383,30.829999923706055,2022-01-10,20.520000457763672,2021-02-25,false,false,252
2022-02-10,28.719999313354492,30.829999923706055,2022-01-10,20.520000457763672,2021-02-25,false,false,252
2022-02-11,29.59000015258789,30.829999923706055,2022-01-10,20.520000457763672,2021-02-25,false,false,252
2022-02-14,29.350000381469727,30.829999923706055,2022-01-10,20.520000457763672,2021-02-25,false,false,252
2022-02-15,29.770000457763672,30.829999923706055,2022-01-10,20.520000457763672,2021-02-25,false,false,253
2022-02-16,29.030000686645508,30.829999923706055,2022-01-10,20.520000457763672,2021-02-25,false,false,253
2022-02-17,28.959999084472656,30.829999923706055,2022-01-10,20.520000457763672,2021-02-25,false,false,253
2022-02-18,29.1200008392334,30.829999923706055,2022-01-10,20.520000457763672,2021-02-25,false,false,253
2022-02-22,28.469999313354492,30.829999923706055,2022-01-10,20.520000457763672,2021-02-25,false,false,252
2022-02-23,28.68000030517578,30.829999923706055,2022-01-10,20.520000457763672,2021-02-25,false,false,252
2022-02-24,27.799999237060547,30.829999923706055,2022-01-10,20.520000457763672,2021-02-25,false,false,252
2022-02-25,29.190000534057617,30.829999923706055,2022-01-10,20.520000457763672,2021-02-25,false,false,252
2022-02-28,28.479999542236328,30.829999923706055,2022-01-10,21.760000228881836,2021-10-27,false,false,252
2022-03-01,28.389999389648438,30.829999923706055,2022-01-10,21.760000228881836,2021-10-27,false,false,252
2022-03-02,29.280000686645508,30.829999923706055,2022-01-10,21.760000228881836,2021-10-27,false,false,252
2022-03-03,31.440000534057617,31.440000534057617,2022-03-03,21.760000228881836,2021-10-27,true,false,252
2022-03-04,33.619998931884766,33.619998931884766,2022-03-04,21.760000228881836,2021-10-27,true,false,252
2022-03-07,33.59000015258789,33.619998931884766,2022-03-04,21.760000228881836,2021-10-27,false,false,252
2022-03-08,31.489999771118164,33.619998931884766,2022-03-04,21.760000228881836,2021-10-27,false,false,252
2022-03-09,30.889999389648438,33.619998931884766,2022-03-04,21.760000228881836,2021-10-27,false,false,252
2022-03-10,32.33000183105469,33.619998931884766,2022-03-04,21.760000228881836,2021-10-27,false,false,252
2022-03-11,31.010000228881836,33.619998931884766,2022-03-04,21.760000228881836,2021-10-27,false,false,252
2022-03-14,31.139999389648438,33.619998931884766,2022-03-04,21.760000228881836,2021-10-27,false,false,252
2022-03-15,31.469999313354492,33.619998931884766,2022-03-04,21.760000228881836,2021-10-27,false,false,252
2022-03-16,31.010000228881836,33.619998931884766,2022-03-04,21.760000228881836,2021-10-27,false,false,252
2022-03-17,31.25,33.619998931884766,2022-03-04,21.760000228881836,2021-10-27,false,false,252
2022-03-18,31.93000030517578,33.619998931884766,2022-03-04,21.760000228881836,2021-10-27,false,false,252
2022-03-21,32.04999923706055,33.619998931884766,2022-03-04,21.760000228881836,2021-10-27,false,false,252
2022-03-22,32.11000061035156,33.619998931884766,2022-03-04,21.760000228881836,2021-10-27,false,false,252
2022-03-23,32.61000061035156,33.619998931884766,2022-03-04,21.760000228881836,2021-10-27,false,false,252
2022-03-24,32.68000030517578,33.619998931884766,2022-03-04,21.760000228881836,2021-10-27,false,false,252
2022-03-25,32.849998474121094,33.619998931884766,2022-03-04,21.760000228881836,2021-10-27,false,false,252
2022-03-28,32.369998931884766,33.619998931884766,2022-03-04,21.760000228881836,2021-10-27,false,false,252
2022-03-29,32.220001220703125,33.619998931884766,2022-03-04,21.760000228881836,2021-10-27,false,false,252
2022-03-30,31.979999542236328,33.619998931884766,2022-03-04,21.760000228881836,2021-10-27,false,false,252
2022-03-31,31.979999542236328,33.619998931884766,2022-03-04,21.760000228881836,2021-10-27,false,false,252
2022-04-01,32.439998626708984,33.619998931884766,2022-03-04,21.760000228881836,2021-10-27,false,false,252
2022-04-04,32.09000015258789,33.619998931884766,2022-03-04,21.760000228881836,2021-10-27,false,false,253
2022-04-05,32.220001220703125,33.619998931884766,2022-03-04,21.760000228881836,2021-10-27,false,false,253
2022-04-06,33.060001373291016,33.619998931884766,2022-03-04,21.760000228881836,2021-10-27,false,false,253
2022-04-07,33.72999954223633,33.72999954223633,2022-04-07,21.760000228881836,2021-10-27,true,false,253
2022-04-08,34.75,34.75,2022-04-08,21.760000228881836,2021-10-27,true,false,253
2022-04-11,33.529998779296875,34.75,2022-04-08,21.760000228881836,2021-10-27,false,false,253
2022-04-12,32.56999969482422,34.75,2022-04-08,21.760000228881836,2021-10-27,false,false,253
2022-04-13,32.31999969482422,34.75,2022-04-08,21.760000228881836,2021-10-27,false,false,253
2022-04-14,32.099998474121094,34.75,2022-04-08,21.760000228881836,2021-10-27,false,false,253
2022-04-18,31.489999771118164,34.75,2022-04-08,21.760000228881836,2021-10-27,false,false,252
2022-04-19,32.61000061035156,34.75,2022-04-08,21.760000228881836,2021-10-27,false,false,252
2022-04-20,32.5099983215332,34.75,2022-04-08,21.760000228881836,2021-10-27,false,false,252
2022-04-21,32.13999938964844,34.75,2022-04-08,21.760000228881836,2021-10-27,false,false,252
2022-04-22,31.34000015258789,34.75,2022-04-08,21.760000228881836,2021-10-27,false,false,252
2022-04-25,31.579999923706055,34.75,2022-04-08,21.760000228881836,2021-10-27,false,false,252
2022-04-26,30.5,34.75,2022-04-08,21.760000228881836,2021-10-27,false,false,252
2022-04-27,30.059999465942383,34.75,2022-04-08,21.760000228881836,2021-10-27,false,false,252
2022-04-28,29.799999237060547,34.75,2022-04-08,21.760000228881836,2021-10-27,false,false,252
2022-04-29,29.799999237060547,34.75,2022-04-08,21.760000228881836,2021-10-27,false,false,252
2022-05-02,30.280000686645508,34.75,2022-04-08,21.760000228881836,2021-10-27,false,false,252
2022-05-03,30.75,34.75,2022-04-08,21.760000228881836,2021-10-27,false,false,252
2022-05-04,31.350000381469727,34.75,2022-04-08,21.760000228881836,2021-10-27,false,false,252
2022-05-05,23.75,34.75,2022-04-08,21.760000228881836,2021-10-27,false,false,252
2022-05-06,23.950000762939453,34.75,2022-04-08,21.760000228881836,2021-10-27,false,false,252
2022-05-09,24.90999984741211,34.75,2022-04-08,21.760000228881836,2021-10-27,false,false,252
2022-05-10,25.65999984741211,34.75,2022-04-08,21.760000228881836,2021-10-27,false,false,252
2022-05-11,24.200000762939453,34.75,2022-04-08,21.760000228881836,2021-10-27,false,false,252
2022-05-12,24.479999542236328,34.75,2022-04-08,21.760000228881836,2021-10-27,false,false,252
2022-05-13,24.940000534057617,34.75,2022-04-08,21.760000228881836,2021-10-27,false,false,252
2022-05-16,24.540000915527344,34.75,2022-04-08,21.760000228881836,2021-10-27,false,false,252
2022-05-17,24.420000076293945,34.75,2022-04-08,21.760000228881836,2021-10-27,false,false,252
2022-05-18,22.979999542236328,34.75,2022-04-08,21.760000228881836,2021-10-27,false,false,252
2022-05-19,22.989999771118164,34.75,2022-04-08,21.760000228881836,2021-10-27,false,false,252
2022-05-20,23.510000228881836,34.75,2022-04-08,21.760000228881836,2021-10-27,false,false,252
2022-05-23,23.6200008392334,34.75,2022-04-08,21.760000228881836,2021-10-27,false,false,252
2022-05-24,24.690000534057617,34.75,2022-04-08,21.760000228881836,2021-10-27,false,false,252
2022-05-25,25.15999984741211,34.75,2022-04-08,21.760000228881836,2021-10-27,false,false,252
2022-05-26,26.149999618530273,34.75,2022-04-08,21.760000228881836,2021-10-27,false,false,252
2022-05-27,26.719999313354492,34.75,2022-04-08,21.760000228881836,2021-10-27,false,false,252
2022-05-31,27.09000015258789,34.75,2022-04-08,21.760000228881836,2021-10-27,false,false,252
2022-06-01,26.729999542236328,34.75,2022-04-08,21.760000228881836,2021-10-27,false,false,252
2022-06-02,27.219999313354492,34.75,2022-04-08,21.760000228881836,2021-10-27,false,false,252
2022-06-03,27.3700008392334,34.75,2022-04-08,21.760000228881836,2021-10-27,false,false,252
2022-06-06,27.190000534057617,34.75,2022-04-08,21.760000228881836,2021-10-27,false,false,252
2022-06-07,27.010000228881836,34.75,2022-04-08,21.760000228881836,2021-10-27,false,false,252
2022-06-08,25.809999465942383,34.75,2022-04-08,21.760000228881836,2021-10-27,false,false,252
2022-06-09,25.260000228881836,34.75,2022-04-08,21.760000228881836,2021-10-27,false,false,252
2022-06-10,25.139999389648438,34.75,2022-04-08,21.760000228881836,2021-10-27,false,false,252
2022-06-13,25.1299991607666,34.75,2022-04-08,21.760000228881836,2021-10-27,false,false,252
2022-06-14,25.3700008392334,34.75,2022-04-08,21.760000228881836,2021-10-27,false,false,252
2022-06-15,26.420000076293945,34.75,2022-04-08,21.760000228881836,2021-10-27,false,false,252
2022-06-16,26.450000762939453,34.75,2022-04-08,21.760000228881836,2021-10-27,false,false,252
2022-06-17,24.940000534057617,34.75,2022-04-08,21.760000228881836,2021-10-27,false,false,252
2022-06-21,25.969999313354492,34.75,2022-04-08,21.760000228881836,2021-10-27,false,false,251
2022-06-22,25.43000030517578,34.75,2022-04-08,21.760000228881836,2021-10-27,false,false,251
2022-06-23,25.170000076293945,34.75,2022-04-08,21.760000228881836,2021-10-27,false,false,251
2022-06-24,25.739999771118164,34.75,2022-04-08,21.760000228881836,2021-10-27,false,false,251
2022-06-27,25.860000610351562,34.75,2022-04-08,21.760000228881836,2021-10-27,false,false,251
2022-06-28,25.459999084472656,34.75,2022-04-08,21.760000228881836,2021-10-27,false,false,251
2022-06-29,25.6200008392334,34.75,2022-04-08,21.760000228881836,2021-10-27,false,false,251
2022-06-30,25.31999969482422,34.75,2022-04-08,21.760000228881836,2021-10-27,false,false,251
2022-07-01,25.719999313354492,34.75,2022-04-08,21.760000228881836,2021-10-27,false,false,251
2022-07-05,25.420000076293945,34.75,2022-04-08,21.760000228881836,2021-10-27,false,false,251
2022-07-06,26.139999389648438,34.75,2022-04-08,21.760000228881836,2021-10-27,false,false,251
2022-07-07,27.09000015258789,34.75,2022-04-08,21.760000228881836,2021-10-27,false,false,251
2022-07-08,26.93000030517578,34.75,2022-04-08,21.760000228881836,2021-10-27,false,false,251
2022-07-11,26.510000228881836,34.75,2022-04-08,21.760000228881836,2021-10-27,false,false,251
2022-07-12,26.530000686645508,34.75,2022-04-08,21.760000228881836,2021-10-27,false,false,251
2022-07-13,26.920000076293945,34.75,2022-04-08,21.760000228881836,2021-10-27,false,false,251
2022-07-14,26.760000228881836,34.75,2022-04-08,21.760000228881836,2021-10-27,false,false,251
2022-07-15,27.440000534057617,34.75,2022-04-08,21.760000228881836,2021-10-27,false,false,251
2022-07-18,27.209999084472656,34.75,2022-04-08,21.760000228881836,2021-10-27,false,false,251
2022-07-19,27.190000534057617,34.75,2022-04-08,21.760000228881836,2021-10-27,false,false,251
2022-07-20,27.18000030517578,34.75,2022-04-08,21.760000228881836,2021-10-27,false,false,251
2022-07-21,27.06999969482422,34.75,2022-04-08,21.760000228881836,2021-10-27,false,false,251
2022-07-22,27.610000610351562,34.75,2022-04-08,21.760000228881836,2021-10-27,false,false,251
2022-07-25,27.299999237060547,34.75,2022-04-08,21.760000228881836,2021-10-27,false,false,251
2022-07-26,26.959999084472656,34.75,2022-04-08,21.760000228881836,2021-10-27,false,false,251
2022-07-27,27.350000381469727,34.75,2022-04-08,21.760000228881836,2021-10-27,false,false,251
2022-07-28,27.459999084472656,34.75,2022-04-08,21.760000228881836,2021-10-27,false,false,251
2022-07-29,27.639999389648438,34.75,2022-04-08,21.760000228881836,2021-10-27,false,false,251
2022-08-01,27.549999237060547,34.75,2022-04-08,21.760000228881836,2021-10-27,false,false,251
2022-08-02,27,34.75,2022-04-08,21.760000228881836,2021-10-27,false,false,251
2022-08-03,27.170000076293945,34.75,2022-04-08,21.760000228881836,2021-10-27,false,false,251
2022-08-04,30.829999923706055,34.75,2022-04-08,21.760000228881836,2021-10-27,false,false,251
2022-08-05,30.280000686645508,34.75,2022-04-08,21.760000228881836,2021-10-27,false,false,251
2022-08-08,30.06999969482422,34.75,2022-04-08,21.760000228881836,2021-10-27,false,false,251
2022-08-09,29.81999969482422,34.75,2022-04-08,21.760000228881836,2021-10-27,false,false,251
2022-08-10,30.1200008392334,34.75,2022-04-08,21.760000228881836,2021-10-27,false,false,251
2022-08-11,29.100000381469727,34.75,2022-04-08,21.760000228881836,2021-10-27,false,false,251
2022-08-12,29.190000534057617,34.75,2022-04-08,21.760000228881836,2021-10-27,false,false,251
2022-08-15,29.690000534057617,34.75,2022-04-08,21.760000228881836,2021-10-27,false,false,251
2022-08-16,30.579999923706055,34.75,2022-04-08,21.760000228881836,2021-10-27,false,false,251
2022-08-17,30.329999923706055,34.75,2022-04-08,21.760000228881836,2021-10-27,false,false,251
2022-08-18,31.190000534057617,34.75,2022-04-08,21.760000228881836,2021-10-27,false,false,251
2022-08-19,31.299999237060547,34.75,2022-04-08,21.760000228881836,2021-10-27,false,false,251
2022-08-22,31.530000686645508,34.75,2022-04-08,21.760000228881836,2021-10-27,false,false,251
2022-08-23,30.360000610351562,34.75,2022-04-08,21.760000228881836,2021-10-27,false,false,251
2022-08-24,30.450000762939453,34.75,2022-04-08,21.760000228881836,2021-10-27,false,false,251
2022-08-25,30.239999771118164,34.75,2022-04-08,21.760000228881836,2021-10-27,false,false,251
2022-08-26,29.690000534057617,34.75,2022-04-08,21.760000228881836,2021-10-27,false,false,251
2022-08-29,29.450000762939453,34.75,2022-04-08,21.760000228881836,2021-10-27,false,false,251
2022-08-30,28.75,34.75,2022-04-08,21.760000228881836,2021-10-27,false,false,251
2022-08-31,28.899999618530273,34.75,2022-04-08,21.760000228881836,2021-10-27,false,false,251
2022-09-01,29.079999923706055,34.75,2022-04-08,21.760000228881836,2021-10-27,false,false,251
2022-09-02,28.729999542236328,34.75,2022-04-08,21.760000228881836,2021-10-27,false,false,251
2022-09-06,29.239999771118164,34.75,2022-04-08,21.760000228881836,2021-10-27,false,false,251
2022-09-07,29.729999542236328,34.75,2022-04-08,21.760000228881836,2021-10-27,false,false,251
2022-09-08,29.510000228881836,34.75,2022-04-08,21.760000228881836,2021-10-27,false,false,251
2022-09-09,30.6299991607666,34.75,2022-04-08,21.760000228881836,2021-10-27,false,false,251
2022-09-12,30.190000534057617,34.75,2022-04-08,21.760000228881836,2021-10-27,false,false,251
2022-09-13,28.760000228881836,34.75,2022-04-08,21.760000228881836,2021-10-27,false,false,251
2022-09-14,28.389999389648438,34.75,2022-04-08,21.760000228881836,2021-10-27,false,false,251
2022-09-15,27.639999389648438,34.75,2022-04-08,21.760000228881836,2021-10-27,false,false,251
2022-09-16,27.860000610351562,34.75,2022-04-08,21.760000228881836,2021-10-27,false,false,251
2022-09-19,27.770000457763672,34.75,2022-04-08,21.760000228881836,2021-10-27,false,false,251
2022-09-20,27.360000610351562,34.75,2022-04-08,21.760000228881836,2021-10-27,false,false,251
2022-09-21,27.239999771118164,34.75,2022-04-08,21.760000228881836,2021-10-27,false,false,251
2022-09-22,27.440000534057617,34.75,2022-04-08,21.760000228881836,2021-10-27,false,false,251
2022-09-23,27.770000457763672,34.75,2022-04-08,21.760000228881836,2021-10-27,false,false,251
2022-09-26,27.110000610351562,34.75,2022-04-08,21.760000228881836,2021-10-27,false,false,251
2022-09-27,27.06999969482422,34.75,2022-04-08,21.760000228881836,2021-10-27,false,false,251
2022-09-28,28.579999923706055,34.75,2022-04-08,21.760000228881836,2021-10-27,false,false,251
2022-09-29,28.030000686645508,34.75,2022-04-08,21.760000228881836,2021-10-27,false,false,251
2022-09-30,27.75,34.75,2022-04-08,21.760000228881836,2021-10-27,false,false,251
2022-10-03,27.75,34.75,2022-04-08,21.760000228881836,2021-10-27,false,false,251
2022-10-04,28.1299991607666,34.75,2022-04-08,21.760000228881836,2021-10-27,false,false,251
2022-10-05,27.09000015258789,34.75,2022-04-08,21.760000228881836,2021-10-27,false,false,251
2022-10-06,27.049999237060547,34.75,2022-04-08,21.760000228881836,2021-10-27,false,false,251
2022-10-07,26.709999084472656,34.75,2022-04-08,21.760000228881836,2021-10-27,false,false,251
2022-10-10,27.700000762939453,34.75,2022-04-08,21.760000228881836,2021-10-27,false,false,251
2022-10-11,28.299999237060547,34.75,2022-04-08,21.760000228881836,2021-10-27,false,false,251
2022-10-12,27.540000915527344,34.75,2022-04-08,21.760000228881836,2021-10-27,false,false,251
2022-10-13,28.760000228881836,34.75,2022-04-08,21.760000228881836,2021-10-27,false,false,251
2022-10-14,26.969999313354492,34.75,2022-04-08,21.760000228881836,2021-10-27,false,false,251
2022-10-17,27.850000381469727,34.75,2022-04-08,21.760000228881836,2021-10-27,false,false,251
2022-10-18,27.90999984741211,34.75,2022-04-08,21.760000228881836,2021-10-27,false,false,251
2022-10-19,27.959999084472656,34.75,2022-04-08,21.760000228881836,2021-10-27,false,false,251
2022-10-20,26.360000610351562,34.75,2022-04-08,21.760000228881836,2021-10-27,false,false,251
2022-10-21,27.170000076293945,34.75,2022-04-08,21.760000228881836,2021-10-27,false,false,251
2022-10-24,26.989999771118164,34.75,2022-04-08,21.760000228881836,2021-10-27,false,false,251
2022-10-25,27.5,34.75,2022-04-08,21.760000228881836,2021-10-27,false,false,251
2022-10-26,28.459999084472656,34.75,2022-04-08,21.760000228881836,2021-10-27,false,false,251
2022-10-27,28.549999237060547,34.75,2022-04-08,21.760000228881836,2021-10-27,false,false,251
2022-10-28,29.709999084472656,34.75,2022-04-08,22.139999389648438,2021-10-29,false,false,251
2022-10-31,29.5,34.75,2022-04-08,22.139999389648438,2021-10-29,false,false,251
2022-11-01,28.729999542236328,34.75,2022-04-08,22.200000762939453,2021-11-02,false,false,251
2022-11-02,28.790000915527344,34.75,2022-04-08,22.200000762939453,2021-11-02,false,false,251
2022-11-03,29.010000228881836,34.75,2022-04-08,22.979999542236328,2022-05-18,false,false,251
2022-11-04,28.8700008392334,34.75,2022-04-08,22.979999542236328,2022-05-18,false,false,251
2022-11-07,28.829999923706055,34.75,2022-04-08,22.979999542236328,2022-05-18,false,false,251
2022-11-08,28.670000076293945,34.75,2022-04-08,22.979999542236328,2022-05-18,false,false,251
2022-11-09,32.15999984741211,34.75,2022-04-08,22.979999542236328,2022-05-18,false,false,251
2022-11-10,33.54999923706055,34.75,2022-04-08,22.979999542236328,2022-05-18,false,false,251
2022-11-11,33.099998474121094,34.75,2022-04-08,22.979999542236328,2022-05-18,false,false,251
2022-11-14,33.630001068115234,34.75,2022-04-08,22.979999542236328,2022-05-18,false,false,251
2022-11-15,33.45000076293945,34.75,2022-04-08,22.979999542236328,2022-05-18,false,false,251
2022-11-16,33.84000015258789,34.75,2022-04-08,22.979999542236328,2022-05-18,false,false,251
2022-11-17,32.58000183105469,34.75,2022-04-08,22.979999542236328,2022-05-18,false,false,251
2022-11-18,32.86000061035156,34.75,2022-04-08,22.979999542236328,2022-05-18,false,false,251
2022-11-21,32.630001068115234,34.75,2022-04-08,22.979999542236328,2022-05-18,false,false,251
2022-11-22,33.02000045776367,34.75,2022-04-08,22.979999542236328,2022-05-18,false,false,251
2022-11-23,32.779998779296875,34.75,2022-04-08,22.979999542236328,2022-05-18,false,false,251
2022-11-25,33.38999938964844,34.75,2022-04-08,22.979999542236328,2022-05-18,false,false,251
2022-11-28,33.83000183105469,34.75,2022-04-08,22.979999542236328,2022-05-18,false,false,251
2022-11-29,33.5099983215332,34.75,2022-04-08,22.979999542236328,2022-05-18,false,false,251
2022-11-30,34.33000183105469,34.75,2022-04-08,22.979999542236328,2022-05-18,false,false,251
